START
0.00, -0.33, 23.41, -7.62, 1, 19, 512
-0.00, -0.33, 23.41, -7.62, 1, 145, 7428
-0.00, -0.33, 23.41, -7.62, 1, 84, 19248
0.00, -0.33, 23.41, -7.62, 1, 84, 31076
0.00, -1.95, 23.55, -45.99, 1, 84, 42920
0.00, -0.33, 23.41, -7.62, 1, 84, 54732
0.00, -0.33, 23.41, -7.62, 1, 84, 66568
0.00, -0.33, 23.41, -7.62, 1, 84, 78388
0.00, -0.33, 23.41, -7.62, 1, 84, 90224
0.00, -0.65, 23.47, -15.28, 1, 84, 102044
-0.00, -0.33, 23.41, -7.62, 1, 84, 113880
-0.00, -0.33, 23.41, -7.62, 1, 84, 125696
-0.00, -0.33, 23.41, -7.62, 1, 84, 137536
0.00, -0.33, 23.41, -7.62, 1, 84, 149348
0.00, -0.33, 23.41, -7.62, 1, 84, 161176
0.00, -0.33, 23.41, -7.62, 1, 84, 173008
0.00, -0.33, 23.41, -7.62, 1, 84, 184828
-0.00, -0.33, 23.41, -7.62, 1, 84, 196660
-0.00, -0.33, 23.41, -7.62, 1, 84, 208484
0.00, -0.33, 23.41, -7.62, 2, 84, 220316
-0.00, -0.33, 23.41, -7.62, 2, 84, 232140
0.00, -0.33, 23.41, -7.62, 2, 84, 243964
0.00, -0.33, 23.41, -7.62, 2, 84, 255796
0.00, -0.33, 23.41, -7.62, 2, 84, 267624
0.00, -0.33, 23.41, -7.62, 2, 84, 279448
0.00, -0.33, 23.41, -7.62, 2, 84, 291280
-0.00, -1.30, 23.52, -30.62, 2, 84, 303116
-0.00, -0.33, 23.41, -7.62, 2, 84, 314936
-0.00, -0.33, 23.41, -7.62, 2, 84, 326768
0.00, -0.33, 23.41, -7.62, 2, 84, 338592
0.00, -0.33, 23.41, -7.62, 2, 84, 350424
0.00, -0.65, 23.52, -15.31, 2, 84, 362240
0.00, -0.33, 23.41, -7.62, 2, 84, 374072
0.00, -0.33, 23.41, -7.62, 2, 84, 385896
-0.00, -0.33, 23.41, -7.62, 2, 84, 397720
-0.00, -0.33, 23.41, -7.62, 2, 84, 409552
-0.00, -0.33, 23.41, -7.62, 3, 84, 421372
0.00, -0.33, 23.41, -7.62, 3, 84, 433208
0.00, -0.33, 23.41, -7.62, 3, 84, 445032
-0.00, -0.33, 23.41, -7.62, 3, 84, 456868
0.00, -0.33, 23.41, -7.62, 3, 84, 468688
0.00, -0.33, 23.41, -7.62, 3, 84, 480524
0.00, -0.33, 23.41, -7.62, 3, 84, 492344
0.00, -0.33, 23.41, -7.62, 3, 84, 504172
0.00, -0.33, 23.41, -7.62, 3, 84, 515996
0.00, -0.33, 23.41, -7.62, 3, 84, 527828
-0.00, -0.33, 23.41, -7.62, 3, 84, 539660
-0.00, -0.33, 23.41, -7.62, 3, 84, 551480
0.00, -1.30, 23.47, -30.55, 3, 84, 563312
-0.00, -0.33, 23.41, -7.62, 3, 84, 575132
0.00, -0.33, 23.41, -7.62, 3, 84, 586964
0.00, -0.33, 23.41, -7.62, 3, 84, 598784
-0.00, -0.33, 23.41, -7.62, 3, 84, 610616
0.00, -0.98, 23.52, -22.97, 4, 84, 622432
0.00, -0.33, 23.41, -7.62, 4, 84, 634260
0.00, -0.33, 23.41, -7.62, 4, 84, 646092
0.00, -0.33, 23.41, -7.62, 4, 84, 657912
0.00, -0.33, 23.41, -7.62, 4, 84, 669744
0.00, -0.00, 23.41, -0.00, 4, 85, 681564
0.00, -0.00, 23.41, -0.00, 4, 84, 693396
0.00, -0.00, 23.30, -0.00, 4, 84, 705216
0.01, 0.33, 23.41, 7.62, 4, 84, 717052
0.01, 0.65, 23.12, 15.05, 4, 84, 728872
0.01, 0.65, 23.41, 15.24, 4, 84, 740700
0.02, 0.98, 23.12, 22.57, 4, 84, 752524
0.03, 0.98, 23.41, 22.86, 4, 84, 764356
0.03, 0.98, 23.38, 22.84, 4, 84, 776188
0.04, 0.98, 23.41, 22.86, 4, 84, 788012
0.04, 0.98, 23.41, 22.86, 4, 84, 799840
0.04, 0.98, 23.41, 22.86, 4, 84, 811664
0.04, 0.33, 23.47, 7.64, 5, 84, 823500
0.04, 0.65, 23.41, 15.24, 5, 85, 835324
0.05, 0.65, 23.41, 15.24, 5, 84, 847156
0.05, 0.65, 23.33, 15.19, 5, 84, 858980
0.05, 0.65, 23.38, 15.22, 5, 84, 870812
0.05, -0.33, 23.57, -7.67, 5, 84, 882640
0.06, 0.65, 23.41, 15.24, 5, 84, 894464
0.06, 0.65, 23.41, 15.24, 5, 84, 906296
0.06, 0.65, 23.41, 15.24, 5, 84, 918120
0.06, 0.33, 23.41, 7.62, 5, 84, 929952
0.06, 0.33, 23.41, 7.62, 5, 84, 941772
0.06, 0.33, 23.41, 7.62, 5, 84, 953608
0.06, 0.33, 23.41, 7.62, 5, 84, 965428
0.06, 0.33, 23.36, 7.60, 5, 84, 977256
0.06, 0.33, 23.41, 7.62, 5, 84, 989084
0.06, 0.33, 23.41, 7.62, 5, 84, 1000908
0.07, 0.33, 23.41, 7.62, 5, 84, 1012744
0.07, 0.33, 23.41, 7.62, 6, 84, 1024560
0.07, 0.33, 23.41, 7.62, 6, 84, 1036392
0.07, 0.33, 23.38, 7.61, 6, 84, 1048212
0.07, 0.33, 23.36, 7.60, 6, 84, 1060044
0.07, 0.33, 23.41, 7.62, 6, 84, 1071864
0.07, -0.00, 23.44, -0.00, 6, 84, 1083696
0.07, 0.33, 23.41, 7.62, 6, 84, 1095516
0.07, 0.33, 23.41, 7.62, 6, 84, 1107344
0.07, 0.33, 23.41, 7.62, 6, 84, 1119176
0.08, 0.33, 23.41, 7.62, 6, 84, 1130996
0.08, -1.30, 23.60, -30.73, 6, 84, 1142840
0.07, 0.33, 23.41, 7.62, 6, 85, 1154644
0.08, 0.33, 23.41, 7.62, 6, 84, 1166480
0.08, 0.33, 23.41, 7.62, 6, 84, 1178296
0.08, 0.33, 23.41, 7.62, 6, 84, 1190128
0.08, 0.33, 23.41, 7.62, 6, 84, 1201948
0.08, 0.33, 23.41, 7.62, 6, 84, 1213776
0.08, 0.33, 23.41, 7.62, 7, 84, 1225600
0.08, 0.33, 23.41, 7.62, 7, 84, 1237428
0.08, 0.33, 23.41, 7.62, 7, 84, 1249260
0.08, 0.33, 23.41, 7.62, 7, 84, 1261080
0.09, 0.33, 23.38, 7.61, 7, 84, 1272912
0.09, 0.33, 23.36, 7.60, 7, 84, 1284732
0.09, 0.33, 23.41, 7.62, 7, 84, 1296568
0.09, 0.33, 23.38, 7.61, 7, 84, 1308384
0.09, 0.33, 23.41, 7.62, 7, 84, 1320216
0.10, 0.33, 23.41, 7.62, 7, 84, 1332036
0.09, -0.00, 23.41, -0.00, 7, 84, 1343864
0.09, 0.33, 23.41, 7.62, 7, 84, 1355700
0.09, 0.33, 23.41, 7.62, 7, 84, 1367520
0.10, 0.33, 23.41, 7.62, 7, 84, 1379356
0.10, 0.33, 23.41, 7.62, 7, 84, 1391180
0.10, -1.30, 23.57, -30.69, 7, 84, 1403028
0.11, 0.33, 23.41, 7.62, 7, 85, 1414832
0.11, 0.33, 23.41, 7.62, 8, 84, 1426664
0.11, 0.33, 23.41, 7.62, 8, 84, 1438484
0.10, 0.33, 23.38, 7.61, 8, 84, 1450312
0.10, 0.33, 23.47, 7.64, 8, 84, 1462136
0.10, 0.33, 23.41, 7.62, 8, 84, 1473964
0.10, 0.33, 23.30, 7.59, 8, 84, 1485792
0.10, 0.33, 23.41, 7.62, 8, 84, 1497616
0.11, 0.33, 23.41, 7.62, 8, 84, 1509444
0.12, 0.33, 23.33, 7.59, 8, 84, 1521268
0.11, 0.33, 23.36, 7.60, 8, 84, 1533100
0.11, 0.33, 23.41, 7.62, 8, 84, 1544916
0.12, 0.33, 23.41, 7.62, 8, 84, 1556748
0.13, 0.33, 23.41, 7.62, 8, 84, 1568568
0.12, 0.33, 23.41, 7.62, 8, 84, 1580396
0.12, 0.33, 23.41, 7.62, 8, 84, 1592220
0.13, 0.33, 23.33, 7.59, 8, 84, 1604068
0.13, 0.33, 23.41, 7.62, 8, 84, 1615884
0.12, 0.33, 23.41, 7.62, 9, 84, 1627708
0.11, 0.33, 23.41, 7.62, 9, 84, 1639536
0.13, 0.33, 23.41, 7.62, 9, 84, 1651360
0.13, -0.98, 23.57, -23.02, 9, 84, 1663204
0.12, 0.65, 23.41, 15.24, 9, 84, 1675008
0.13, 0.65, 23.41, 15.24, 9, 84, 1686840
0.15, 0.65, 23.41, 15.24, 9, 84, 1698660
0.14, 0.65, 23.25, 15.14, 9, 84, 1710484
0.13, 0.33, 23.44, 7.63, 9, 84, 1722320
0.14, 0.65, 23.36, 15.21, 9, 84, 1734140
0.13, 0.65, 23.30, 15.17, 9, 84, 1745972
0.13, 0.65, 23.41, 15.24, 9, 84, 1757792
0.14, 0.65, 23.41, 15.24, 9, 84, 1769624
0.16, 0.65, 23.41, 15.24, 9, 84, 1781444
0.15, 0.65, 23.41, 15.24, 9, 84, 1793280
0.14, 0.65, 23.41, 15.24, 9, 84, 1805104
0.15, 0.65, 23.41, 15.24, 9, 84, 1816932
0.15, 0.65, 23.41, 15.24, 10, 84, 1828756
0.14, 0.65, 23.38, 15.22, 10, 84, 1840584
0.15, 0.65, 23.41, 15.24, 10, 84, 1852420
0.16, 0.65, 23.41, 15.24, 10, 84, 1864260
0.15, 0.65, 23.28, 15.15, 10, 84, 1876072
0.16, 0.65, 23.33, 15.19, 10, 84, 1887896
0.17, 0.65, 23.36, 15.21, 10, 84, 1899728
0.17, 0.65, 23.41, 15.24, 10, 84, 1911548
0.15, -0.33, 23.49, -7.65, 10, 84, 1923384
0.16, 0.65, 23.41, 15.24, 10, 85, 1935200
0.16, 0.65, 23.41, 15.24, 10, 84, 1947028
0.16, 0.65, 23.41, 15.24, 10, 84, 1958860
0.17, 0.65, 23.38, 15.22, 10, 84, 1970680
0.18, 0.33, 23.44, 7.63, 10, 84, 1982512
0.17, 0.65, 23.41, 15.24, 10, 84, 1994332
0.17, 0.65, 23.41, 15.24, 10, 84, 2006164
0.18, 0.65, 23.41, 15.24, 10, 84, 2017984
0.17, 0.65, 23.38, 15.22, 11, 84, 2029812
0.17, 0.65, 23.30, 15.17, 11, 84, 2041636
0.18, 0.65, 23.38, 15.22, 11, 84, 2053464
0.17, 0.65, 23.41, 15.24, 11, 84, 2065288
0.18, 0.65, 23.41, 15.24, 11, 84, 2077112
0.19, 0.65, 23.41, 15.24, 11, 84, 2088948
0.18, 0.65, 23.38, 15.22, 11, 84, 2100768
0.18, 0.65, 23.38, 15.22, 11, 84, 2112604
0.19, 0.65, 23.36, 15.21, 11, 84, 2124444
0.18, 0.65, 23.41, 15.24, 11, 84, 2136256
0.19, 0.65, 23.41, 15.24, 11, 84, 2148080
0.20, 0.65, 23.36, 15.21, 11, 84, 2159908
0.19, 0.65, 23.41, 15.24, 11, 84, 2171732
0.19, -0.00, 23.52, -0.00, 11, 84, 2183556
0.21, 0.98, 23.41, 22.86, 11, 84, 2195392
0.20, 0.98, 23.28, 22.73, 11, 84, 2207208
0.20, 0.98, 23.28, 22.73, 11, 84, 2219044
0.20, 0.98, 23.41, 22.86, 12, 84, 2230860
0.19, -0.00, 23.52, -0.00, 12, 84, 2242696
0.20, 0.98, 23.41, 22.86, 12, 84, 2254516
0.21, 0.98, 23.22, 22.68, 12, 84, 2266348
0.20, 0.98, 23.41, 22.86, 12, 84, 2278172
0.22, 0.98, 23.41, 22.86, 12, 84, 2290000
0.22, 0.98, 23.41, 22.86, 12, 84, 2301832
0.21, 0.98, 23.36, 22.81, 12, 84, 2313660
0.22, 0.98, 23.36, 22.81, 12, 84, 2325496
0.21, 0.98, 23.41, 22.86, 12, 84, 2337312
0.21, 0.98, 23.41, 22.86, 12, 84, 2349144
0.22, 0.98, 23.41, 22.86, 12, 84, 2360972
0.21, 0.98, 23.25, 22.71, 12, 84, 2372804
0.22, 0.98, 23.41, 22.86, 12, 84, 2384620
0.23, 0.98, 23.41, 22.86, 12, 84, 2396456
0.22, 0.98, 23.38, 22.84, 12, 84, 2408280
0.23, 0.98, 23.36, 22.81, 12, 84, 2420112
0.23, 0.98, 23.41, 22.86, 13, 84, 2431944
0.22, -0.00, 23.47, -0.00, 13, 84, 2443764
0.23, 0.98, 23.36, 22.81, 13, 84, 2455596
0.23, 0.98, 23.41, 22.86, 13, 84, 2467416
0.23, 0.98, 23.41, 22.86, 13, 84, 2479252
0.24, 0.98, 23.33, 22.78, 13, 84, 2491072
0.24, -0.00, 23.55, -0.00, 13, 84, 2502904
0.24, 0.98, 23.41, 22.86, 13, 84, 2514724
0.25, 0.98, 23.38, 22.84, 13, 84, 2526552
0.23, 0.98, 23.41, 22.86, 13, 84, 2538376
0.24, 0.98, 23.41, 22.86, 13, 84, 2550204
0.24, 0.98, 23.41, 22.86, 13, 84, 2562036
0.24, 0.98, 23.41, 22.86, 13, 85, 2573856
0.25, 0.98, 23.41, 22.86, 13, 84, 2585688
0.24, 0.98, 23.41, 22.86, 13, 84, 2597508
0.25, 0.98, 23.30, 22.76, 13, 84, 2609340
0.26, 0.98, 23.41, 22.86, 13, 84, 2621160
0.25, 0.98, 23.41, 22.86, 14, 84, 2632992
0.26, 0.98, 23.38, 22.84, 14, 84, 2644812
0.25, 0.98, 23.41, 22.86, 14, 84, 2656640
0.25, 1.30, 23.41, 30.48, 14, 84, 2668476
0.26, 0.98, 23.33, 22.78, 14, 84, 2680296
0.26, 1.30, 23.41, 30.48, 14, 84, 2692132
0.26, 0.65, 23.47, 15.28, 14, 84, 2703952
0.26, 1.30, 23.22, 30.24, 14, 84, 2715788
0.27, 1.30, 23.41, 30.48, 14, 84, 2727608
0.27, 1.30, 23.41, 30.48, 14, 84, 2739440
0.27, 1.30, 23.41, 30.48, 14, 84, 2751264
0.27, -0.00, 23.60, -0.00, 14, 84, 2763104
0.27, 1.30, 23.38, 30.45, 14, 84, 2774916
0.27, 1.30, 23.41, 30.48, 14, 84, 2786740
0.27, 1.30, 23.41, 30.48, 14, 84, 2798576
0.27, 1.30, 23.25, 30.27, 14, 84, 2810396
0.28, 1.30, 23.41, 30.48, 14, 84, 2822228
0.28, 1.30, 23.41, 30.48, 15, 84, 2834052
0.28, 1.30, 23.28, 30.31, 15, 84, 2845884
0.28, 1.30, 23.41, 30.48, 15, 84, 2857704
0.28, 1.30, 23.36, 30.41, 15, 84, 2869536
0.28, 1.30, 23.41, 30.48, 15, 84, 2881356
0.28, 1.30, 23.41, 30.48, 15, 84, 2893184
0.29, 1.30, 23.22, 30.24, 15, 84, 2905020
0.29, 1.30, 23.41, 30.48, 15, 84, 2916840
0.29, 1.30, 23.36, 30.41, 15, 84, 2928672
0.30, 1.30, 23.41, 30.48, 15, 84, 2940492
0.29, 1.30, 23.41, 30.48, 15, 84, 2952324
0.30, 0.98, 23.33, 22.78, 15, 84, 2964144
0.29, 1.30, 23.41, 30.48, 15, 84, 2975980
0.30, 1.30, 23.30, 30.34, 15, 84, 2987800
0.30, 1.30, 23.41, 30.48, 15, 84, 2999628
0.30, 1.30, 23.36, 30.41, 15, 84, 3011456
0.31, -0.00, 23.55, -0.00, 15, 84, 3023296
0.30, 1.30, 23.41, 30.48, 16, 84, 3035116
0.31, 1.30, 23.41, 30.48, 16, 84, 3046936
0.30, 1.30, 23.41, 30.48, 16, 84, 3058772
0.31, 1.30, 23.33, 30.38, 16, 84, 3070592
0.31, 1.30, 23.47, 30.55, 16, 84, 3082424
0.31, 1.30, 23.38, 30.45, 16, 84, 3094248
0.32, 1.63, 23.41, 38.11, 16, 84, 3106080
0.31, 1.30, 23.38, 30.45, 16, 84, 3117904
0.32, 1.63, 23.36, 38.02, 16, 84, 3129732
0.32, 1.30, 23.41, 30.48, 16, 84, 3141564
0.32, 1.63, 23.30, 37.93, 16, 84, 3153388
0.32, 1.63, 23.41, 38.11, 16, 84, 3165220
0.32, 1.63, 23.33, 37.97, 16, 84, 3177036
0.33, 1.63, 23.41, 38.11, 16, 84, 3188868
0.32, 1.63, 23.25, 37.84, 16, 84, 3200688
0.34, 1.63, 23.41, 38.11, 16, 84, 3212524
0.33, 1.63, 23.41, 38.11, 16, 84, 3224360
0.33, 1.63, 23.41, 38.11, 17, 84, 3236172
0.33, 1.63, 23.20, 37.75, 17, 84, 3247996
0.33, 1.63, 23.41, 38.11, 17, 84, 3259824
0.33, 1.63, 23.28, 37.89, 17, 84, 3271656
0.33, -0.00, 23.57, -0.00, 17, 84, 3283492
0.34, 1.63, 23.36, 38.02, 17, 84, 3295308
0.34, 1.63, 23.41, 38.11, 17, 84, 3307132
0.35, 1.63, 23.36, 38.02, 17, 84, 3318964
0.35, 1.63, 23.41, 38.11, 17, 84, 3330788
0.35, 1.30, 23.33, 30.38, 17, 84, 3342616
0.35, 1.63, 23.41, 38.11, 17, 84, 3354440
0.35, 1.63, 23.30, 37.93, 17, 84, 3366264
0.35, 1.63, 23.41, 38.11, 17, 84, 3378092
0.35, 1.63, 23.36, 38.02, 17, 84, 3389920
0.36, 1.63, 23.41, 38.11, 17, 84, 3401748
0.36, 1.63, 23.41, 38.11, 17, 84, 3413568
0.36, 1.63, 23.41, 38.11, 17, 84, 3425400
0.35, 1.63, 23.36, 38.02, 18, 84, 3437224
0.36, 1.63, 23.41, 38.11, 18, 84, 3449052
0.36, 1.63, 23.41, 38.11, 18, 84, 3460872
0.37, 1.63, 23.38, 38.06, 18, 84, 3472708
0.36, 1.63, 23.38, 38.06, 18, 84, 3484544
0.37, 1.63, 23.20, 37.75, 18, 84, 3496356
0.37, 1.95, 23.41, 45.73, 18, 84, 3508184
0.37, 1.63, 23.36, 38.02, 18, 84, 3520004
0.37, 1.63, 23.41, 38.11, 18, 84, 3531840
0.38, 0.33, 23.44, 7.63, 18, 84, 3543656
0.38, 1.95, 23.41, 45.73, 18, 84, 3555488
0.37, 1.95, 23.38, 45.67, 18, 84, 3567308
0.38, 1.95, 23.36, 45.62, 18, 84, 3579140
0.38, 1.95, 23.41, 45.73, 18, 84, 3590964
0.39, 1.63, 23.36, 38.02, 18, 84, 3602792
0.38, 1.95, 23.41, 45.73, 18, 84, 3614620
0.39, 1.95, 23.38, 45.67, 18, 84, 3626444
0.38, 1.95, 23.41, 45.73, 19, 84, 3638280
0.39, 1.95, 23.41, 45.73, 19, 84, 3650100
0.39, 1.95, 23.38, 45.67, 19, 84, 3661936
0.39, 1.95, 23.38, 45.67, 19, 84, 3673756
0.39, 1.95, 23.17, 45.25, 19, 84, 3685592
0.40, 1.95, 23.41, 45.73, 19, 84, 3697408
0.40, 1.95, 23.25, 45.41, 19, 84, 3709244
0.40, 1.95, 23.36, 45.62, 19, 84, 3721064
0.40, 1.95, 23.41, 45.73, 19, 84, 3732892
0.41, 1.95, 23.41, 45.73, 19, 84, 3744748
0.41, 1.95, 23.41, 45.73, 19, 85, 3756548
0.41, 1.95, 23.25, 45.41, 19, 84, 3768380
0.41, 1.95, 23.41, 45.73, 19, 84, 3780204
0.41, 1.95, 23.38, 45.67, 19, 84, 3792032
0.41, 1.30, 23.44, 30.52, 19, 84, 3803856
0.41, 1.95, 23.41, 45.73, 19, 85, 3815688
0.42, 1.95, 23.38, 45.67, 19, 84, 3827508
0.42, 1.95, 23.38, 45.67, 20, 84, 3839332
0.42, 1.95, 23.41, 45.73, 20, 84, 3851160
0.42, 1.30, 23.47, 30.55, 20, 84, 3862984
0.43, 1.95, 23.41, 45.73, 20, 84, 3874820
0.43, 2.28, 23.41, 53.35, 20, 84, 3886640
0.43, 2.28, 23.25, 52.98, 20, 84, 3898472
0.43, 2.28, 23.41, 53.35, 20, 84, 3910292
0.43, 2.28, 23.38, 53.29, 20, 84, 3922128
0.43, 2.28, 23.25, 52.98, 20, 84, 3933948
0.44, 2.28, 23.41, 53.35, 20, 84, 3945784
0.44, 2.28, 23.41, 53.35, 20, 84, 3957608
0.44, 2.28, 23.17, 52.79, 20, 84, 3969436
0.44, 2.28, 23.41, 53.35, 20, 84, 3981272
0.45, 2.28, 23.38, 53.29, 20, 84, 3993088
0.45, 2.28, 23.41, 53.35, 20, 84, 4004936
0.45, 2.28, 23.41, 53.35, 20, 84, 4016744
0.45, 2.28, 23.33, 53.16, 20, 84, 4028580
0.45, 2.28, 23.36, 53.22, 21, 84, 4040404
0.45, 2.28, 23.41, 53.35, 21, 84, 4052236
0.45, 1.30, 23.33, 30.38, 21, 84, 4064056
0.45, 2.28, 23.36, 53.22, 21, 84, 4075888
0.46, 2.28, 23.41, 53.35, 21, 84, 4087716
0.45, 2.28, 23.36, 53.22, 21, 84, 4099540
0.45, 2.28, 23.38, 53.29, 21, 84, 4111376
0.46, 1.63, 23.55, 38.32, 21, 84, 4123200
0.46, 2.28, 23.28, 53.04, 21, 84, 4135028
0.46, 2.28, 23.38, 53.29, 21, 84, 4146848
0.47, 2.28, 23.41, 53.35, 21, 84, 4158684
0.47, 2.28, 23.36, 53.22, 21, 84, 4170504
0.47, 2.28, 23.38, 53.29, 21, 84, 4182340
0.47, 2.28, 23.41, 53.35, 21, 85, 4194160
0.47, 2.28, 23.41, 53.35, 21, 84, 4205988
0.47, 2.28, 23.25, 52.98, 21, 84, 4217824
0.48, 2.28, 23.41, 53.35, 21, 84, 4229644
0.47, 2.28, 23.38, 53.29, 22, 84, 4241476
0.48, 2.28, 23.22, 52.92, 22, 84, 4253300
0.48, 2.28, 23.38, 53.29, 22, 84, 4265132
0.48, 2.28, 23.38, 53.29, 22, 84, 4276956
0.48, 2.28, 23.17, 52.79, 22, 84, 4288788
0.48, 2.28, 23.38, 53.29, 22, 84, 4300612
0.48, 2.28, 23.38, 53.29, 22, 84, 4312444
0.47, 1.95, 23.38, 45.67, 22, 84, 4324268
0.48, 2.28, 23.38, 53.29, 22, 85, 4336096
0.48, 2.28, 23.41, 53.35, 22, 84, 4347932
0.49, 2.28, 23.38, 53.29, 22, 84, 4359752
0.48, 2.28, 23.38, 53.29, 22, 84, 4371588
0.49, 0.98, 23.49, 22.94, 22, 84, 4383424
0.48, 2.28, 23.25, 52.98, 22, 84, 4395244
0.48, 2.28, 23.33, 53.16, 22, 84, 4407064
0.47, 2.28, 23.41, 53.35, 22, 84, 4418892
0.48, 2.28, 23.33, 53.16, 22, 84, 4430724
0.48, 2.28, 23.36, 53.22, 23, 84, 4442552
0.48, 2.28, 23.41, 53.35, 23, 84, 4454384
0.48, 2.28, 23.38, 53.29, 23, 84, 4466204
0.48, 2.28, 23.33, 53.16, 23, 84, 4478032
0.48, 2.28, 23.38, 53.29, 23, 84, 4489856
0.49, 2.28, 23.38, 53.29, 23, 84, 4501688
0.49, 2.28, 23.33, 53.16, 23, 84, 4513508
0.49, 2.28, 23.38, 53.29, 23, 84, 4525340
0.49, 2.28, 23.41, 53.35, 23, 84, 4537160
0.49, 2.60, 23.38, 60.90, 23, 84, 4548988
0.50, 2.28, 23.22, 52.92, 23, 84, 4560812
0.49, 2.60, 23.25, 60.55, 23, 84, 4572640
0.50, 1.95, 23.44, 45.78, 23, 84, 4584476
0.49, 2.60, 23.38, 60.90, 23, 84, 4596292
0.50, 2.60, 23.14, 60.27, 23, 84, 4608124
0.49, 2.28, 23.41, 53.35, 23, 84, 4619944
0.50, 2.60, 23.41, 60.97, 23, 84, 4631776
0.50, 0.98, 23.33, 22.78, 24, 84, 4643616
0.50, 2.60, 23.38, 60.90, 24, 84, 4655432
0.50, 2.60, 23.41, 60.97, 24, 84, 4667252
0.50, 2.60, 23.38, 60.90, 24, 84, 4679080
0.51, 2.60, 23.12, 60.20, 24, 84, 4690912
0.50, 2.60, 23.41, 60.97, 24, 84, 4702732
0.51, 2.60, 23.41, 60.97, 24, 84, 4714568
0.51, 2.60, 23.36, 60.83, 24, 84, 4726384
0.52, 2.60, 23.14, 60.27, 24, 84, 4738220
0.51, 2.60, 23.36, 60.83, 24, 84, 4750040
0.52, 2.60, 23.41, 60.97, 24, 84, 4761872
0.51, 2.60, 23.38, 60.90, 24, 84, 4773692
0.52, 2.60, 23.20, 60.41, 24, 84, 4785520
0.52, 2.60, 23.38, 60.90, 24, 84, 4797348
0.52, 2.60, 23.41, 60.97, 24, 84, 4809172
0.52, 2.60, 23.36, 60.83, 24, 84, 4821008
0.52, 2.60, 23.38, 60.90, 24, 84, 4832824
0.53, 2.28, 23.38, 53.29, 25, 84, 4844660
0.52, 2.60, 23.41, 60.97, 25, 84, 4856480
0.53, 2.60, 23.38, 60.90, 25, 84, 4868308
0.52, 2.60, 23.38, 60.90, 25, 84, 4880128
0.53, 2.60, 23.25, 60.55, 25, 84, 4891960
0.53, 1.30, 23.60, 30.73, 25, 84, 4903796
0.54, 2.93, 23.38, 68.51, 25, 85, 4915612
0.54, 2.93, 23.41, 68.59, 25, 84, 4927448
0.54, 2.93, 23.38, 68.51, 25, 84, 4939268
0.55, 2.93, 23.17, 67.88, 25, 84, 4951100
0.54, 2.60, 23.41, 60.97, 25, 84, 4962920
0.55, 2.93, 23.38, 68.51, 25, 84, 4974752
0.54, 2.93, 23.41, 68.59, 25, 84, 4986572
0.55, 2.93, 23.38, 68.51, 25, 84, 4998404
0.55, 2.93, 23.38, 68.51, 25, 84, 5010228
0.55, 2.93, 23.33, 68.35, 25, 84, 5022056
0.56, 2.93, 23.30, 68.27, 25, 84, 5033884
0.55, 2.93, 23.38, 68.51, 26, 84, 5045708
0.56, 2.93, 23.38, 68.51, 26, 84, 5057544
0.55, 2.93, 23.38, 68.51, 26, 84, 5069360
0.56, 2.93, 23.14, 67.80, 26, 84, 5081192
0.56, 2.93, 23.17, 67.88, 26, 84, 5093016
0.56, 2.93, 23.38, 68.51, 26, 84, 5104868
0.57, 2.93, 23.41, 68.59, 26, 85, 5116672
0.57, 2.93, 23.38, 68.51, 26, 84, 5128504
0.58, 2.93, 23.38, 68.51, 26, 84, 5140324
0.57, 2.93, 23.14, 67.80, 26, 84, 5152152
0.58, 1.63, 23.55, 38.32, 26, 84, 5163988
0.58, 2.93, 23.41, 68.59, 26, 84, 5175812
0.58, 2.93, 23.38, 68.51, 26, 84, 5187648
0.59, 2.93, 23.33, 68.35, 26, 84, 5199468
0.58, 2.93, 23.17, 67.88, 26, 84, 5211300
0.59, 2.60, 23.44, 61.04, 26, 84, 5223120
0.59, 2.93, 23.36, 68.43, 26, 84, 5234952
0.59, 2.93, 23.38, 68.51, 27, 84, 5246772
0.59, 2.93, 23.38, 68.51, 27, 84, 5258600
0.59, 3.26, 23.38, 76.12, 27, 84, 5270428
0.60, 3.26, 23.36, 76.03, 27, 84, 5282252
0.59, 3.26, 23.28, 75.77, 27, 84, 5294084
0.60, 3.26, 23.30, 75.86, 27, 84, 5305904
0.61, 3.26, 23.36, 76.03, 27, 84, 5317740
0.60, 3.26, 23.36, 76.03, 27, 84, 5329560
0.61, 3.26, 23.41, 76.21, 27, 84, 5341396
0.61, 3.26, 23.38, 76.12, 27, 84, 5353216
0.61, 3.26, 23.22, 75.60, 27, 84, 5365068
0.61, 3.26, 23.38, 76.12, 27, 85, 5376868
0.61, 3.26, 23.30, 75.86, 27, 84, 5388700
0.63, 3.26, 23.12, 75.24, 27, 84, 5400536
0.62, 3.26, 23.30, 75.86, 27, 84, 5412352
0.62, 2.28, 23.52, 53.59, 27, 84, 5424188
0.62, 3.26, 23.41, 76.21, 27, 84, 5436008
0.62, 3.26, 23.41, 76.21, 28, 84, 5447840
0.62, 3.26, 23.38, 76.12, 28, 84, 5459660
0.62, 3.26, 23.38, 76.12, 28, 84, 5471496
0.63, 2.60, 23.33, 60.76, 28, 84, 5483316
0.63, 3.26, 23.30, 75.86, 28, 84, 5495144
0.63, 3.26, 23.17, 75.42, 28, 84, 5506972
0.65, 3.26, 23.09, 75.16, 28, 84, 5518800
0.64, 3.26, 23.33, 75.95, 28, 84, 5530632
0.64, 3.26, 23.36, 76.03, 28, 84, 5542452
0.64, 3.26, 23.41, 76.21, 28, 84, 5554284
0.64, 3.58, 23.38, 83.73, 28, 84, 5566108
0.65, 3.58, 23.38, 83.73, 28, 84, 5577940
0.65, 3.58, 23.41, 83.83, 28, 84, 5589760
0.65, 3.58, 23.36, 83.64, 28, 84, 5601592
0.66, 3.58, 23.38, 83.73, 28, 84, 5613412
0.65, 3.58, 23.09, 82.67, 28, 84, 5625260
0.66, 3.58, 23.12, 82.77, 28, 84, 5637076
0.65, 3.58, 23.09, 82.67, 29, 84, 5648896
0.65, 3.58, 23.30, 83.45, 29, 84, 5660728
0.66, 3.58, 23.33, 83.54, 29, 84, 5672548
0.65, 2.60, 23.49, 61.18, 29, 84, 5684376
0.66, 3.58, 23.36, 83.64, 29, 84, 5696200
0.67, 3.58, 23.41, 83.83, 29, 84, 5708032
0.67, 3.58, 23.38, 83.73, 29, 84, 5719852
0.67, 3.58, 23.41, 83.83, 29, 84, 5731680
0.67, 2.60, 23.57, 61.39, 29, 84, 5743508
0.67, 3.58, 23.38, 83.73, 29, 84, 5755336
0.68, 3.58, 23.36, 83.64, 29, 84, 5767172
0.67, 3.58, 23.38, 83.73, 29, 84, 5778992
0.68, 3.58, 23.36, 83.64, 29, 84, 5790828
0.68, 3.58, 23.25, 83.25, 29, 84, 5802652
0.68, 3.58, 23.25, 83.25, 29, 84, 5814488
0.69, 3.58, 23.17, 82.96, 29, 84, 5826316
0.68, 3.58, 23.14, 82.87, 29, 84, 5838148
0.68, 3.58, 23.12, 82.77, 30, 84, 5849972
0.69, 3.58, 23.12, 82.77, 30, 84, 5861804
0.68, 3.58, 23.38, 83.73, 30, 84, 5873644
0.69, 3.58, 23.41, 83.83, 30, 84, 5885468
0.70, 3.91, 23.38, 91.35, 30, 84, 5897304
0.69, 3.91, 23.38, 91.35, 30, 84, 5909128
0.70, 3.91, 23.38, 91.35, 30, 84, 5920968
0.70, 3.91, 23.38, 91.35, 30, 84, 5932796
0.70, 3.26, 23.41, 76.21, 30, 84, 5944632
0.71, 3.91, 23.36, 91.24, 30, 85, 5956456
0.71, 3.91, 23.36, 91.24, 30, 84, 5968284
0.71, 3.91, 23.09, 90.19, 30, 84, 5980124
0.72, 3.91, 23.22, 90.72, 30, 84, 5991944
0.71, 2.28, 23.49, 53.53, 30, 84, 6003800
0.71, 3.91, 23.09, 90.19, 30, 84, 6015608
0.72, 3.91, 23.20, 90.61, 30, 84, 6027444
0.72, 3.91, 23.20, 90.61, 30, 84, 6039272
0.72, 3.91, 23.01, 89.87, 31, 84, 6051108
0.72, 3.91, 23.12, 90.29, 31, 84, 6062932
0.72, 3.91, 23.33, 91.14, 31, 84, 6074764
0.73, 3.91, 23.33, 91.14, 31, 84, 6086600
0.73, 4.23, 23.38, 98.96, 31, 84, 6098424
0.73, 4.23, 23.36, 98.85, 31, 84, 6110264
0.74, 3.91, 23.36, 91.24, 31, 84, 6122088
0.74, 4.23, 23.41, 99.07, 31, 84, 6133920
0.74, 4.23, 23.38, 98.96, 31, 84, 6145752
0.75, 4.23, 23.38, 98.96, 31, 84, 6157584
0.75, 4.23, 23.41, 99.07, 31, 84, 6169412
0.74, 4.23, 23.38, 98.96, 31, 84, 6181244
0.75, 4.23, 23.41, 99.07, 31, 84, 6193068
0.75, 3.91, 23.41, 91.45, 31, 84, 6204900
0.74, 4.23, 23.38, 98.96, 31, 84, 6216740
0.76, 4.23, 23.38, 98.96, 31, 84, 6228560
0.75, 4.23, 23.38, 98.96, 31, 84, 6240400
0.75, 4.23, 23.38, 98.96, 32, 84, 6252224
0.76, 2.60, 23.57, 61.39, 32, 84, 6264072
0.75, 4.23, 23.36, 98.85, 32, 85, 6275876
0.75, 4.23, 23.38, 98.96, 32, 84, 6287704
0.77, 4.23, 23.30, 98.62, 32, 84, 6299536
0.77, 4.23, 23.30, 98.62, 32, 84, 6311364
0.77, 3.91, 23.36, 91.24, 32, 84, 6323196
0.78, 4.56, 23.09, 105.22, 32, 84, 6335024
0.78, 4.56, 23.06, 105.10, 32, 84, 6346856
0.78, 4.56, 23.09, 105.22, 32, 84, 6358680
0.79, 4.56, 23.06, 105.10, 32, 84, 6370516
0.78, 4.56, 23.14, 105.47, 32, 84, 6382340
0.78, 4.56, 23.20, 105.71, 32, 84, 6394172
0.80, 4.56, 23.36, 106.45, 32, 84, 6405992
0.79, 4.56, 23.38, 106.57, 32, 84, 6417824
0.79, 4.56, 23.38, 106.57, 32, 84, 6429656
0.80, 4.56, 23.38, 106.57, 32, 84, 6441480
0.80, 4.56, 23.41, 106.69, 33, 84, 6453320
0.79, 4.56, 23.38, 106.57, 33, 84, 6465160
0.80, 4.56, 23.38, 106.57, 33, 84, 6476980
0.80, 4.56, 23.30, 106.20, 33, 84, 6488800
0.80, 4.56, 23.12, 105.34, 33, 84, 6500636
0.81, 4.56, 23.22, 105.83, 33, 84, 6512456
0.82, 3.26, 23.52, 76.56, 33, 84, 6524288
0.81, 4.56, 23.30, 106.20, 33, 84, 6536124
0.81, 4.56, 23.38, 106.57, 33, 84, 6547944
0.82, 4.56, 23.38, 106.57, 33, 84, 6559780
0.82, 4.56, 23.38, 106.57, 33, 84, 6571604
0.82, 3.91, 23.52, 91.87, 33, 84, 6583436
0.82, 4.56, 23.33, 106.33, 33, 84, 6595260
0.82, 4.56, 23.03, 104.97, 33, 84, 6607092
0.82, 4.56, 23.17, 105.59, 33, 84, 6618916
0.83, 4.56, 23.20, 105.71, 33, 84, 6630748
0.83, 4.56, 23.25, 105.96, 33, 84, 6642580
0.82, 4.88, 23.28, 113.66, 34, 84, 6654408
0.83, 4.88, 23.33, 113.92, 34, 84, 6666248
0.83, 4.88, 23.38, 114.18, 34, 84, 6678072
0.82, 4.88, 23.38, 114.18, 34, 84, 6689908
0.83, 4.88, 23.38, 114.18, 34, 84, 6701728
0.85, 4.88, 23.38, 114.18, 34, 84, 6713564
0.84, 4.88, 23.38, 114.18, 34, 84, 6725408
0.85, 4.88, 23.09, 112.74, 34, 84, 6737224
0.86, 4.88, 23.12, 112.87, 34, 84, 6749052
0.86, 4.88, 23.20, 113.26, 34, 84, 6760884
0.85, 4.88, 23.28, 113.66, 34, 84, 6772720
0.86, 4.23, 23.41, 99.07, 34, 84, 6784540
0.86, 5.21, 23.38, 121.80, 34, 84, 6796380
0.86, 4.88, 23.38, 114.18, 34, 84, 6808196
0.86, 4.88, 23.38, 114.18, 34, 84, 6820036
0.87, 4.88, 23.14, 113.00, 34, 84, 6831856
0.87, 4.23, 23.38, 98.96, 34, 84, 6843692
0.86, 4.88, 23.33, 113.92, 35, 84, 6855512
0.87, 4.88, 23.38, 114.18, 35, 84, 6867344
0.87, 5.21, 23.38, 121.80, 35, 84, 6879176
0.86, 5.21, 23.30, 121.37, 35, 84, 6891000
0.87, 5.21, 23.30, 121.37, 35, 84, 6902836
0.88, 5.21, 23.14, 120.53, 35, 85, 6914660
0.88, 5.21, 23.30, 121.37, 35, 84, 6926492
0.88, 5.21, 23.38, 121.80, 35, 84, 6938316
0.89, 5.21, 23.38, 121.80, 35, 84, 6950156
0.89, 5.21, 23.38, 121.80, 35, 84, 6961976
0.88, 5.21, 23.09, 120.25, 35, 84, 6973804
0.89, 5.21, 23.14, 120.53, 35, 84, 6985636
0.90, 5.21, 23.36, 121.66, 35, 84, 6997464
0.89, 5.21, 23.36, 121.66, 35, 84, 7009300
0.89, 5.21, 23.38, 121.80, 35, 84, 7021120
0.90, 5.21, 23.36, 121.66, 35, 84, 7032956
0.90, 4.56, 23.25, 105.96, 35, 84, 7044780
0.90, 5.21, 23.20, 120.81, 36, 84, 7056616
0.90, 5.21, 23.38, 121.80, 36, 84, 7068436
0.91, 5.21, 23.38, 121.80, 36, 84, 7080268
0.90, 5.53, 23.38, 129.41, 36, 84, 7092100
0.90, 3.91, 23.55, 91.98, 36, 84, 7103944
0.92, 5.53, 23.01, 127.32, 36, 84, 7115768
0.93, 5.53, 23.33, 129.11, 36, 84, 7127592
0.92, 5.53, 23.36, 129.26, 36, 84, 7139432
0.93, 5.53, 23.38, 129.41, 36, 84, 7151256
0.94, 5.53, 23.41, 129.56, 36, 84, 7163088
0.94, 5.53, 23.06, 127.62, 36, 84, 7174916
0.93, 5.53, 23.06, 127.62, 36, 84, 7186752
0.94, 5.53, 23.36, 129.26, 36, 84, 7198576
0.95, 5.53, 23.38, 129.41, 36, 84, 7210408
0.94, 5.53, 23.38, 129.41, 36, 84, 7222240
0.94, 5.53, 23.09, 127.77, 36, 84, 7234068
0.95, 5.53, 23.09, 127.77, 36, 84, 7245904
0.95, 5.53, 23.33, 129.11, 37, 84, 7257732
0.95, 5.53, 23.41, 129.56, 37, 84, 7269568
0.94, 5.86, 23.30, 136.55, 37, 84, 7281392
0.95, 5.86, 23.14, 135.60, 37, 84, 7293228
0.96, 5.53, 23.33, 129.11, 37, 84, 7305052
0.96, 5.86, 23.38, 137.02, 37, 84, 7316880
0.96, 5.86, 23.38, 137.02, 37, 84, 7328712
0.97, 5.86, 23.22, 136.07, 37, 84, 7340540
0.97, 5.86, 23.14, 135.60, 37, 84, 7352376
0.97, 4.56, 23.30, 106.20, 37, 84, 7364216
0.97, 5.86, 23.38, 137.02, 37, 85, 7376036
0.98, 5.86, 23.06, 135.12, 37, 84, 7387860
0.98, 5.86, 23.01, 134.81, 37, 84, 7399700
0.97, 5.86, 23.38, 137.02, 37, 84, 7411524
0.97, 5.53, 23.44, 129.71, 37, 84, 7423356
0.97, 5.86, 23.28, 136.39, 37, 84, 7435192
0.98, 5.86, 23.22, 136.07, 37, 84, 7447016
0.98, 5.86, 23.33, 136.70, 38, 84, 7458852
0.98, 5.86, 23.38, 137.02, 38, 84, 7470680
0.98, 5.86, 23.41, 137.18, 38, 84, 7482516
0.99, 6.18, 23.06, 142.63, 38, 84, 7494332
0.99, 6.18, 23.36, 144.47, 38, 84, 7506172
0.99, 6.18, 23.36, 144.47, 38, 84, 7517992
1.00, 6.18, 23.09, 142.80, 38, 84, 7529824
1.01, 6.18, 23.33, 144.30, 38, 84, 7541652
1.01, 6.18, 23.38, 144.63, 38, 84, 7553480
1.01, 6.18, 23.38, 144.63, 38, 84, 7565312
1.02, 6.18, 23.14, 143.13, 38, 85, 7577136
1.02, 6.18, 23.38, 144.63, 38, 84, 7588976
1.02, 6.18, 23.36, 144.47, 38, 84, 7600796
1.02, 6.18, 22.98, 142.13, 38, 84, 7612632
1.02, 4.88, 23.57, 115.11, 38, 84, 7624460
1.02, 6.18, 23.38, 144.63, 38, 84, 7636292
1.03, 6.18, 23.09, 142.80, 38, 84, 7648120
1.03, 6.18, 23.30, 144.13, 39, 84, 7659952
1.02, 6.18, 23.38, 144.63, 39, 84, 7671788
1.02, 6.18, 23.30, 144.13, 39, 84, 7683616
1.03, 6.51, 23.03, 149.96, 39, 84, 7695452
1.03, 6.51, 23.38, 152.25, 39, 84, 7707272
1.04, 6.51, 23.38, 152.25, 39, 84, 7719112
1.04, 6.51, 22.98, 149.61, 39, 84, 7730936
1.04, 6.51, 23.22, 151.19, 39, 84, 7742776
1.05, 6.51, 23.38, 152.25, 39, 84, 7754596
1.05, 6.51, 23.09, 150.31, 39, 84, 7766424
1.05, 6.51, 23.25, 151.37, 39, 84, 7778260
1.05, 6.51, 23.38, 152.25, 39, 84, 7790084
1.05, 6.51, 23.06, 150.14, 39, 84, 7801916
1.05, 6.51, 23.20, 151.02, 39, 84, 7813744
1.05, 6.84, 23.17, 158.38, 39, 84, 7825596
1.05, 6.51, 23.28, 151.54, 39, 85, 7837404
1.06, 6.51, 23.12, 150.49, 39, 84, 7849240
1.06, 6.51, 23.36, 152.07, 40, 84, 7861068
1.06, 6.51, 23.33, 151.89, 40, 84, 7872896
1.06, 5.21, 23.12, 120.39, 40, 84, 7884736
1.06, 6.84, 23.36, 159.67, 40, 84, 7896556
1.07, 6.84, 23.38, 159.86, 40, 84, 7908396
1.08, 6.84, 23.01, 157.28, 40, 84, 7920220
1.08, 6.84, 23.20, 158.57, 40, 84, 7932056
1.09, 6.18, 23.49, 145.30, 40, 84, 7943880
1.09, 7.16, 23.14, 165.73, 40, 84, 7955720
1.10, 7.16, 23.20, 166.12, 40, 84, 7967544
1.10, 7.16, 23.36, 167.28, 40, 84, 7979376
1.10, 6.84, 23.01, 157.28, 40, 84, 7991204
1.10, 6.84, 23.38, 159.86, 40, 84, 8003036
1.10, 6.84, 23.30, 159.30, 40, 84, 8014872
1.10, 7.16, 23.25, 166.50, 40, 84, 8026696
1.10, 7.16, 23.38, 167.47, 40, 84, 8038528
1.10, 7.16, 23.22, 166.31, 40, 84, 8050352
1.10, 7.16, 23.25, 166.50, 41, 84, 8062188
1.10, 7.16, 23.36, 167.28, 41, 84, 8074012
1.10, 7.16, 23.33, 167.08, 41, 84, 8085860
1.10, 7.16, 23.38, 167.47, 41, 85, 8097672
1.10, 7.16, 22.98, 164.57, 41, 84, 8109500
1.11, 7.16, 23.36, 167.28, 41, 84, 8121336
1.12, 7.16, 23.14, 165.73, 41, 84, 8133160
1.12, 6.51, 23.20, 151.02, 41, 84, 8144992
1.12, 7.16, 23.38, 167.47, 41, 84, 8156816
1.13, 7.16, 22.93, 164.19, 41, 84, 8168652
1.13, 7.16, 23.38, 167.47, 41, 84, 8180472
1.12, 7.16, 23.25, 166.50, 41, 84, 8192308
1.13, 5.86, 23.28, 136.39, 41, 84, 8204148
1.13, 7.16, 23.14, 165.73, 41, 84, 8215960
1.13, 7.16, 23.06, 165.15, 41, 84, 8227796
1.13, 7.16, 23.38, 167.47, 41, 84, 8239620
1.13, 7.16, 23.01, 164.77, 41, 84, 8251456
1.14, 7.16, 23.38, 167.47, 42, 84, 8263276
1.13, 7.49, 23.38, 175.08, 42, 84, 8275112
1.13, 7.49, 23.22, 173.87, 42, 84, 8286940
1.14, 7.49, 23.38, 175.08, 42, 84, 8298776
1.15, 7.81, 22.93, 179.11, 42, 84, 8310600
1.16, 7.81, 23.30, 182.06, 42, 84, 8322432
1.17, 7.81, 23.33, 182.27, 42, 84, 8334268
1.17, 7.81, 23.28, 181.85, 42, 84, 8346088
1.18, 7.81, 23.36, 182.48, 42, 84, 8357924
1.18, 7.81, 23.17, 181.01, 42, 84, 8369752
1.18, 7.81, 23.38, 182.69, 42, 84, 8381588
1.19, 7.81, 23.03, 179.96, 42, 84, 8393412
1.19, 7.49, 23.36, 174.88, 42, 84, 8405248
1.19, 7.81, 23.14, 180.80, 42, 85, 8417068
1.19, 7.81, 23.36, 182.48, 42, 84, 8428896
1.19, 7.81, 23.12, 180.59, 42, 84, 8440728
1.19, 7.81, 23.38, 182.69, 42, 84, 8452556
1.20, 6.51, 23.55, 153.30, 43, 84, 8464404
1.19, 8.14, 23.38, 190.31, 43, 85, 8476212
1.19, 8.14, 22.87, 186.14, 43, 84, 8488044
1.20, 8.14, 23.36, 190.09, 43, 84, 8499872
1.20, 8.14, 23.30, 189.65, 43, 84, 8511704
1.21, 7.81, 23.30, 182.06, 43, 84, 8523532
1.22, 8.14, 23.36, 190.09, 43, 84, 8535368
1.22, 8.14, 23.33, 189.87, 43, 84, 8547188
1.22, 8.14, 23.14, 188.33, 43, 84, 8559016
1.23, 8.14, 23.36, 190.09, 43, 84, 8570852
1.22, 8.14, 23.01, 187.23, 43, 84, 8582672
1.22, 8.14, 23.36, 190.09, 43, 84, 8594512
1.22, 8.14, 22.95, 186.79, 43, 84, 8606332
1.23, 8.14, 23.38, 190.31, 43, 84, 8618168
1.23, 8.14, 23.06, 187.67, 43, 84, 8629988
1.23, 8.14, 23.38, 190.31, 43, 84, 8641828
1.23, 8.14, 23.25, 189.21, 43, 84, 8653648
1.23, 7.81, 23.41, 182.91, 44, 84, 8665476
1.23, 8.14, 23.09, 187.89, 44, 84, 8677312
1.23, 8.46, 23.36, 197.69, 44, 84, 8689136
1.24, 8.46, 23.36, 197.69, 44, 84, 8700968
1.24, 8.46, 22.90, 193.81, 44, 84, 8712792
1.25, 7.16, 23.49, 168.24, 44, 84, 8724628
1.26, 8.79, 23.14, 203.40, 44, 84, 8736452
1.26, 8.79, 23.33, 205.06, 44, 84, 8748288
1.27, 8.79, 22.93, 201.50, 44, 84, 8760112
1.27, 8.79, 23.36, 205.29, 44, 84, 8771940
1.27, 8.46, 23.28, 197.01, 44, 84, 8783768
1.27, 8.79, 23.33, 205.06, 44, 84, 8795596
1.27, 8.79, 23.20, 203.87, 44, 84, 8807432
1.27, 8.79, 23.01, 202.21, 44, 84, 8819256
1.28, 8.79, 23.17, 203.63, 44, 84, 8831092
1.28, 8.79, 23.25, 204.35, 44, 84, 8842916
1.28, 8.79, 23.36, 205.29, 44, 84, 8854748
1.29, 8.79, 22.90, 201.26, 45, 84, 8866568
1.29, 8.79, 23.36, 205.29, 45, 84, 8878404
1.28, 9.11, 22.98, 209.46, 45, 84, 8890228
1.29, 9.11, 23.38, 213.14, 45, 84, 8902056
1.29, 9.11, 22.98, 209.46, 45, 84, 8913896
1.30, 9.11, 23.36, 212.90, 45, 84, 8925736
1.31, 9.11, 22.95, 209.21, 45, 84, 8937556
1.31, 9.11, 23.33, 212.65, 45, 84, 8949376
1.32, 9.11, 23.03, 209.95, 45, 84, 8961212
1.32, 9.11, 23.12, 210.69, 45, 84, 8973032
1.32, 7.81, 23.47, 183.33, 45, 84, 8984872
1.32, 9.11, 22.93, 208.96, 45, 84, 8996692
1.32, 9.11, 23.36, 212.90, 45, 84, 9008524
1.32, 9.11, 23.01, 209.70, 45, 84, 9020356
1.32, 9.11, 23.28, 212.16, 45, 84, 9032180
1.32, 8.46, 23.38, 197.92, 45, 84, 9044016
1.33, 9.11, 22.90, 208.72, 45, 84, 9055840
1.33, 9.11, 23.38, 213.14, 46, 84, 9067672
1.33, 9.44, 23.03, 217.45, 46, 84, 9079496
1.33, 9.44, 23.36, 220.50, 46, 84, 9091332
1.34, 9.44, 23.28, 219.74, 46, 84, 9103152
1.35, 9.77, 22.85, 223.10, 46, 84, 9114984
1.35, 9.77, 23.38, 228.37, 46, 84, 9126812
1.36, 9.77, 23.22, 226.79, 46, 84, 9138640
1.37, 9.77, 23.30, 227.58, 46, 84, 9150476
1.38, 9.77, 23.36, 228.10, 46, 84, 9162304
1.38, 9.77, 22.93, 223.89, 46, 84, 9174136
1.38, 9.77, 23.22, 226.79, 46, 84, 9185980
1.38, 9.77, 23.14, 226.00, 46, 84, 9197800
1.38, 9.77, 22.98, 224.42, 46, 84, 9209616
1.38, 9.77, 23.36, 228.10, 46, 84, 9221452
1.38, 9.77, 23.09, 225.47, 46, 84, 9233276
1.38, 8.79, 23.44, 206.01, 46, 84, 9245108
1.38, 9.77, 23.36, 228.10, 46, 84, 9256944
1.39, 9.77, 22.90, 223.63, 47, 84, 9268772
1.39, 9.77, 23.38, 228.37, 47, 84, 9280604
1.39, 10.09, 23.17, 233.80, 47, 84, 9292432
1.39, 8.79, 23.52, 206.72, 47, 84, 9304280
1.40, 10.09, 23.38, 235.98, 47, 84, 9316092
1.41, 10.09, 23.01, 232.17, 47, 84, 9327932
1.41, 10.09, 22.95, 231.63, 47, 84, 9339752
1.42, 10.09, 23.33, 235.44, 47, 84, 9351584
1.42, 10.09, 23.01, 232.17, 47, 84, 9363420
1.42, 10.09, 22.90, 231.08, 47, 84, 9375248
1.42, 10.09, 23.36, 235.71, 47, 84, 9387076
1.42, 10.09, 23.03, 232.44, 47, 84, 9398900
1.42, 10.09, 22.98, 231.90, 47, 84, 9410736
1.43, 10.09, 23.36, 235.71, 47, 84, 9422560
1.43, 10.09, 23.03, 232.44, 47, 84, 9434400
1.43, 10.09, 22.82, 230.26, 47, 84, 9446224
1.43, 10.09, 23.36, 235.71, 47, 84, 9458052
1.43, 10.42, 22.95, 239.10, 48, 84, 9469888
1.43, 10.42, 22.85, 237.97, 48, 84, 9481708
1.44, 10.42, 23.30, 242.75, 48, 84, 9493548
1.44, 9.77, 23.33, 227.84, 48, 84, 9505368
1.46, 10.74, 22.98, 246.86, 48, 84, 9517204
1.47, 10.74, 23.36, 250.92, 48, 84, 9529028
1.47, 10.74, 23.09, 248.02, 48, 84, 9540864
1.48, 10.74, 22.93, 246.28, 48, 84, 9552692
1.48, 9.44, 23.55, 222.28, 48, 84, 9564532
1.48, 10.74, 23.30, 250.34, 48, 84, 9576348
1.48, 10.74, 22.90, 245.99, 48, 84, 9588180
1.48, 10.74, 23.30, 250.34, 48, 84, 9600012
1.48, 10.74, 23.36, 250.92, 48, 84, 9611832
1.48, 10.42, 22.95, 239.10, 48, 84, 9623672
1.48, 10.74, 23.01, 247.15, 48, 84, 9635492
1.48, 10.74, 23.38, 251.20, 48, 84, 9647324
1.48, 10.74, 23.30, 250.34, 48, 84, 9659148
1.48, 10.74, 22.90, 245.99, 49, 84, 9670984
1.48, 10.74, 23.25, 249.76, 49, 84, 9682812
1.48, 10.74, 23.38, 251.20, 49, 84, 9694640
1.49, 10.74, 22.98, 246.86, 49, 84, 9706480
1.50, 11.07, 22.87, 253.15, 49, 84, 9718304
1.50, 11.07, 23.36, 258.52, 49, 84, 9730140
1.51, 11.07, 23.12, 255.83, 49, 84, 9741964
1.51, 11.07, 22.90, 253.44, 49, 84, 9753804
1.51, 10.74, 23.14, 248.60, 49, 84, 9765628
1.51, 11.07, 23.36, 258.52, 49, 84, 9777460
1.51, 11.07, 23.20, 256.73, 49, 84, 9789284
1.51, 11.07, 22.90, 253.44, 49, 84, 9801116
1.51, 11.07, 23.28, 257.62, 49, 84, 9812948
1.51, 9.44, 23.55, 222.28, 49, 84, 9824772
1.51, 11.07, 23.17, 256.43, 49, 84, 9836608
1.51, 11.07, 22.90, 253.44, 49, 84, 9848432
1.51, 11.07, 23.36, 258.52, 49, 84, 9860264
1.51, 11.07, 23.36, 258.52, 50, 84, 9872088
1.51, 10.74, 23.03, 247.44, 50, 84, 9883924
1.52, 11.07, 22.90, 253.44, 50, 84, 9895744
1.52, 11.39, 23.25, 264.89, 50, 84, 9907576
1.54, 11.39, 23.33, 265.81, 50, 84, 9919408
1.55, 11.39, 23.09, 263.05, 50, 84, 9931232
1.55, 11.39, 22.87, 260.59, 50, 84, 9943072
1.55, 11.39, 23.33, 265.81, 50, 84, 9954896
1.55, 11.39, 23.30, 265.51, 50, 84, 9966732
1.55, 11.39, 22.98, 261.82, 50, 84, 9978556
1.56, 11.39, 22.85, 260.28, 50, 84, 9990396
1.56, 11.39, 23.33, 265.81, 50, 84, 10002216
1.56, 11.39, 23.25, 264.89, 50, 84, 10014052
1.56, 11.39, 23.09, 263.05, 50, 84, 10025880
1.56, 11.39, 22.85, 260.28, 50, 85, 10037712
1.56, 11.39, 23.30, 265.51, 50, 84, 10049552
1.56, 11.39, 23.33, 265.81, 50, 84, 10061376
1.56, 11.39, 23.09, 263.05, 51, 84, 10073212
1.56, 10.42, 23.17, 241.34, 51, 84, 10085036
1.57, 11.72, 22.82, 267.40, 51, 84, 10096872
1.58, 11.72, 23.22, 272.15, 51, 84, 10108700
1.58, 11.72, 23.36, 273.73, 51, 84, 10120528
1.59, 11.72, 23.33, 273.41, 51, 84, 10132360
1.59, 11.07, 23.25, 257.32, 51, 84, 10144192
1.59, 11.72, 22.85, 267.72, 51, 84, 10156028
1.59, 11.72, 23.01, 269.62, 51, 84, 10167852
1.59, 11.72, 23.36, 273.73, 51, 84, 10179688
1.59, 11.72, 23.03, 269.93, 51, 84, 10191516
1.59, 11.72, 22.93, 268.67, 51, 84, 10203352
1.60, 11.72, 22.87, 268.04, 51, 84, 10215176
1.60, 11.72, 23.36, 273.73, 51, 84, 10227012
1.60, 11.72, 23.36, 273.73, 51, 84, 10238836
1.60, 11.72, 23.33, 273.41, 51, 84, 10250664
1.60, 11.72, 22.98, 269.30, 51, 84, 10262504
1.60, 11.72, 22.90, 268.35, 52, 84, 10274320
1.59, 11.72, 23.36, 273.73, 52, 84, 10286180
1.59, 12.04, 23.33, 281.00, 52, 84, 10297984
1.60, 12.04, 23.22, 279.70, 52, 84, 10309820
1.61, 12.04, 23.14, 278.73, 52, 84, 10321640
1.62, 12.04, 22.98, 276.78, 52, 84, 10333476
1.63, 10.74, 23.06, 247.73, 52, 84, 10345296
1.64, 12.37, 22.82, 282.26, 52, 84, 10357124
1.64, 12.37, 23.33, 288.60, 52, 84, 10368964
1.64, 12.37, 23.25, 287.60, 52, 84, 10380784
1.64, 12.37, 23.28, 287.93, 52, 84, 10392620
1.65, 11.39, 23.12, 263.36, 52, 84, 10404444
1.65, 12.37, 22.95, 283.93, 52, 84, 10416276
1.66, 12.37, 22.82, 282.26, 52, 84, 10428104
1.66, 12.37, 23.09, 285.60, 52, 84, 10439940
1.66, 12.37, 23.28, 287.93, 52, 84, 10451764
1.65, 12.37, 23.36, 288.93, 52, 84, 10463596
1.65, 12.37, 23.36, 288.93, 53, 84, 10475424
1.65, 12.37, 23.09, 285.60, 53, 84, 10487256
1.65, 12.37, 22.87, 282.93, 53, 84, 10499096
1.66, 12.70, 22.87, 290.37, 53, 84, 10510920
1.66, 12.70, 23.36, 296.54, 53, 84, 10522756
1.68, 12.70, 23.33, 296.19, 53, 84, 10534580
1.69, 12.70, 22.90, 290.71, 53, 84, 10546436
1.69, 12.70, 23.25, 295.17, 53, 85, 10558240
1.68, 12.70, 22.87, 290.37, 53, 84, 10570072
1.68, 12.70, 22.87, 290.37, 53, 84, 10581904
1.69, 13.02, 22.85, 297.47, 53, 84, 10593732
1.69, 12.04, 23.01, 277.11, 53, 84, 10605568
1.70, 13.02, 22.79, 296.76, 53, 84, 10617392
1.70, 13.02, 23.28, 303.09, 53, 84, 10629224
1.70, 12.70, 23.36, 296.54, 53, 84, 10641048
1.70, 12.70, 23.30, 295.85, 53, 84, 10652884
1.69, 11.39, 23.09, 263.05, 53, 84, 10664724
1.68, 13.02, 22.82, 297.12, 54, 84, 10676548
1.69, 13.02, 22.98, 299.22, 54, 84, 10688368
1.69, 13.02, 22.82, 297.12, 54, 84, 10700196
1.70, 13.02, 22.76, 296.41, 54, 84, 10712032
1.71, 13.35, 22.95, 306.34, 54, 84, 10723856
1.72, 13.35, 23.33, 311.38, 54, 84, 10735688
1.73, 13.35, 23.36, 311.74, 54, 84, 10747512
1.73, 13.35, 23.33, 311.38, 54, 84, 10759344
1.73, 13.35, 23.33, 311.38, 54, 84, 10771172
1.74, 13.35, 23.09, 308.14, 54, 84, 10783008
1.74, 13.67, 23.06, 315.29, 54, 84, 10794832
1.74, 13.67, 22.95, 313.81, 54, 84, 10806664
1.75, 13.67, 22.85, 312.34, 54, 84, 10818496
1.76, 13.67, 22.85, 312.34, 54, 84, 10830324
1.77, 13.67, 22.87, 312.71, 54, 84, 10842160
1.76, 13.67, 22.90, 313.08, 54, 84, 10853984
1.76, 13.35, 23.36, 311.74, 54, 84, 10865820
1.75, 13.67, 23.28, 318.24, 55, 84, 10877644
1.76, 13.67, 23.30, 318.61, 55, 84, 10889480
1.76, 13.67, 23.28, 318.24, 55, 84, 10901304
1.76, 13.67, 23.28, 318.24, 55, 84, 10913136
1.77, 12.37, 23.52, 290.93, 55, 84, 10924968
1.78, 14.00, 23.28, 325.82, 55, 84, 10936796
1.78, 14.00, 23.12, 323.55, 55, 84, 10948628
1.78, 14.00, 23.09, 323.17, 55, 84, 10960452
1.78, 14.00, 22.98, 321.66, 55, 84, 10972288
1.79, 13.67, 23.03, 314.92, 55, 84, 10984108
1.79, 14.00, 22.93, 320.91, 55, 84, 10995944
1.79, 14.00, 22.85, 319.78, 55, 84, 11007768
1.79, 14.00, 22.82, 319.40, 55, 84, 11019596
1.79, 14.00, 22.82, 319.40, 55, 84, 11031428
1.79, 14.00, 22.90, 320.53, 55, 84, 11043256
1.79, 14.00, 22.87, 320.15, 55, 84, 11055088
1.79, 14.00, 22.85, 319.78, 55, 84, 11066912
1.79, 14.00, 22.90, 320.53, 56, 84, 11078748
1.79, 14.00, 22.87, 320.15, 56, 84, 11090568
1.79, 14.00, 23.22, 325.06, 56, 84, 11102404
1.80, 14.32, 22.76, 326.05, 56, 84, 11114224
1.81, 14.00, 23.36, 326.95, 56, 84, 11126060
1.82, 14.32, 23.33, 334.17, 56, 84, 11137884
1.83, 14.32, 23.36, 334.55, 56, 84, 11149716
1.83, 14.32, 23.33, 334.17, 56, 84, 11161552
1.83, 14.65, 23.36, 342.16, 56, 84, 11173376
1.84, 13.35, 23.49, 313.54, 56, 84, 11185212
1.84, 14.65, 23.30, 341.37, 56, 84, 11197036
1.84, 14.65, 23.28, 340.97, 56, 84, 11208868
1.85, 14.65, 23.33, 341.76, 56, 84, 11220688
1.85, 14.65, 23.20, 339.79, 56, 84, 11232528
1.85, 14.00, 23.12, 323.55, 56, 84, 11244348
1.85, 14.65, 23.36, 342.16, 56, 84, 11256180
1.85, 14.65, 23.33, 341.76, 56, 84, 11268004
1.85, 14.65, 23.25, 340.58, 57, 84, 11279832
1.85, 14.65, 23.36, 342.16, 57, 84, 11291668
1.86, 14.65, 23.33, 341.76, 57, 84, 11303492
1.86, 14.97, 23.33, 349.36, 57, 84, 11315328
1.86, 14.97, 23.33, 349.36, 57, 84, 11327152
1.87, 14.97, 23.30, 348.95, 57, 84, 11338984
1.88, 14.97, 23.28, 348.55, 57, 84, 11350808
1.88, 14.97, 23.36, 349.76, 57, 84, 11362636
1.88, 14.97, 23.25, 348.14, 57, 84, 11374464
1.89, 14.97, 23.01, 344.51, 57, 84, 11386316
1.89, 14.97, 23.36, 349.76, 57, 84, 11398132
1.89, 14.97, 23.33, 349.36, 57, 84, 11409960
1.89, 14.97, 23.33, 349.36, 57, 84, 11421800
1.89, 14.97, 23.33, 349.36, 57, 84, 11433620
1.90, 13.67, 23.49, 321.19, 57, 84, 11445456
1.90, 15.30, 23.30, 356.54, 57, 84, 11457280
1.90, 15.30, 23.33, 356.95, 57, 84, 11469116
1.90, 14.97, 23.33, 349.36, 58, 84, 11480944
1.90, 15.30, 23.36, 357.36, 58, 84, 11492772
1.90, 14.65, 23.52, 344.53, 58, 84, 11504608
1.91, 15.63, 23.22, 362.86, 58, 84, 11516428
1.92, 15.63, 23.33, 364.55, 58, 84, 11528268
1.93, 15.63, 23.33, 364.55, 58, 84, 11540096
1.94, 15.95, 23.03, 367.41, 58, 84, 11551928
1.95, 15.95, 22.68, 361.82, 58, 84, 11563752
1.95, 15.95, 23.01, 366.98, 58, 84, 11575592
1.96, 15.95, 22.87, 364.83, 58, 84, 11587416
1.96, 15.95, 22.74, 362.68, 58, 84, 11599244
1.96, 15.95, 22.74, 362.68, 58, 84, 11611084
1.96, 15.95, 22.74, 362.68, 58, 84, 11622908
1.96, 15.95, 22.79, 363.54, 58, 84, 11634744
1.96, 15.95, 23.20, 369.99, 58, 84, 11646588
1.96, 15.95, 22.93, 365.69, 58, 84, 11658400
1.97, 15.95, 22.98, 366.55, 58, 84, 11670224
1.97, 15.95, 23.03, 367.41, 59, 84, 11682060
1.97, 15.95, 23.36, 372.57, 59, 84, 11693880
1.97, 15.30, 23.33, 356.95, 59, 84, 11705708
1.97, 16.28, 23.30, 379.30, 59, 84, 11717540
1.98, 16.28, 22.87, 372.27, 59, 84, 11729368
1.98, 16.28, 23.01, 374.47, 59, 84, 11741200
1.99, 16.28, 22.68, 369.20, 59, 84, 11753028
2.00, 14.97, 23.25, 348.14, 59, 84, 11764876
2.00, 16.60, 22.95, 381.06, 59, 84, 11776680
2.00, 16.60, 22.85, 379.27, 59, 84, 11788520
2.01, 16.60, 23.20, 385.09, 59, 84, 11800340
2.01, 16.60, 23.30, 386.88, 59, 84, 11812172
2.01, 16.60, 23.33, 387.33, 59, 84, 11823996
2.02, 16.60, 22.82, 378.82, 59, 84, 11835824
2.02, 16.60, 23.06, 382.85, 59, 84, 11847660
2.02, 16.60, 22.71, 377.03, 59, 84, 11859484
2.02, 16.60, 22.90, 380.17, 59, 84, 11871320
2.02, 16.60, 22.82, 378.82, 60, 84, 11883140
2.02, 16.93, 22.76, 385.34, 60, 84, 11894976
2.01, 16.93, 23.12, 391.27, 60, 84, 11906800
2.02, 16.93, 22.90, 387.62, 60, 84, 11918636
2.03, 16.93, 23.36, 395.38, 60, 84, 11930460
2.04, 17.25, 23.30, 402.05, 60, 84, 11942288
2.05, 17.25, 22.87, 394.61, 60, 84, 11954120
2.06, 16.60, 22.85, 379.27, 60, 84, 11965944
2.06, 17.25, 22.68, 391.35, 60, 84, 11977776
2.06, 17.58, 22.98, 403.95, 60, 84, 11989600
2.06, 17.58, 22.98, 403.95, 60, 84, 12001440
2.07, 17.58, 23.36, 410.59, 60, 84, 12013260
2.07, 16.28, 23.36, 380.17, 60, 84, 12025112
2.04, 17.58, 22.68, 398.74, 60, 84, 12036920
2.03, 17.58, 22.98, 403.95, 60, 84, 12048748
2.06, 17.58, 22.87, 402.05, 60, 84, 12060576
2.08, 17.58, 22.90, 402.53, 60, 84, 12072404
2.08, 17.25, 23.17, 399.73, 61, 84, 12084240
2.07, 17.90, 23.33, 417.71, 61, 84, 12096064
2.09, 17.90, 23.30, 417.23, 61, 84, 12107900
2.10, 17.90, 23.03, 412.40, 61, 84, 12119724
2.10, 17.90, 22.82, 408.53, 61, 84, 12131560
2.11, 17.90, 22.76, 407.57, 61, 84, 12143380
2.12, 18.23, 22.85, 416.45, 61, 84, 12155212
2.12, 18.23, 23.14, 421.86, 61, 84, 12167040
2.11, 18.23, 23.22, 423.34, 61, 84, 12178868
2.12, 18.23, 23.22, 423.34, 61, 84, 12190708
2.12, 18.23, 22.66, 413.01, 61, 84, 12202532
2.07, 18.23, 22.82, 415.96, 61, 84, 12214368
2.05, 17.90, 22.76, 407.57, 61, 84, 12226200
2.04, 18.23, 22.79, 415.47, 61, 84, 12238032
2.05, 18.55, 23.12, 428.89, 61, 84, 12249860
2.05, 18.55, 23.30, 432.40, 61, 84, 12261696
2.10, 18.23, 22.63, 412.52, 61, 84, 12273520
2.13, 16.93, 22.90, 387.62, 62, 84, 12285352
2.14, 18.55, 22.71, 421.39, 62, 84, 12297192
2.12, 18.55, 22.98, 426.39, 62, 84, 12309012
2.08, 18.55, 23.33, 432.90, 62, 84, 12320848
2.07, 18.55, 23.25, 431.40, 62, 84, 12332672
2.10, 17.90, 23.20, 415.29, 62, 84, 12344508
2.12, 18.55, 22.76, 422.39, 62, 84, 12356336
2.14, 18.55, 22.82, 423.39, 62, 84, 12368172
2.15, 18.55, 23.28, 431.90, 62, 84, 12379996
2.16, 18.55, 22.82, 423.39, 62, 84, 12391824
2.16, 18.55, 22.74, 421.89, 62, 84, 12403664
2.16, 18.55, 22.93, 425.39, 62, 84, 12415488
2.15, 18.55, 23.14, 429.39, 62, 84, 12427328
2.14, 18.55, 23.33, 432.90, 62, 84, 12439152
2.13, 18.55, 22.87, 424.39, 62, 84, 12450988
2.13, 18.23, 22.76, 414.98, 62, 84, 12462812
2.14, 18.23, 22.90, 417.44, 62, 84, 12474644
2.16, 18.23, 22.98, 418.91, 63, 84, 12486472
2.16, 18.55, 23.01, 426.89, 63, 84, 12498300
2.16, 18.55, 22.79, 422.89, 63, 84, 12510140
2.16, 18.55, 22.79, 422.89, 63, 84, 12521960
2.15, 18.55, 23.22, 430.90, 63, 84, 12533800
2.15, 17.25, 23.17, 399.73, 63, 84, 12545624
2.13, 18.88, 22.74, 429.29, 63, 84, 12557456
2.10, 18.88, 22.82, 430.82, 63, 84, 12569284
2.12, 18.88, 23.25, 438.97, 63, 84, 12581120
2.16, 18.88, 22.82, 430.82, 63, 84, 12592940
2.18, 17.90, 22.90, 409.98, 63, 84, 12604768
2.18, 18.88, 23.22, 438.46, 63, 84, 12616600
2.17, 18.88, 22.71, 428.78, 63, 84, 12628428
2.16, 18.88, 22.90, 432.35, 63, 84, 12640264
2.11, 18.88, 23.20, 437.95, 63, 84, 12652084
2.09, 18.88, 23.25, 438.97, 63, 84, 12663920
2.09, 18.88, 22.66, 427.76, 63, 84, 12675744
2.12, 18.88, 22.66, 427.76, 64, 84, 12687580
2.15, 19.21, 22.93, 440.32, 64, 84, 12699404
2.17, 19.21, 23.33, 448.09, 64, 84, 12711240
2.19, 19.53, 22.79, 445.15, 64, 84, 12723060
2.20, 19.53, 22.68, 443.04, 64, 84, 12734892
2.16, 19.53, 22.71, 443.57, 64, 84, 12746748
2.15, 19.53, 23.28, 454.63, 64, 85, 12758548
2.18, 19.53, 23.41, 457.26, 64, 84, 12770388
2.21, 19.53, 22.63, 441.99, 64, 84, 12782212
2.17, 19.53, 22.82, 445.67, 64, 84, 12794048
2.14, 18.23, 23.47, 427.76, 64, 84, 12805872
2.15, 19.86, 23.20, 460.60, 64, 84, 12817712
2.18, 19.86, 22.98, 456.31, 64, 84, 12829536
2.21, 20.18, 23.01, 464.34, 64, 84, 12841368
2.23, 20.18, 23.20, 468.15, 64, 84, 12853204
2.25, 18.88, 23.41, 442.02, 64, 84, 12865040
2.25, 20.18, 22.76, 459.44, 64, 84, 12876856
2.23, 20.18, 23.25, 469.24, 65, 84, 12888680
2.20, 20.18, 23.25, 469.24, 65, 84, 12900516
2.19, 20.51, 22.66, 464.64, 65, 84, 12912340
2.20, 20.51, 22.76, 466.85, 65, 84, 12924176
2.20, 20.83, 23.22, 483.81, 65, 84, 12936000
2.19, 20.83, 22.76, 474.26, 65, 84, 12947828
2.20, 20.83, 22.66, 472.01, 65, 84, 12959656
2.21, 20.83, 23.28, 484.94, 65, 84, 12971488
2.22, 20.83, 23.01, 479.32, 65, 84, 12983320
2.23, 20.83, 22.74, 473.70, 65, 84, 12995144
2.23, 20.83, 22.66, 472.01, 65, 84, 13007000
2.22, 20.83, 23.33, 486.06, 65, 84, 13018804
2.21, 20.83, 22.63, 471.45, 65, 84, 13030636
2.20, 20.83, 23.17, 482.69, 65, 84, 13042464
2.20, 20.83, 23.30, 485.50, 65, 84, 13054292
2.21, 20.18, 22.74, 458.90, 65, 84, 13066124
2.22, 20.83, 22.93, 477.63, 65, 84, 13077956
2.22, 21.16, 23.28, 492.51, 66, 84, 13089792
2.22, 21.16, 22.60, 478.25, 66, 84, 13101612
2.23, 21.48, 22.79, 489.66, 66, 84, 13113448
2.23, 20.18, 23.09, 465.97, 66, 84, 13125288
2.24, 21.48, 22.63, 486.18, 66, 84, 13137108
2.25, 21.48, 22.74, 488.50, 66, 84, 13148928
2.25, 21.81, 23.30, 508.26, 66, 84, 13160764
2.26, 21.81, 22.66, 494.14, 66, 84, 13172584
2.27, 21.48, 23.22, 498.93, 66, 84, 13184416
2.29, 21.81, 23.22, 506.49, 66, 84, 13196252
2.27, 21.81, 22.71, 495.32, 66, 84, 13208076
2.27, 21.81, 23.09, 503.55, 66, 84, 13219908
2.27, 21.81, 23.09, 503.55, 66, 84, 13231736
2.26, 21.81, 22.60, 492.96, 66, 84, 13243572
2.28, 21.81, 23.06, 502.96, 66, 84, 13255396
2.30, 21.81, 23.25, 507.08, 66, 84, 13267236
2.30, 21.81, 22.68, 494.73, 66, 84, 13279056
2.29, 22.14, 23.20, 513.45, 67, 84, 13290884
2.29, 22.14, 22.63, 500.92, 67, 84, 13302716
2.30, 22.14, 22.76, 503.90, 67, 84, 13314540
2.29, 22.14, 22.76, 503.90, 67, 84, 13326376
2.29, 22.46, 22.58, 507.07, 67, 85, 13338200
2.29, 22.46, 22.66, 508.89, 67, 84, 13350036
2.31, 22.46, 23.30, 523.43, 67, 84, 13361860
2.32, 22.46, 22.55, 506.47, 67, 84, 13373696
2.32, 21.16, 23.06, 487.95, 67, 84, 13385516
2.38, 22.79, 23.20, 528.56, 67, 84, 13397348
2.41, 22.79, 22.68, 516.88, 67, 84, 13409176
2.43, 22.79, 23.17, 527.94, 67, 84, 13421008
2.42, 22.79, 22.58, 514.42, 67, 84, 13432840
2.43, 22.46, 22.95, 515.55, 67, 84, 13444664
2.45, 22.79, 23.25, 529.79, 67, 84, 13456496
2.45, 23.11, 22.60, 522.39, 67, 84, 13468324
2.45, 22.79, 22.87, 521.18, 67, 84, 13480160
2.46, 22.79, 23.25, 529.79, 68, 84, 13491984
2.46, 22.79, 22.63, 515.65, 68, 84, 13503820
2.46, 22.79, 23.28, 530.40, 68, 84, 13515648
2.46, 22.79, 22.68, 516.88, 68, 84, 13527476
2.47, 22.79, 22.63, 515.65, 68, 84, 13539316
2.46, 23.11, 23.20, 536.11, 68, 84, 13551136
2.42, 23.11, 22.58, 521.77, 68, 84, 13562972
2.39, 23.11, 22.98, 531.12, 68, 84, 13574800
2.38, 22.79, 23.22, 529.17, 68, 84, 13586636
2.38, 23.11, 22.76, 526.13, 68, 84, 13598460
2.38, 23.11, 22.85, 528.00, 68, 84, 13610300
2.38, 23.11, 22.79, 526.76, 68, 84, 13622120
2.39, 23.11, 22.79, 526.76, 68, 84, 13633956
2.39, 21.81, 23.25, 507.08, 68, 84, 13645792
2.39, 23.11, 22.76, 526.13, 68, 85, 13657616
2.39, 23.11, 23.17, 535.48, 68, 84, 13669452
2.39, 23.11, 22.63, 523.02, 68, 84, 13681272
2.38, 23.44, 22.74, 532.91, 69, 84, 13693108
2.42, 22.79, 23.01, 524.25, 69, 84, 13704932
2.43, 23.76, 22.63, 537.75, 69, 84, 13716768
2.41, 23.76, 23.25, 552.49, 69, 84, 13728592
2.40, 23.76, 22.58, 536.47, 69, 84, 13740428
2.41, 23.76, 22.87, 543.52, 69, 84, 13752264
2.42, 24.09, 22.55, 543.17, 69, 84, 13764088
2.42, 24.09, 22.68, 546.41, 69, 84, 13775924
2.41, 24.09, 22.93, 552.26, 69, 84, 13787748
2.41, 24.09, 22.58, 543.82, 69, 84, 13799584
2.43, 24.09, 23.36, 562.66, 69, 84, 13811412
2.43, 24.09, 22.76, 548.36, 69, 84, 13823248
2.44, 24.09, 22.90, 551.61, 69, 84, 13835072
2.44, 24.09, 23.17, 558.11, 69, 84, 13846924
2.47, 24.09, 22.66, 545.77, 69, 84, 13858740
2.50, 24.09, 23.12, 556.81, 69, 84, 13870564
2.49, 24.09, 22.76, 548.36, 69, 84, 13882404
2.45, 24.41, 23.20, 566.31, 70, 84, 13894224
2.43, 23.11, 22.66, 523.64, 70, 84, 13906068
2.44, 24.74, 23.28, 575.86, 70, 84, 13917892
2.46, 24.74, 22.66, 560.52, 70, 84, 13929728
2.47, 25.07, 23.28, 583.44, 70, 84, 13941552
2.46, 25.07, 22.55, 565.19, 70, 84, 13953380
2.48, 23.76, 22.74, 540.31, 70, 84, 13965224
2.49, 25.07, 23.14, 580.06, 70, 84, 13977040
2.49, 25.07, 22.52, 564.51, 70, 84, 13988872
2.49, 25.07, 22.55, 565.19, 70, 84, 14000696
2.50, 25.07, 22.60, 566.54, 70, 84, 14012532
2.50, 25.39, 23.25, 590.33, 70, 84, 14024352
2.50, 25.39, 22.68, 575.95, 70, 84, 14036188
2.50, 25.39, 23.22, 589.65, 70, 84, 14048016
2.50, 25.39, 22.52, 571.84, 70, 84, 14059848
2.50, 25.39, 23.25, 590.33, 70, 84, 14071676
2.51, 25.39, 22.63, 574.58, 70, 84, 14083500
2.51, 25.39, 23.25, 590.33, 71, 84, 14095336
2.51, 25.39, 22.90, 581.43, 71, 84, 14107180
2.50, 25.72, 23.22, 597.21, 71, 84, 14118992
2.50, 25.72, 22.55, 579.87, 71, 84, 14130820
2.52, 25.72, 22.76, 585.42, 71, 84, 14142652
2.52, 25.72, 22.52, 579.17, 71, 84, 14154472
2.52, 25.07, 22.93, 574.65, 71, 84, 14166312
2.54, 26.04, 22.66, 590.02, 71, 84, 14178140
2.56, 26.04, 22.95, 597.74, 71, 84, 14189968
2.55, 26.04, 22.58, 587.91, 71, 84, 14201804
2.54, 26.04, 22.82, 594.23, 71, 84, 14213632
2.53, 24.74, 23.44, 579.87, 71, 84, 14225484
2.54, 26.04, 22.90, 596.34, 71, 84, 14237296
2.54, 26.04, 22.58, 587.91, 71, 84, 14249132
2.54, 26.04, 23.03, 599.85, 71, 84, 14260952
2.55, 26.04, 22.58, 587.91, 71, 84, 14272792
2.55, 25.72, 22.87, 588.19, 71, 84, 14284620
2.55, 26.37, 22.58, 595.26, 72, 84, 14296444
2.55, 26.37, 23.17, 610.90, 72, 84, 14308280
2.55, 26.69, 22.60, 603.33, 72, 84, 14320108
2.56, 27.02, 23.22, 627.45, 72, 84, 14331940
2.57, 27.02, 22.63, 611.41, 72, 84, 14343760
2.59, 27.02, 23.01, 621.62, 72, 84, 14355596
2.60, 27.02, 22.76, 615.06, 72, 84, 14367424
2.60, 27.34, 22.49, 615.09, 72, 84, 14379256
2.61, 27.34, 23.14, 632.79, 72, 84, 14391080
2.62, 27.34, 22.52, 615.83, 72, 84, 14402912
2.62, 27.34, 22.98, 628.37, 72, 84, 14414736
2.61, 26.37, 22.90, 603.79, 72, 84, 14426568
2.61, 27.34, 22.66, 619.52, 72, 84, 14438404
2.62, 27.34, 22.95, 627.63, 72, 84, 14450224
2.63, 27.34, 22.63, 618.78, 72, 84, 14462060
2.62, 27.67, 22.98, 635.85, 72, 84, 14473884
2.63, 26.37, 22.74, 599.53, 72, 84, 14485720
2.64, 27.34, 23.20, 634.27, 73, 84, 14497544
