START
0.00, -0.33, 23.55, -7.66, 1, 19, 512
0.00, -0.65, 23.57, -15.35, 1, 141, 7600
0.00, -0.33, 23.52, -7.66, 1, 84, 19432
0.00, -0.33, 23.52, -7.66, 1, 84, 31248
0.00, -0.33, 23.52, -7.66, 1, 84, 43084
0.00, -0.33, 23.52, -7.66, 1, 84, 54904
0.00, -1.30, 23.71, -30.87, 1, 84, 66736
0.00, -0.33, 23.52, -7.66, 1, 84, 78560
0.00, -0.33, 23.52, -7.66, 1, 84, 90388
0.00, -0.33, 23.52, -7.66, 1, 84, 102208
0.00, -0.33, 23.52, -7.66, 1, 84, 114036
0.00, -0.33, 23.52, -7.66, 1, 84, 125864
0.00, -0.33, 23.52, -7.66, 1, 85, 137688
0.00, -0.33, 23.52, -7.66, 1, 84, 149520
0.00, -0.33, 23.52, -7.66, 1, 84, 161344
0.00, -0.33, 23.52, -7.66, 1, 84, 173176
0.00, -0.33, 23.52, -7.66, 1, 84, 184996
0.00, -0.33, 23.52, -7.66, 1, 84, 196828
0.00, -0.33, 23.52, -7.66, 1, 84, 208648
0.00, -0.33, 23.52, -7.66, 2, 84, 220484
0.00, -0.33, 23.52, -7.66, 2, 84, 232300
0.00, -0.33, 23.52, -7.66, 2, 84, 244132
0.00, -0.33, 23.52, -7.66, 2, 84, 255964
0.00, -0.65, 23.52, -15.31, 2, 84, 267788
0.00, -0.33, 23.52, -7.66, 2, 84, 279620
0.00, -0.33, 23.52, -7.66, 2, 84, 291436
0.00, -0.33, 23.52, -7.66, 2, 84, 303276
0.00, -0.33, 23.52, -7.66, 2, 84, 315096
0.00, -1.95, 23.71, -46.31, 2, 84, 326948
0.00, -0.33, 23.52, -7.66, 2, 85, 338756
0.00, -0.33, 23.52, -7.66, 2, 84, 350584
0.00, -0.33, 23.52, -7.66, 2, 84, 362412
0.00, -0.33, 23.52, -7.66, 2, 84, 374240
0.00, -0.33, 23.57, -7.67, 2, 84, 386076
0.00, -0.33, 23.52, -7.66, 2, 85, 397896
0.00, -0.33, 23.52, -7.66, 2, 84, 409728
0.00, -0.33, 23.52, -7.66, 3, 84, 421548
0.00, -0.33, 23.52, -7.66, 3, 84, 433384
0.00, -0.33, 23.52, -7.66, 3, 84, 445204
0.00, -0.33, 23.52, -7.66, 3, 84, 457036
0.00, -0.33, 23.52, -7.66, 3, 84, 468860
0.00, -0.33, 23.52, -7.66, 3, 84, 480688
0.00, -0.33, 23.52, -7.66, 3, 84, 492520
0.00, -0.33, 23.52, -7.66, 3, 84, 504344
0.00, -0.33, 23.52, -7.66, 3, 84, 516176
0.00, -0.33, 23.52, -7.66, 3, 84, 528020
0.00, -0.33, 23.52, -7.66, 3, 84, 539836
0.00, -0.33, 23.52, -7.66, 3, 84, 551656
0.00, -0.33, 23.52, -7.66, 3, 84, 563488
0.00, -0.33, 23.52, -7.66, 3, 84, 575312
0.00, -1.95, 23.65, -46.20, 3, 84, 587156
0.00, -0.33, 23.52, -7.66, 3, 84, 598976
0.00, -0.33, 23.52, -7.66, 3, 84, 610796
0.00, -0.33, 23.52, -7.66, 4, 84, 622628
0.00, -0.33, 23.52, -7.66, 4, 84, 634452
0.00, -0.65, 23.57, -15.35, 4, 84, 646288
0.00, -0.33, 23.52, -7.66, 4, 84, 658108
0.00, -0.33, 23.52, -7.66, 4, 84, 669940
0.00, -0.33, 23.52, -7.66, 4, 84, 681764
0.00, -0.33, 23.52, -7.66, 4, 84, 693592
0.00, -0.33, 23.52, -7.66, 4, 84, 705420
0.00, -0.33, 23.52, -7.66, 4, 84, 717248
0.00, -0.33, 23.52, -7.66, 4, 84, 729080
0.00, -0.33, 23.52, -7.66, 4, 84, 740900
0.00, -0.33, 23.52, -7.66, 4, 84, 752732
0.00, -0.33, 23.52, -7.66, 4, 84, 764552
0.00, -0.33, 23.52, -7.66, 4, 84, 776384
0.00, -0.33, 23.49, -7.65, 4, 84, 788224
-0.00, -0.33, 23.52, -7.66, 4, 84, 800032
0.00, -0.33, 23.49, -7.65, 4, 84, 811856
0.00, -0.33, 23.52, -7.66, 5, 84, 823684
0.00, -0.33, 23.52, -7.66, 5, 84, 835512
0.00, -0.98, 23.63, -23.07, 5, 84, 847332
0.01, -0.33, 23.52, -7.66, 5, 84, 859172
0.01, -0.33, 23.52, -7.66, 5, 84, 870992
0.01, -0.33, 23.52, -7.66, 5, 84, 882824
0.01, -0.00, 23.52, -0.00, 5, 84, 894644
0.00, -0.65, 23.60, -15.37, 5, 84, 906480
-0.00, -0.00, 23.52, -0.00, 5, 84, 918304
-0.00, -0.00, 23.47, -0.00, 5, 84, 930132
-0.01, -0.00, 23.52, -0.00, 5, 84, 941960
-0.00, -0.00, 23.52, -0.00, 5, 84, 953788
0.01, -0.00, 23.49, -0.00, 5, 84, 965620
0.00, -0.00, 23.52, -0.00, 5, 84, 977440
0.01, -0.00, 23.52, -0.00, 5, 84, 989276
0.01, -0.00, 23.52, -0.00, 5, 84, 1001100
0.00, -0.00, 23.52, -0.00, 5, 84, 1012932
0.00, -0.00, 23.52, -0.00, 6, 84, 1024748
0.00, -0.00, 23.41, -0.00, 6, 84, 1036584
0.01, -0.00, 23.52, -0.00, 6, 84, 1048424
0.01, 0.33, 23.52, 7.66, 6, 84, 1060228
0.01, 0.65, 23.52, 15.31, 6, 84, 1072056
0.01, 0.98, 23.52, 22.97, 6, 84, 1083880
-0.00, 1.30, 23.52, 30.62, 6, 84, 1095712
0.01, 0.65, 23.63, 15.38, 6, 84, 1107532
0.03, 1.63, 23.55, 38.32, 6, 84, 1119368
0.01, 1.95, 23.36, 45.62, 6, 84, 1131188
0.00, 1.95, 23.52, 45.94, 6, 84, 1143024
-0.00, 1.95, 23.52, 45.94, 6, 84, 1154844
0.02, 1.30, 23.41, 30.48, 6, 84, 1166668
0.02, 2.28, 23.52, 53.59, 6, 85, 1178492
0.01, 2.28, 23.49, 53.53, 6, 84, 1190324
0.01, 2.28, 23.49, 53.53, 6, 84, 1202156
0.02, 2.28, 23.52, 53.59, 6, 84, 1213980
0.02, 1.95, 23.52, 45.94, 7, 84, 1225812
0.03, 1.63, 23.52, 38.28, 7, 84, 1237632
0.04, 1.63, 23.52, 38.28, 7, 84, 1249460
0.03, 1.30, 23.52, 30.62, 7, 84, 1261280
0.01, 1.30, 23.52, 30.62, 7, 84, 1273116
0.00, 0.98, 23.52, 22.97, 7, 84, 1284932
0.01, 0.98, 23.52, 22.97, 7, 84, 1296760
0.01, 0.98, 23.52, 22.97, 7, 84, 1308588
0.02, 0.98, 23.47, 22.92, 7, 84, 1320412
0.03, 0.98, 23.55, 22.99, 7, 84, 1332244
0.03, 0.98, 23.52, 22.97, 7, 84, 1344064
0.03, 0.98, 23.52, 22.97, 7, 84, 1355896
0.03, -0.00, 23.60, -0.00, 7, 84, 1367716
0.03, 0.98, 23.47, 22.92, 7, 84, 1379552
0.03, 0.98, 23.38, 22.84, 7, 84, 1391376
0.03, 0.65, 23.52, 15.31, 7, 84, 1403204
0.03, 0.65, 23.55, 15.33, 7, 84, 1415028
0.03, -0.00, 23.65, -0.00, 8, 84, 1426856
0.04, 0.65, 23.52, 15.31, 8, 84, 1438688
0.03, 0.65, 23.55, 15.33, 8, 84, 1450516
0.04, 0.65, 23.52, 15.31, 8, 84, 1462348
0.04, 0.65, 23.52, 15.31, 8, 84, 1474168
0.04, 0.65, 23.52, 15.31, 8, 84, 1486004
0.03, 0.65, 23.52, 15.31, 8, 84, 1497824
0.04, 0.65, 23.55, 15.33, 8, 84, 1509660
0.04, 0.65, 23.55, 15.33, 8, 84, 1521484
0.04, 0.65, 23.52, 15.31, 8, 84, 1533312
0.04, 0.33, 23.52, 7.66, 8, 84, 1545148
0.04, 0.33, 23.52, 7.66, 8, 84, 1556964
0.04, 0.33, 23.52, 7.66, 8, 84, 1568800
0.03, 0.33, 23.52, 7.66, 8, 84, 1580624
0.04, 0.33, 23.52, 7.66, 8, 84, 1592456
0.05, 0.33, 23.52, 7.66, 8, 84, 1604276
0.05, 0.33, 23.52, 7.66, 8, 84, 1616112
0.05, -0.00, 23.55, -0.00, 9, 84, 1627932
0.05, 0.33, 23.47, 7.64, 9, 84, 1639764
0.05, 0.33, 23.52, 7.66, 9, 84, 1651592
0.06, 0.33, 23.52, 7.66, 9, 84, 1663420
0.05, 0.33, 23.52, 7.66, 9, 84, 1675256
0.05, -0.98, 23.71, -23.15, 9, 84, 1687092
0.05, 0.33, 23.55, 7.66, 9, 84, 1698912
0.05, 0.33, 23.55, 7.66, 9, 84, 1710736
0.06, 0.33, 23.55, 7.66, 9, 84, 1722568
0.06, 0.33, 23.55, 7.66, 9, 84, 1734388
0.06, 0.33, 23.52, 7.66, 9, 84, 1746220
0.06, 0.33, 23.55, 7.66, 9, 84, 1758048
0.06, 0.33, 23.52, 7.66, 9, 84, 1769876
0.06, 0.33, 23.52, 7.66, 9, 84, 1781708
0.05, 0.33, 23.55, 7.66, 9, 84, 1793528
0.06, 0.33, 23.52, 7.66, 9, 84, 1805360
0.06, 0.33, 23.52, 7.66, 9, 84, 1817180
0.06, 0.33, 23.52, 7.66, 10, 84, 1829016
0.06, 0.33, 23.52, 7.66, 10, 84, 1840840
0.07, 0.33, 23.52, 7.66, 10, 84, 1852672
0.07, 0.33, 23.52, 7.66, 10, 84, 1864496
0.06, 0.33, 23.52, 7.66, 10, 84, 1876324
0.07, -0.00, 23.52, -0.00, 10, 84, 1888148
0.08, 0.33, 23.52, 7.66, 10, 84, 1899976
0.07, 0.33, 23.52, 7.66, 10, 84, 1911812
0.06, 0.33, 23.55, 7.66, 10, 84, 1923628
0.08, 0.33, 23.55, 7.66, 10, 84, 1935464
0.08, -0.98, 23.74, -23.18, 10, 84, 1947300
0.06, 0.33, 23.55, 7.66, 10, 85, 1959116
0.07, 0.33, 23.41, 7.62, 10, 84, 1970932
0.09, 0.65, 23.47, 15.28, 10, 84, 1982768
0.08, 0.65, 23.52, 15.31, 10, 84, 1994588
0.07, 0.65, 23.57, 15.35, 10, 84, 2006412
0.10, 0.65, 23.52, 15.31, 10, 84, 2018244
0.10, 0.65, 23.55, 15.33, 11, 84, 2030064
0.07, 0.65, 23.55, 15.33, 11, 84, 2041896
0.08, 0.65, 23.52, 15.31, 11, 84, 2053716
0.10, 0.65, 23.44, 15.26, 11, 84, 2065552
0.08, 0.65, 23.52, 15.31, 11, 84, 2077368
0.08, 0.65, 23.52, 15.31, 11, 84, 2089204
0.11, 0.65, 23.55, 15.33, 11, 84, 2101020
0.10, 0.65, 23.52, 15.31, 11, 84, 2112848
0.09, 0.65, 23.52, 15.31, 11, 84, 2124676
0.11, 0.65, 23.47, 15.28, 11, 84, 2136500
0.10, 0.65, 23.52, 15.31, 11, 84, 2148352
0.09, 0.65, 23.52, 15.31, 11, 85, 2160152
0.10, 0.65, 23.52, 15.31, 11, 84, 2171984
0.10, 0.65, 23.52, 15.31, 11, 84, 2183812
0.09, 0.65, 23.52, 15.31, 11, 84, 2195644
0.11, -0.65, 23.55, -15.33, 11, 84, 2207480
0.10, 0.65, 23.52, 15.31, 11, 84, 2219296
0.10, 0.65, 23.55, 15.33, 12, 84, 2231116
0.12, 0.65, 23.52, 15.31, 12, 84, 2242944
0.10, 0.65, 23.36, 15.21, 12, 84, 2254776
0.10, 0.33, 23.57, 7.67, 12, 84, 2266600
0.12, 0.65, 23.55, 15.33, 12, 84, 2278428
0.11, 0.65, 23.41, 15.24, 12, 84, 2290248
0.11, 0.65, 23.52, 15.31, 12, 84, 2302080
0.13, 0.65, 23.52, 15.31, 12, 84, 2313900
0.11, 0.65, 23.52, 15.31, 12, 84, 2325732
0.12, 0.65, 23.47, 15.28, 12, 84, 2337556
0.13, 0.65, 23.52, 15.31, 12, 84, 2349388
0.11, 0.65, 23.52, 15.31, 12, 84, 2361208
0.13, 0.65, 23.36, 15.21, 12, 84, 2373036
0.12, 0.65, 23.52, 15.31, 12, 84, 2384868
0.11, 0.65, 23.52, 15.31, 12, 84, 2396688
0.14, 0.65, 23.52, 15.31, 12, 84, 2408540
0.12, 0.65, 23.52, 15.31, 12, 84, 2420340
0.12, 0.65, 23.52, 15.31, 13, 84, 2432176
0.14, 0.65, 23.52, 15.31, 13, 84, 2444000
0.12, 0.98, 23.52, 22.97, 13, 84, 2455832
0.14, -0.65, 23.65, -15.40, 13, 84, 2467656
0.14, 0.98, 23.52, 22.97, 13, 84, 2479480
0.13, 0.98, 23.52, 22.97, 13, 84, 2491308
0.15, 0.98, 23.52, 22.97, 13, 84, 2503132
0.13, 0.98, 23.49, 22.94, 13, 84, 2514968
0.14, 0.65, 23.60, 15.37, 13, 84, 2526784
0.15, 0.98, 23.52, 22.97, 13, 84, 2538616
0.13, 0.98, 23.47, 22.92, 13, 84, 2550440
0.15, 0.98, 23.55, 22.99, 13, 84, 2562268
0.14, 0.98, 23.49, 22.94, 13, 84, 2574088
0.14, 0.98, 23.52, 22.97, 13, 84, 2585924
0.15, 0.98, 23.52, 22.97, 13, 84, 2597744
0.14, 0.98, 23.52, 22.97, 13, 84, 2609568
0.15, 0.98, 23.52, 22.97, 13, 84, 2621408
0.15, 0.98, 23.49, 22.94, 14, 84, 2633224
0.15, 0.98, 23.52, 22.97, 14, 84, 2645060
0.16, 0.98, 23.52, 22.97, 14, 84, 2656884
0.15, 0.98, 23.52, 22.97, 14, 84, 2668736
0.16, 0.98, 23.52, 22.97, 14, 85, 2680536
0.16, 0.98, 23.52, 22.97, 14, 84, 2692368
0.15, 0.98, 23.52, 22.97, 14, 84, 2704188
0.16, 0.98, 23.41, 22.86, 14, 84, 2716016
0.16, -0.00, 23.55, -0.00, 14, 84, 2727844
0.16, 0.98, 23.52, 22.97, 14, 84, 2739668
0.17, 0.98, 23.41, 22.86, 14, 84, 2751504
0.16, 0.98, 23.52, 22.97, 14, 84, 2763328
0.17, 0.98, 23.41, 22.86, 14, 84, 2775160
0.17, -0.00, 23.65, -0.00, 14, 84, 2786984
0.17, 0.98, 23.33, 22.78, 14, 84, 2798816
0.18, 0.98, 23.52, 22.97, 14, 84, 2810640
0.17, 0.98, 23.49, 22.94, 14, 84, 2822472
0.18, 0.98, 23.52, 22.97, 15, 84, 2834300
0.18, 0.98, 23.36, 22.81, 15, 84, 2846120
0.18, 0.98, 23.52, 22.97, 15, 84, 2857956
0.19, 0.98, 23.52, 22.97, 15, 84, 2869780
0.18, 0.98, 23.52, 22.97, 15, 84, 2881612
0.20, 0.98, 23.52, 22.97, 15, 84, 2893436
0.18, 0.98, 23.52, 22.97, 15, 84, 2905272
0.20, 1.30, 23.49, 30.59, 15, 84, 2917092
0.19, 1.30, 23.52, 30.62, 15, 84, 2928928
0.19, 0.98, 23.30, 22.76, 15, 84, 2940752
0.20, 1.30, 23.52, 30.62, 15, 84, 2952576
0.19, 1.30, 23.41, 30.48, 15, 84, 2964412
0.20, 1.30, 23.52, 30.62, 15, 84, 2976232
0.20, 0.33, 23.44, 7.63, 15, 84, 2988068
0.21, 1.30, 23.55, 30.66, 15, 84, 2999892
0.20, 1.30, 23.44, 30.52, 15, 84, 3011728
0.21, 1.30, 23.52, 30.62, 15, 84, 3023548
0.20, 1.30, 23.52, 30.62, 16, 84, 3035384
0.21, 0.33, 23.71, 7.72, 16, 84, 3047208
0.21, 1.30, 23.52, 30.62, 16, 84, 3059036
0.21, 1.30, 23.47, 30.55, 16, 84, 3070864
0.21, 1.30, 23.52, 30.62, 16, 84, 3082692
0.21, 1.30, 23.52, 30.62, 16, 84, 3094524
0.22, 1.30, 23.52, 30.62, 16, 84, 3106348
0.22, 1.30, 23.52, 30.62, 16, 84, 3118180
0.22, 1.30, 23.44, 30.52, 16, 84, 3130004
0.22, 1.30, 23.52, 30.62, 16, 84, 3141836
0.22, 1.30, 23.52, 30.62, 16, 84, 3153660
0.23, 1.30, 23.52, 30.62, 16, 84, 3165496
0.22, 1.30, 23.52, 30.62, 16, 84, 3177316
0.23, 1.30, 23.36, 30.41, 16, 84, 3189148
0.23, 1.30, 23.52, 30.62, 16, 84, 3200980
0.24, 1.30, 23.52, 30.62, 16, 84, 3212800
0.23, 1.30, 23.52, 30.62, 16, 84, 3224632
0.24, 1.30, 23.52, 30.62, 17, 84, 3236456
0.23, 0.98, 23.57, 23.02, 17, 84, 3248288
0.24, 1.30, 23.52, 30.62, 17, 84, 3260108
0.24, 1.30, 23.52, 30.62, 17, 84, 3271944
0.25, 1.30, 23.52, 30.62, 17, 84, 3283764
0.24, 1.30, 23.52, 30.62, 17, 84, 3295592
0.24, -0.00, 23.71, -0.00, 17, 84, 3307432
0.24, 1.30, 23.52, 30.62, 17, 84, 3319244
0.25, 1.30, 23.52, 30.62, 17, 84, 3331080
0.25, 1.30, 23.52, 30.62, 17, 84, 3342900
0.25, 1.30, 23.47, 30.55, 17, 84, 3354732
0.25, 1.30, 23.44, 30.52, 17, 84, 3366548
0.26, 1.30, 23.52, 30.62, 17, 84, 3378384
0.26, 1.30, 23.52, 30.62, 17, 84, 3390204
0.26, 1.30, 23.38, 30.45, 17, 84, 3402040
0.26, 1.30, 23.41, 30.48, 17, 84, 3413860
0.25, 1.30, 23.52, 30.62, 17, 84, 3425684
0.26, 1.30, 23.52, 30.62, 18, 84, 3437520
0.25, 1.30, 23.41, 30.48, 18, 84, 3449340
0.28, 1.30, 23.52, 30.62, 18, 84, 3461172
0.26, 1.30, 23.52, 30.62, 18, 84, 3472996
0.28, 1.63, 23.52, 38.28, 18, 84, 3484832
0.26, 1.63, 23.33, 37.97, 18, 84, 3496652
0.28, 0.98, 23.55, 22.99, 18, 84, 3508484
0.26, 1.30, 23.52, 30.62, 18, 84, 3520308
0.28, 1.30, 23.52, 30.62, 18, 84, 3532132
0.27, 1.30, 23.41, 30.48, 18, 84, 3543960
0.28, 1.30, 23.52, 30.62, 18, 84, 3555788
0.28, -0.00, 23.52, -0.00, 18, 84, 3567640
0.28, 1.63, 23.52, 38.28, 18, 85, 3579448
0.28, 1.63, 23.52, 38.28, 18, 84, 3591284
0.27, 1.63, 23.52, 38.28, 18, 84, 3603108
0.29, 1.63, 23.52, 38.28, 18, 84, 3614940
0.28, 1.63, 23.49, 38.24, 18, 84, 3626760
0.29, 1.63, 23.52, 38.28, 19, 84, 3638596
0.27, 1.63, 23.52, 38.28, 19, 84, 3650416
0.30, 1.63, 23.52, 38.28, 19, 84, 3662244
0.29, 1.63, 23.47, 38.19, 19, 84, 3674076
0.30, 1.63, 23.25, 37.84, 19, 84, 3685900
0.29, 1.63, 23.52, 38.28, 19, 84, 3697732
0.29, 1.63, 23.52, 38.28, 19, 84, 3709552
0.30, 1.63, 23.52, 38.28, 19, 84, 3721384
0.29, 1.63, 23.52, 38.28, 19, 84, 3733208
0.31, 1.63, 23.47, 38.19, 19, 84, 3745040
0.30, 1.63, 23.49, 38.24, 19, 84, 3756864
0.31, 1.63, 23.52, 38.28, 19, 84, 3768708
0.30, 1.63, 23.52, 38.28, 19, 84, 3780516
0.31, 1.63, 23.52, 38.28, 19, 84, 3792340
0.31, 1.63, 23.49, 38.24, 19, 84, 3804176
0.30, 1.63, 23.49, 38.24, 19, 84, 3815996
0.31, 0.33, 23.71, 7.72, 19, 84, 3827844
0.30, 1.63, 23.49, 38.24, 20, 84, 3839652
0.32, 1.63, 23.52, 38.28, 20, 84, 3851484
0.31, 1.63, 23.52, 38.28, 20, 84, 3863308
0.32, 1.63, 23.52, 38.28, 20, 84, 3875136
0.32, 1.30, 23.57, 30.69, 20, 84, 3886964
0.32, 1.95, 23.41, 45.73, 20, 84, 3898792
0.33, 1.63, 23.49, 38.24, 20, 84, 3910624
0.32, 1.95, 23.52, 45.94, 20, 84, 3922444
0.33, 1.95, 23.52, 45.94, 20, 84, 3934280
0.32, 1.95, 23.52, 45.94, 20, 84, 3946096
0.33, 1.95, 23.52, 45.94, 20, 84, 3957936
0.34, 1.95, 23.52, 45.94, 20, 84, 3969752
0.33, 1.95, 23.44, 45.78, 20, 84, 3981588
0.34, 1.95, 23.38, 45.67, 20, 84, 3993408
0.33, 1.95, 23.36, 45.62, 20, 84, 4005232
0.34, 1.95, 23.41, 45.73, 20, 84, 4017060
0.34, 1.95, 23.52, 45.94, 20, 84, 4028908
0.33, 1.95, 23.52, 45.94, 21, 84, 4040724
0.35, 1.95, 23.52, 45.94, 21, 84, 4052544
0.34, 1.95, 23.52, 45.94, 21, 84, 4064380
0.35, 1.95, 23.49, 45.88, 21, 84, 4076200
0.35, 0.33, 23.63, 7.69, 21, 84, 4088032
0.34, 1.95, 23.49, 45.88, 21, 84, 4099856
0.36, 1.95, 23.33, 45.57, 21, 84, 4111692
0.34, 1.95, 23.25, 45.41, 21, 84, 4123516
0.36, 1.95, 23.38, 45.67, 21, 84, 4135344
0.36, 1.63, 23.63, 38.46, 21, 84, 4147176
0.35, 1.95, 23.52, 45.94, 21, 84, 4159000
0.37, 1.95, 23.52, 45.94, 21, 84, 4170836
0.35, 1.95, 23.52, 45.94, 21, 84, 4182656
0.36, 1.95, 23.52, 45.94, 21, 84, 4194496
0.36, 1.95, 23.52, 45.94, 21, 84, 4206316
0.35, 1.95, 23.49, 45.88, 21, 84, 4218152
0.37, 1.95, 23.47, 45.83, 21, 84, 4229972
0.36, 1.95, 23.38, 45.67, 22, 84, 4241800
0.37, 1.95, 23.47, 45.83, 22, 84, 4253632
0.38, 1.95, 23.33, 45.57, 22, 84, 4265452
0.36, 1.95, 23.30, 45.52, 22, 84, 4277284
0.38, 1.95, 23.52, 45.94, 22, 84, 4289128
0.37, 1.95, 23.52, 45.94, 22, 84, 4300940
0.37, 1.95, 23.52, 45.94, 22, 84, 4312764
0.39, 1.95, 23.52, 45.94, 22, 84, 4324596
0.37, 1.95, 23.52, 45.94, 22, 84, 4336420
0.38, 1.30, 23.63, 30.77, 22, 84, 4348248
0.39, 1.95, 23.52, 45.94, 22, 84, 4360076
0.38, 1.95, 23.52, 45.94, 22, 84, 4371908
0.39, 1.95, 23.52, 45.94, 22, 84, 4383740
0.39, 1.95, 23.52, 45.94, 22, 84, 4395556
0.38, 1.30, 23.65, 30.80, 22, 84, 4407392
0.40, 1.95, 23.52, 45.94, 22, 84, 4419216
0.39, 2.28, 23.52, 53.59, 22, 84, 4431052
0.39, 1.95, 23.52, 45.94, 23, 84, 4442868
0.40, 2.28, 23.52, 53.59, 23, 84, 4454704
0.39, 2.28, 23.52, 53.59, 23, 84, 4466520
0.40, 2.28, 23.52, 53.59, 23, 84, 4478352
0.40, 2.28, 23.52, 53.59, 23, 84, 4490184
0.39, 2.28, 23.52, 53.59, 23, 84, 4502008
0.41, 2.28, 23.52, 53.59, 23, 84, 4513840
0.40, 2.28, 23.52, 53.59, 23, 84, 4525660
0.40, 2.28, 23.52, 53.59, 23, 84, 4537500
0.42, 2.28, 23.49, 53.53, 23, 84, 4549320
0.41, 2.28, 23.52, 53.59, 23, 84, 4561152
0.41, 2.28, 23.52, 53.59, 23, 84, 4572976
0.42, 2.28, 23.52, 53.59, 23, 84, 4584800
0.41, 2.28, 23.52, 53.59, 23, 84, 4596628
0.42, 1.63, 23.57, 38.37, 23, 84, 4608456
0.42, 2.28, 23.52, 53.59, 23, 84, 4620288
0.41, 2.28, 23.30, 53.10, 23, 84, 4632108
0.43, 2.28, 23.20, 52.86, 24, 84, 4643940
0.43, 2.28, 23.38, 53.29, 24, 84, 4655760
0.42, 1.63, 23.52, 38.28, 24, 84, 4667596
0.43, 2.28, 23.49, 53.53, 24, 84, 4679412
0.43, 2.28, 23.49, 53.53, 24, 84, 4691248
0.42, 2.28, 23.52, 53.59, 24, 84, 4703068
0.44, 2.60, 23.52, 61.25, 24, 84, 4714896
0.44, 2.28, 23.52, 53.59, 24, 84, 4726732
0.43, 2.28, 23.52, 53.59, 24, 85, 4738552
0.45, 2.60, 23.52, 61.25, 24, 84, 4750388
0.44, 2.60, 23.52, 61.25, 24, 84, 4762208
0.43, 2.60, 23.52, 61.25, 24, 84, 4774040
0.45, 2.60, 23.38, 60.90, 24, 84, 4785864
0.44, 2.60, 23.49, 61.18, 24, 84, 4797696
0.43, 2.60, 23.38, 60.90, 24, 84, 4809516
0.45, 2.60, 23.47, 61.11, 24, 84, 4821344
0.45, 2.60, 23.52, 61.25, 24, 84, 4833168
0.44, 2.60, 23.49, 61.18, 25, 84, 4844996
0.46, 2.60, 23.52, 61.25, 25, 84, 4856824
0.45, 2.28, 23.57, 53.72, 25, 84, 4868644
0.44, 2.60, 23.52, 61.25, 25, 84, 4880480
0.46, 2.60, 23.49, 61.18, 25, 84, 4892300
0.46, 2.60, 23.22, 60.48, 25, 84, 4904136
0.45, 2.60, 23.41, 60.97, 25, 84, 4915956
0.47, 0.98, 23.57, 23.02, 25, 84, 4927804
0.47, 2.60, 23.49, 61.18, 25, 85, 4939612
0.45, 2.60, 23.52, 61.25, 25, 84, 4951436
0.47, 2.60, 23.52, 61.25, 25, 84, 4963268
0.48, 2.60, 23.25, 60.55, 25, 84, 4975088
0.46, 2.60, 23.33, 60.76, 25, 84, 4986920
0.47, 2.60, 23.49, 61.18, 25, 85, 4998740
0.48, 2.60, 23.49, 61.18, 25, 84, 5010576
0.46, 2.60, 23.52, 61.25, 25, 84, 5022396
0.47, 2.60, 23.52, 61.25, 25, 84, 5034232
0.49, 2.60, 23.33, 60.76, 26, 84, 5046052
0.47, 2.60, 23.38, 60.90, 26, 84, 5057880
0.47, 2.60, 23.49, 61.18, 26, 84, 5069704
0.49, 2.60, 23.52, 61.25, 26, 84, 5081532
0.48, 2.60, 23.52, 61.25, 26, 84, 5093364
0.47, 2.60, 23.38, 60.90, 26, 84, 5105184
0.49, 2.60, 23.20, 60.41, 26, 84, 5117020
0.49, 2.28, 23.33, 53.16, 26, 84, 5128840
0.48, 2.60, 23.49, 61.18, 26, 84, 5140672
0.50, 2.60, 23.49, 61.18, 26, 84, 5152500
0.50, 2.60, 23.52, 61.25, 26, 84, 5164332
0.48, 2.93, 23.25, 68.12, 26, 84, 5176152
0.49, 1.30, 23.65, 30.80, 26, 84, 5187996
0.50, 2.93, 23.47, 68.75, 26, 84, 5199812
0.49, 2.93, 23.49, 68.83, 26, 84, 5211636
0.49, 2.60, 23.52, 61.25, 26, 84, 5223472
0.51, 2.60, 23.36, 60.83, 26, 84, 5235288
0.50, 2.28, 23.41, 53.35, 27, 84, 5247120
0.49, 2.93, 23.47, 68.75, 27, 84, 5258940
0.51, 2.93, 23.49, 68.83, 27, 84, 5270776
0.52, 2.93, 23.52, 68.91, 27, 84, 5282596
0.50, 2.93, 23.52, 68.91, 27, 84, 5294428
0.50, 2.93, 23.25, 68.12, 27, 84, 5306252
0.52, 2.93, 23.41, 68.59, 27, 84, 5318084
0.51, 2.93, 23.49, 68.83, 27, 84, 5329920
0.51, 2.93, 23.52, 68.91, 27, 84, 5341740
0.53, 2.93, 23.52, 68.91, 27, 84, 5353576
0.53, 2.93, 23.28, 68.19, 27, 84, 5365396
0.52, 2.93, 23.25, 68.12, 27, 84, 5377232
0.52, 2.93, 23.41, 68.59, 27, 84, 5389072
0.54, 2.93, 23.52, 68.91, 27, 84, 5400884
0.53, 2.93, 23.47, 68.75, 27, 84, 5412708
0.52, 2.93, 23.36, 68.43, 27, 84, 5424540
0.53, 2.93, 23.49, 68.83, 27, 84, 5436376
0.54, 1.63, 23.71, 38.59, 28, 84, 5448196
0.53, 2.93, 23.52, 68.91, 28, 84, 5460032
0.53, 3.26, 23.36, 76.03, 28, 84, 5471848
0.55, 3.26, 23.41, 76.21, 28, 84, 5483680
0.54, 3.26, 23.52, 76.56, 28, 84, 5495504
0.53, 2.60, 23.52, 61.25, 28, 84, 5507336
0.54, 3.26, 23.47, 76.39, 28, 84, 5519160
0.55, 3.26, 23.49, 76.47, 28, 84, 5530984
0.55, 3.26, 23.52, 76.56, 28, 84, 5542808
0.54, 3.26, 23.25, 75.68, 28, 84, 5554636
0.55, 3.26, 23.47, 76.39, 28, 84, 5566472
0.56, 3.26, 23.52, 76.56, 28, 84, 5578292
0.55, 3.26, 23.36, 76.03, 28, 84, 5590120
0.55, 3.26, 23.38, 76.12, 28, 84, 5601940
0.56, 3.26, 23.49, 76.47, 28, 84, 5613776
0.56, 3.26, 23.49, 76.47, 28, 84, 5625600
0.55, 3.26, 23.49, 76.47, 28, 84, 5637436
0.56, 3.26, 23.20, 75.51, 29, 84, 5649276
0.57, 3.26, 23.52, 76.56, 29, 84, 5661080
0.57, 3.26, 23.28, 75.77, 29, 84, 5672912
0.56, 3.26, 23.47, 76.39, 29, 84, 5684732
0.56, 3.26, 23.52, 76.56, 29, 84, 5696568
0.57, 1.63, 23.33, 37.97, 29, 84, 5708388
0.57, 3.26, 23.44, 76.30, 29, 84, 5720220
0.57, 3.26, 23.52, 76.56, 29, 84, 5732040
0.57, 3.26, 23.49, 76.47, 29, 84, 5743872
0.58, 3.26, 23.49, 76.47, 29, 84, 5755692
0.58, 2.28, 23.63, 53.84, 29, 84, 5767520
0.57, 3.26, 23.22, 75.60, 29, 85, 5779344
0.58, 3.26, 23.49, 76.47, 29, 84, 5791172
0.58, 3.26, 23.52, 76.56, 29, 84, 5803004
0.58, 3.26, 23.28, 75.77, 29, 84, 5814828
0.58, 3.26, 23.38, 76.12, 29, 84, 5826656
0.58, 3.26, 23.52, 76.56, 29, 84, 5838480
0.59, 3.26, 23.28, 75.77, 30, 84, 5850312
0.59, 3.26, 23.49, 76.47, 30, 84, 5862132
0.58, 3.58, 23.52, 84.22, 30, 84, 5873964
0.59, 3.58, 23.22, 83.16, 30, 84, 5885788
0.59, 3.58, 23.49, 84.12, 30, 84, 5897612
0.60, 3.58, 23.49, 84.12, 30, 84, 5909464
0.59, 3.58, 23.44, 83.93, 30, 85, 5921264
0.59, 3.58, 23.49, 84.12, 30, 84, 5933100
0.60, 3.58, 23.49, 84.12, 30, 84, 5944924
0.60, 3.58, 23.22, 83.16, 30, 84, 5956756
0.60, 2.60, 23.52, 61.25, 30, 84, 5968580
0.60, 3.58, 23.49, 84.12, 30, 85, 5980416
0.60, 3.58, 23.20, 83.06, 30, 84, 5992240
0.60, 3.58, 23.49, 84.12, 30, 84, 6004068
0.60, 3.58, 23.49, 84.12, 30, 84, 6015896
0.61, 2.60, 23.47, 61.11, 30, 84, 6027724
0.61, 3.58, 23.49, 84.12, 30, 84, 6039556
0.62, 3.58, 23.49, 84.12, 31, 84, 6051376
0.61, 3.58, 23.41, 83.83, 31, 84, 6063212
0.61, 3.58, 23.52, 84.22, 31, 84, 6075036
0.61, 3.58, 23.22, 83.16, 31, 84, 6086868
0.62, 3.58, 23.49, 84.12, 31, 84, 6098692
0.62, 3.58, 23.49, 84.12, 31, 84, 6110528
0.62, 3.58, 23.36, 83.64, 31, 84, 6122352
0.62, 3.58, 23.49, 84.12, 31, 84, 6134176
0.63, 3.58, 23.49, 84.12, 31, 84, 6146012
0.63, 3.58, 23.44, 83.93, 31, 84, 6157836
0.63, 3.58, 23.52, 84.22, 31, 84, 6169672
0.63, 3.58, 23.36, 83.64, 31, 84, 6181492
0.63, 3.58, 23.49, 84.12, 31, 84, 6193328
0.63, 3.58, 23.49, 84.12, 31, 84, 6205148
0.64, 3.58, 23.33, 83.54, 31, 84, 6216984
0.64, 2.93, 23.57, 69.06, 31, 84, 6228808
0.64, 3.58, 23.20, 83.06, 31, 84, 6240632
0.64, 3.91, 23.49, 91.77, 32, 84, 6252460
0.65, 3.91, 23.25, 90.82, 32, 84, 6264284
0.65, 3.91, 23.44, 91.56, 32, 84, 6276120
0.65, 2.28, 23.68, 53.96, 32, 84, 6287952
0.65, 3.91, 23.28, 90.93, 32, 84, 6299772
0.65, 3.91, 23.52, 91.87, 32, 84, 6311592
0.65, 3.91, 23.25, 90.82, 32, 84, 6323428
0.66, 3.91, 23.52, 91.87, 32, 84, 6335248
0.66, 3.91, 23.25, 90.82, 32, 84, 6347080
0.66, 3.91, 23.49, 91.77, 32, 84, 6358900
0.67, 3.91, 23.47, 91.66, 32, 84, 6370728
0.67, 3.91, 23.47, 91.66, 32, 84, 6382560
0.67, 3.91, 23.49, 91.77, 32, 84, 6394380
0.67, 3.91, 23.28, 90.93, 32, 84, 6406212
0.67, 3.91, 23.49, 91.77, 32, 84, 6418036
0.67, 3.91, 23.20, 90.61, 32, 84, 6429868
0.67, 3.91, 23.52, 91.87, 32, 84, 6441688
0.67, 3.91, 23.22, 90.72, 33, 84, 6453520
0.67, 3.91, 23.49, 91.77, 33, 84, 6465340
0.68, 3.91, 23.22, 90.72, 33, 84, 6477168
0.68, 3.58, 23.47, 84.02, 33, 84, 6488996
0.68, 3.91, 23.36, 91.24, 33, 85, 6500828
0.68, 3.91, 23.47, 91.66, 33, 84, 6512656
0.68, 3.91, 23.47, 91.66, 33, 84, 6524484
0.69, 3.91, 23.44, 91.56, 33, 84, 6536316
0.69, 2.60, 23.71, 61.74, 33, 84, 6548148
0.69, 3.91, 23.49, 91.77, 33, 84, 6559968
0.69, 3.91, 23.44, 91.56, 33, 84, 6571788
0.69, 3.91, 23.44, 91.56, 33, 84, 6583624
0.69, 3.91, 23.25, 90.82, 33, 84, 6595440
0.69, 3.91, 23.55, 91.98, 33, 84, 6607268
0.70, 3.91, 23.49, 91.77, 33, 84, 6619104
0.70, 4.23, 23.47, 99.30, 33, 84, 6630924
0.70, 3.91, 23.52, 91.87, 33, 84, 6642756
0.70, 4.23, 23.33, 98.73, 34, 84, 6654576
0.70, 3.91, 23.52, 91.87, 34, 84, 6666412
0.70, 4.23, 23.36, 98.85, 34, 84, 6678236
0.70, 4.23, 23.49, 99.42, 34, 84, 6690072
0.71, 4.23, 23.33, 98.73, 34, 84, 6701892
0.71, 4.23, 23.49, 99.42, 34, 84, 6713724
0.71, 4.23, 23.22, 98.27, 34, 84, 6725552
0.71, 4.23, 23.52, 99.53, 34, 84, 6737376
0.72, 3.91, 23.25, 90.82, 34, 84, 6749208
0.72, 4.23, 23.49, 99.42, 34, 84, 6761028
0.72, 4.23, 23.33, 98.73, 34, 84, 6772860
0.72, 4.23, 23.52, 99.53, 34, 84, 6784684
0.72, 4.23, 23.41, 99.07, 34, 84, 6796516
0.72, 2.60, 23.71, 61.74, 34, 84, 6808356
0.72, 4.23, 23.47, 99.30, 34, 84, 6820172
0.73, 4.23, 23.22, 98.27, 34, 84, 6832000
0.73, 4.23, 23.49, 99.42, 34, 84, 6843828
0.73, 4.23, 23.47, 99.30, 35, 84, 6855660
0.73, 3.91, 23.55, 91.98, 35, 84, 6867484
0.73, 4.23, 23.47, 99.30, 35, 84, 6879316
0.73, 4.23, 23.49, 99.42, 35, 84, 6891140
0.74, 4.23, 23.17, 98.05, 35, 84, 6902972
0.74, 4.23, 23.52, 99.53, 35, 84, 6914796
0.74, 4.23, 23.28, 98.50, 35, 84, 6926628
0.74, 4.23, 23.47, 99.30, 35, 84, 6938448
0.75, 4.56, 23.47, 106.94, 35, 84, 6950276
0.75, 4.56, 23.47, 106.94, 35, 84, 6962108
0.75, 4.56, 23.52, 107.19, 35, 84, 6973924
0.75, 4.56, 23.28, 106.08, 35, 84, 6985760
0.75, 4.56, 23.47, 106.94, 35, 84, 6997576
0.75, 4.56, 23.14, 105.47, 35, 84, 7009428
0.76, 4.56, 23.49, 107.06, 35, 84, 7021236
0.76, 4.56, 23.47, 106.94, 35, 84, 7033068
0.76, 4.56, 23.14, 105.47, 35, 84, 7044892
0.76, 4.56, 23.49, 107.06, 36, 84, 7056720
0.76, 2.93, 23.47, 68.75, 36, 84, 7068548
0.77, 4.56, 23.52, 107.19, 36, 84, 7080376
0.77, 4.56, 23.36, 106.45, 36, 84, 7092212
0.78, 4.56, 23.47, 106.94, 36, 84, 7104036
0.78, 4.56, 23.47, 106.94, 36, 84, 7115868
0.77, 4.23, 23.41, 99.07, 36, 84, 7127692
0.78, 4.56, 23.49, 107.06, 36, 84, 7139528
0.78, 4.56, 23.36, 106.45, 36, 84, 7151352
0.78, 4.56, 23.49, 107.06, 36, 84, 7163180
0.78, 4.56, 23.47, 106.94, 36, 84, 7175000
0.78, 4.56, 23.20, 105.71, 36, 84, 7186828
0.79, 4.56, 23.49, 107.06, 36, 84, 7198664
0.79, 4.56, 23.41, 106.69, 36, 84, 7210484
0.79, 4.56, 23.49, 107.06, 36, 84, 7222320
0.79, 4.56, 23.47, 106.94, 36, 84, 7234140
0.79, 4.56, 23.30, 106.20, 36, 84, 7245972
0.79, 4.56, 23.49, 107.06, 37, 84, 7257800
0.79, 4.56, 23.49, 107.06, 37, 84, 7269652
0.80, 4.56, 23.47, 106.94, 37, 85, 7281456
0.80, 4.56, 23.47, 106.94, 37, 84, 7293280
0.80, 4.56, 23.20, 105.71, 37, 84, 7305108
0.80, 4.56, 23.49, 107.06, 37, 84, 7316936
0.80, 3.26, 23.55, 76.65, 37, 84, 7328768
0.81, 4.88, 23.20, 113.26, 37, 84, 7340588
0.81, 4.88, 23.49, 114.71, 37, 84, 7352424
0.81, 4.88, 23.25, 113.53, 37, 84, 7364244
0.81, 4.88, 23.49, 114.71, 37, 84, 7376076
0.81, 3.91, 23.60, 92.19, 37, 84, 7387892
0.81, 4.88, 23.20, 113.26, 37, 84, 7399728
0.82, 4.88, 23.49, 114.71, 37, 84, 7411552
0.82, 4.88, 23.47, 114.58, 37, 84, 7423376
0.82, 4.88, 23.12, 112.87, 37, 84, 7435208
0.82, 4.88, 23.49, 114.71, 37, 84, 7447032
0.82, 4.88, 23.47, 114.58, 38, 84, 7458864
0.82, 4.88, 23.25, 113.53, 38, 84, 7470684
0.82, 4.88, 23.52, 114.84, 38, 84, 7482520
0.82, 4.88, 23.41, 114.32, 38, 84, 7494340
0.83, 4.88, 23.14, 113.00, 38, 84, 7506176
0.83, 4.88, 23.49, 114.71, 38, 84, 7517996
0.83, 4.88, 23.20, 113.26, 38, 84, 7529844
0.83, 4.88, 23.41, 114.32, 38, 85, 7541652
0.83, 4.88, 23.49, 114.71, 38, 84, 7553480
0.83, 4.88, 23.20, 113.26, 38, 84, 7565316
0.83, 4.88, 23.49, 114.71, 38, 84, 7577136
0.84, 4.23, 23.52, 99.53, 38, 84, 7588972
0.84, 4.88, 23.17, 113.13, 38, 84, 7600796
0.84, 4.88, 23.49, 114.71, 38, 84, 7612632
0.84, 4.88, 23.47, 114.58, 38, 84, 7624456
0.84, 4.88, 23.22, 113.39, 38, 84, 7636288
0.84, 4.23, 23.65, 100.10, 38, 84, 7648112
0.84, 4.88, 23.47, 114.58, 39, 84, 7659940
0.84, 4.88, 23.14, 113.00, 39, 84, 7671772
0.84, 4.88, 23.47, 114.58, 39, 84, 7683592
0.85, 5.21, 23.47, 122.22, 39, 84, 7695420
0.85, 4.88, 23.20, 113.26, 39, 84, 7707240
0.85, 5.21, 23.49, 122.36, 39, 84, 7719076
0.85, 5.21, 23.49, 122.36, 39, 84, 7730896
0.86, 5.21, 23.30, 121.37, 39, 84, 7742728
0.86, 5.21, 23.30, 121.37, 39, 84, 7754548
0.86, 5.21, 23.49, 122.36, 39, 84, 7766376
0.86, 5.21, 23.36, 121.66, 39, 84, 7778204
0.86, 5.21, 23.22, 120.95, 39, 84, 7790032
0.87, 5.21, 23.49, 122.36, 39, 84, 7801868
0.87, 5.21, 23.44, 122.08, 39, 84, 7813692
0.87, 5.21, 23.28, 121.23, 39, 84, 7825528
0.87, 5.21, 23.52, 122.50, 39, 84, 7837348
0.87, 4.56, 23.52, 107.19, 39, 84, 7849184
0.87, 5.21, 23.20, 120.81, 40, 84, 7861004
0.87, 5.21, 23.49, 122.36, 40, 84, 7872836
0.88, 5.21, 23.47, 122.22, 40, 84, 7884660
0.88, 5.21, 23.25, 121.09, 40, 84, 7896484
0.88, 3.91, 23.68, 92.51, 40, 84, 7908336
0.88, 5.21, 23.49, 122.36, 40, 85, 7920144
0.88, 5.21, 23.33, 121.52, 40, 84, 7931976
0.89, 5.21, 23.20, 120.81, 40, 84, 7943796
0.89, 5.21, 23.49, 122.36, 40, 84, 7955632
0.89, 5.21, 23.49, 122.36, 40, 84, 7967452
0.89, 5.21, 23.20, 120.81, 40, 84, 7979284
0.89, 5.21, 23.36, 121.66, 40, 84, 7991104
0.89, 5.21, 23.52, 122.50, 40, 84, 8002936
0.90, 5.21, 23.30, 121.37, 40, 84, 8014768
0.90, 5.21, 23.20, 120.81, 40, 84, 8026592
0.90, 5.21, 23.49, 122.36, 40, 84, 8038424
0.90, 5.53, 23.47, 129.86, 40, 84, 8050252
0.90, 5.53, 23.20, 128.36, 41, 84, 8062084
0.90, 5.53, 23.55, 130.30, 41, 84, 8073908
0.90, 5.53, 23.49, 130.01, 41, 84, 8085740
0.91, 5.53, 23.44, 129.71, 41, 84, 8097560
0.91, 5.21, 23.44, 122.08, 41, 84, 8109388
0.91, 5.53, 23.14, 128.07, 41, 85, 8121212
0.91, 5.53, 23.44, 129.71, 41, 84, 8133040
0.91, 5.53, 23.47, 129.86, 41, 84, 8144876
0.91, 5.53, 23.41, 129.56, 41, 84, 8156692
0.92, 3.91, 23.68, 92.51, 41, 84, 8168544
0.92, 5.53, 23.49, 130.01, 41, 84, 8180348
0.92, 5.53, 23.47, 129.86, 41, 84, 8192184
0.92, 5.53, 23.36, 129.26, 41, 84, 8204004
0.92, 5.53, 23.12, 127.92, 41, 84, 8215832
0.92, 5.21, 23.28, 121.23, 41, 84, 8227652
0.92, 5.53, 23.49, 130.01, 41, 84, 8239484
0.92, 5.53, 23.44, 129.71, 41, 84, 8251316
0.92, 5.53, 23.25, 128.66, 42, 84, 8263140
0.93, 5.53, 23.44, 129.71, 42, 84, 8274972
0.93, 5.53, 23.49, 130.01, 42, 84, 8286796
0.93, 5.53, 23.47, 129.86, 42, 84, 8298632
0.93, 5.53, 23.25, 128.66, 42, 84, 8310452
0.93, 5.53, 23.12, 127.92, 42, 84, 8322284
0.94, 5.53, 23.49, 130.01, 42, 84, 8334104
0.94, 5.53, 23.49, 130.01, 42, 84, 8345932
0.94, 5.53, 23.49, 130.01, 42, 84, 8357756
0.94, 5.21, 23.33, 121.52, 42, 84, 8369588
0.94, 5.53, 23.30, 128.96, 42, 84, 8381420
0.94, 5.53, 23.47, 129.86, 42, 84, 8393240
0.95, 5.53, 23.49, 130.01, 42, 84, 8405072
0.95, 5.53, 23.47, 129.86, 42, 84, 8416896
0.95, 4.23, 23.47, 99.30, 42, 84, 8428728
0.95, 5.53, 23.17, 128.21, 42, 84, 8440548
0.95, 5.53, 23.49, 130.01, 42, 84, 8452380
0.95, 5.53, 23.49, 130.01, 43, 84, 8464200
0.95, 5.86, 23.47, 137.49, 43, 84, 8476028
0.96, 5.53, 23.38, 129.41, 43, 84, 8487864
0.96, 5.86, 23.14, 135.60, 43, 84, 8499684
0.96, 5.86, 23.47, 137.49, 43, 84, 8511516
0.96, 5.86, 23.30, 136.55, 43, 84, 8523336
0.96, 5.86, 23.49, 137.65, 43, 84, 8535168
0.97, 5.86, 23.47, 137.49, 43, 84, 8546988
0.97, 5.86, 23.38, 137.02, 43, 84, 8558820
0.97, 5.86, 23.38, 137.02, 43, 84, 8570640
0.97, 5.86, 23.30, 136.55, 43, 84, 8582476
0.98, 5.86, 23.20, 135.91, 43, 84, 8594296
0.98, 5.86, 23.49, 137.65, 43, 84, 8606128
0.98, 5.86, 23.47, 137.49, 43, 84, 8617964
0.98, 5.86, 23.14, 135.60, 43, 84, 8629804
0.98, 5.86, 23.20, 135.91, 43, 84, 8641620
0.98, 5.86, 23.30, 136.55, 43, 84, 8653444
0.98, 5.86, 23.49, 137.65, 44, 84, 8665280
0.99, 5.86, 23.49, 137.65, 44, 84, 8677100
0.99, 4.56, 23.63, 107.68, 44, 84, 8688936
0.99, 6.18, 23.30, 144.13, 44, 84, 8700760
0.99, 6.18, 23.09, 142.80, 44, 84, 8712584
1.00, 6.18, 23.49, 145.30, 44, 84, 8724424
1.00, 6.18, 23.49, 145.30, 44, 84, 8736244
1.00, 5.21, 23.49, 122.36, 44, 84, 8748076
1.00, 6.18, 23.44, 144.97, 44, 85, 8759896
1.00, 6.18, 23.25, 143.80, 44, 84, 8771728
1.01, 6.18, 23.20, 143.47, 44, 84, 8783552
1.01, 6.18, 23.47, 145.13, 44, 84, 8795388
1.01, 6.18, 23.49, 145.30, 44, 84, 8807208
1.01, 6.18, 23.49, 145.30, 44, 84, 8819036
1.01, 6.18, 23.47, 145.13, 44, 84, 8830868
1.02, 6.18, 23.47, 145.13, 44, 84, 8842696
1.02, 6.18, 23.22, 143.63, 44, 84, 8854532
1.02, 6.18, 23.14, 143.13, 45, 84, 8866352
1.02, 6.18, 23.47, 145.13, 45, 84, 8878192
1.02, 6.18, 23.44, 144.97, 45, 84, 8890028
1.02, 6.18, 23.49, 145.30, 45, 84, 8901844
1.02, 6.18, 23.49, 145.30, 45, 84, 8913668
1.03, 6.18, 23.38, 144.63, 45, 84, 8925504
1.03, 6.18, 23.30, 144.13, 45, 84, 8937328
1.03, 4.88, 23.33, 113.92, 45, 84, 8949152
1.03, 6.18, 23.30, 144.13, 45, 84, 8960984
1.03, 6.18, 23.30, 144.13, 45, 84, 8972808
1.03, 6.18, 23.49, 145.30, 45, 84, 8984640
1.03, 6.18, 23.49, 145.30, 45, 84, 8996460
1.04, 5.53, 23.49, 130.01, 45, 84, 9008296
1.04, 6.18, 23.47, 145.13, 45, 84, 9020116
1.04, 6.18, 23.30, 144.13, 45, 84, 9031948
1.04, 6.18, 23.14, 143.13, 45, 84, 9043772
1.04, 6.18, 23.17, 143.30, 45, 84, 9055596
1.04, 6.18, 23.12, 142.96, 46, 84, 9067424
1.04, 6.18, 23.25, 143.80, 46, 84, 9079252
1.04, 6.51, 23.47, 152.77, 46, 84, 9091084
1.05, 6.18, 23.41, 144.80, 46, 84, 9102904
1.05, 6.51, 23.49, 152.95, 46, 84, 9114736
1.05, 6.51, 23.49, 152.95, 46, 84, 9126560
1.05, 6.51, 23.49, 152.95, 46, 84, 9138392
1.05, 6.51, 23.28, 151.54, 46, 84, 9150236
1.06, 6.51, 23.36, 152.07, 46, 84, 9162048
1.06, 6.51, 23.47, 152.77, 46, 84, 9173868
1.06, 6.51, 23.47, 152.77, 46, 84, 9185696
1.06, 6.51, 23.30, 151.72, 46, 84, 9197528
1.06, 5.53, 23.38, 129.41, 46, 84, 9209352
1.06, 6.51, 23.14, 150.66, 46, 84, 9221184
1.07, 6.51, 23.20, 151.02, 46, 84, 9233004
1.07, 6.51, 23.17, 150.84, 46, 84, 9244836
1.07, 6.51, 23.30, 151.72, 46, 84, 9256660
1.07, 5.21, 23.68, 123.34, 47, 84, 9268508
1.07, 6.51, 23.49, 152.95, 47, 84, 9280320
1.07, 6.51, 23.49, 152.95, 47, 84, 9292148
1.07, 6.51, 23.49, 152.95, 47, 84, 9303972
1.07, 6.51, 23.49, 152.95, 47, 84, 9315800
1.08, 6.84, 23.47, 160.41, 47, 84, 9327632
1.08, 6.84, 23.47, 160.41, 47, 84, 9339456
1.09, 6.84, 23.22, 158.75, 47, 84, 9351288
1.09, 6.84, 23.30, 159.30, 47, 84, 9363108
1.09, 6.84, 23.30, 159.30, 47, 84, 9374944
1.09, 6.84, 23.28, 159.12, 47, 84, 9386764
1.09, 6.84, 23.14, 158.20, 47, 84, 9398596
1.09, 6.84, 23.22, 158.75, 47, 84, 9410412
1.10, 6.84, 23.09, 157.83, 47, 84, 9422240
1.10, 6.84, 23.25, 158.94, 47, 84, 9434076
1.10, 6.84, 23.20, 158.57, 47, 84, 9445896
1.10, 6.84, 23.33, 159.49, 47, 84, 9457728
1.10, 5.86, 23.55, 137.97, 48, 84, 9469556
1.11, 6.84, 23.49, 160.60, 48, 84, 9481388
1.11, 6.84, 23.47, 160.41, 48, 84, 9493208
1.11, 6.84, 23.49, 160.60, 48, 84, 9505048
1.11, 6.84, 23.49, 160.60, 48, 84, 9516864
1.12, 5.53, 23.65, 130.90, 48, 84, 9528708
1.12, 6.84, 23.49, 160.60, 48, 84, 9540520
1.12, 6.84, 23.30, 159.30, 48, 84, 9552348
1.12, 7.16, 23.49, 168.24, 48, 84, 9564180
1.12, 7.16, 23.17, 165.92, 48, 84, 9576000
1.12, 7.16, 23.55, 168.63, 48, 84, 9587832
1.13, 7.16, 23.44, 167.86, 48, 84, 9599652
1.13, 7.16, 23.44, 167.86, 48, 84, 9611488
1.13, 7.16, 23.20, 166.12, 48, 84, 9623308
1.13, 7.16, 23.38, 167.47, 48, 84, 9635136
1.13, 7.16, 23.14, 165.73, 48, 84, 9646960
1.13, 7.16, 23.12, 165.54, 48, 84, 9658788
1.14, 7.16, 23.06, 165.15, 49, 84, 9670620
1.14, 7.16, 23.09, 165.35, 49, 84, 9682444
1.14, 7.16, 23.06, 165.15, 49, 84, 9694272
1.14, 7.16, 23.09, 165.35, 49, 84, 9706092
1.14, 7.16, 23.17, 165.92, 49, 84, 9717928
1.14, 6.84, 23.41, 160.04, 49, 84, 9729752
1.14, 7.16, 23.30, 166.89, 49, 84, 9741592
1.15, 7.16, 23.17, 165.92, 49, 84, 9753412
1.15, 7.16, 23.44, 167.86, 49, 84, 9765244
1.16, 7.16, 23.30, 166.89, 49, 84, 9777080
1.16, 5.86, 23.68, 138.76, 49, 84, 9788920
1.16, 7.16, 23.47, 168.05, 49, 84, 9800740
1.16, 7.16, 23.20, 166.12, 49, 84, 9812560
1.16, 7.16, 23.33, 167.08, 49, 84, 9824400
1.16, 7.16, 23.03, 164.96, 49, 84, 9836220
1.16, 6.84, 23.17, 158.38, 49, 84, 9848056
1.17, 7.16, 23.09, 165.35, 49, 84, 9859884
1.17, 7.16, 23.09, 165.35, 50, 84, 9871712
1.17, 7.16, 23.14, 165.73, 50, 84, 9883544
1.17, 7.49, 23.09, 172.86, 50, 84, 9895372
1.17, 7.49, 23.12, 173.06, 50, 84, 9907208
1.17, 7.49, 23.06, 172.66, 50, 84, 9919036
1.18, 7.49, 23.38, 175.08, 50, 84, 9930872
1.18, 7.49, 23.44, 175.49, 50, 84, 9942700
1.18, 7.49, 23.47, 175.69, 50, 84, 9954540
1.19, 7.49, 23.41, 175.28, 50, 84, 9966364
1.19, 7.49, 23.47, 175.69, 50, 84, 9978196
1.19, 7.16, 23.47, 168.05, 50, 84, 9990028
1.19, 7.49, 23.47, 175.69, 50, 84, 10001860
1.19, 7.49, 23.47, 175.69, 50, 84, 10013696
1.19, 7.49, 23.49, 175.89, 50, 84, 10025524
1.19, 7.49, 23.47, 175.69, 50, 84, 10037364
1.19, 5.86, 23.68, 138.76, 50, 84, 10049188
1.20, 7.49, 23.47, 175.69, 50, 84, 10061024
1.20, 7.49, 23.49, 175.89, 51, 84, 10072852
1.20, 7.49, 23.44, 175.49, 51, 84, 10084680
1.20, 7.49, 23.49, 175.89, 51, 84, 10096512
1.20, 6.84, 23.57, 161.15, 51, 84, 10108344
1.21, 7.81, 23.47, 183.33, 51, 84, 10120180
1.21, 7.81, 23.47, 183.33, 51, 84, 10132004
1.22, 7.81, 23.47, 183.33, 51, 84, 10143840
1.22, 7.81, 23.47, 183.33, 51, 84, 10155660
1.22, 7.81, 23.44, 183.12, 51, 84, 10167496
1.22, 7.81, 23.06, 180.17, 51, 84, 10179324
1.23, 7.81, 23.30, 182.06, 51, 84, 10191160
1.23, 7.81, 23.14, 180.80, 51, 84, 10202988
1.23, 7.81, 23.17, 181.01, 51, 84, 10214816
1.23, 7.81, 23.14, 180.80, 51, 84, 10226652
1.23, 7.81, 23.12, 180.59, 51, 84, 10238480
1.24, 7.81, 23.49, 183.54, 51, 84, 10250332
1.24, 7.81, 23.17, 181.01, 51, 84, 10262136
1.24, 7.81, 23.12, 180.59, 52, 84, 10273976
1.24, 7.81, 23.17, 181.01, 52, 84, 10285800
1.24, 7.81, 23.12, 180.59, 52, 84, 10297636
1.24, 6.51, 23.33, 151.89, 52, 84, 10309456
1.24, 8.14, 23.33, 189.87, 52, 84, 10321288
1.25, 8.14, 23.22, 188.99, 52, 84, 10333124
1.26, 8.14, 23.38, 190.31, 52, 84, 10344952
1.26, 8.14, 23.25, 189.21, 52, 84, 10356784
1.26, 7.16, 23.65, 169.40, 52, 84, 10368608
1.26, 8.14, 23.47, 190.97, 52, 84, 10380448
1.26, 8.14, 23.49, 191.18, 52, 84, 10392272
1.26, 8.14, 23.47, 190.97, 52, 84, 10404108
1.26, 8.14, 23.47, 190.97, 52, 84, 10415932
1.27, 8.14, 23.33, 189.87, 52, 84, 10427764
1.27, 8.14, 23.17, 188.55, 52, 84, 10439592
1.27, 8.14, 23.12, 188.11, 52, 84, 10451424
1.28, 8.14, 23.06, 187.67, 52, 84, 10463260
1.28, 8.14, 23.17, 188.55, 53, 84, 10475088
1.28, 8.14, 23.12, 188.11, 53, 84, 10486928
1.28, 8.14, 23.22, 188.99, 53, 84, 10498752
1.28, 8.14, 23.28, 189.43, 53, 84, 10510612
1.28, 8.14, 23.41, 190.53, 53, 85, 10522416
1.29, 8.46, 23.33, 197.46, 53, 84, 10534248
1.29, 8.14, 23.47, 190.97, 53, 84, 10546080
1.30, 8.46, 23.49, 198.83, 53, 84, 10557912
1.30, 7.49, 23.57, 176.50, 53, 84, 10569748
1.30, 8.14, 23.47, 190.97, 53, 84, 10581572
1.30, 8.46, 23.30, 197.23, 53, 84, 10593408
1.30, 8.46, 23.17, 196.09, 53, 84, 10605236
1.30, 8.46, 23.12, 195.64, 53, 84, 10617068
1.31, 6.84, 23.22, 158.75, 53, 84, 10628908
1.31, 8.46, 23.22, 196.55, 53, 84, 10640724
1.31, 8.46, 23.33, 197.46, 53, 84, 10652552
1.31, 8.46, 23.44, 198.38, 53, 84, 10664388
1.31, 8.46, 23.41, 198.15, 54, 84, 10676224
1.31, 8.46, 23.49, 198.83, 54, 84, 10688048
1.31, 8.46, 23.44, 198.38, 54, 84, 10699884
1.31, 8.46, 23.06, 195.18, 54, 84, 10711708
1.32, 8.46, 23.14, 195.86, 54, 84, 10723544
1.32, 8.46, 23.28, 197.01, 54, 84, 10735368
1.33, 8.46, 23.17, 196.09, 54, 84, 10747204
1.33, 8.46, 23.47, 198.60, 54, 84, 10759028
1.33, 8.46, 23.47, 198.60, 54, 84, 10770860
1.33, 8.46, 23.47, 198.60, 54, 84, 10782696
1.33, 8.46, 23.47, 198.60, 54, 84, 10794524
1.34, 8.46, 23.01, 194.72, 54, 84, 10806360
1.34, 8.46, 23.06, 195.18, 54, 84, 10818184
1.34, 8.14, 23.22, 188.99, 54, 84, 10830024
1.34, 8.79, 23.44, 206.01, 54, 85, 10841848
1.34, 8.46, 23.41, 198.15, 54, 84, 10853684
1.34, 8.46, 23.47, 198.60, 54, 84, 10865512
1.35, 8.79, 23.49, 206.48, 55, 84, 10877344
1.34, 7.49, 23.47, 175.69, 55, 84, 10889180
1.35, 8.79, 23.06, 202.69, 55, 84, 10901008
1.36, 9.11, 23.09, 210.44, 55, 84, 10912844
1.36, 9.11, 23.20, 211.42, 55, 84, 10924672
1.37, 9.11, 23.25, 211.91, 55, 84, 10936508
1.37, 8.79, 23.57, 207.19, 55, 84, 10948336
1.38, 9.11, 23.49, 214.13, 55, 84, 10960172
1.38, 9.11, 23.14, 210.93, 55, 84, 10971996
1.39, 9.11, 23.06, 210.19, 55, 84, 10983828
1.39, 9.11, 23.09, 210.44, 55, 84, 10995668
1.39, 9.11, 23.33, 212.65, 55, 84, 11007492
1.39, 9.11, 23.47, 213.88, 55, 84, 11019328
1.40, 9.11, 23.47, 213.88, 55, 84, 11031156
1.40, 9.11, 23.49, 214.13, 55, 84, 11042996
1.40, 9.11, 23.03, 209.95, 55, 84, 11054816
1.40, 9.11, 23.09, 210.44, 55, 84, 11066652
1.41, 9.11, 23.38, 213.14, 56, 84, 11078480
1.41, 8.79, 23.49, 206.48, 56, 84, 11090312
1.41, 9.11, 23.49, 214.13, 56, 84, 11102152
1.41, 9.11, 23.44, 213.64, 56, 84, 11113976
1.41, 9.44, 23.20, 218.97, 56, 84, 11125816
1.41, 9.44, 23.38, 220.76, 56, 84, 11137640
1.42, 7.81, 23.60, 184.38, 56, 84, 11149476
1.42, 9.44, 23.44, 221.26, 56, 84, 11161304
1.42, 9.44, 23.28, 219.74, 56, 84, 11173140
1.42, 9.44, 23.14, 218.46, 56, 84, 11184964
1.43, 9.44, 23.33, 220.25, 56, 84, 11196796
1.43, 8.46, 23.60, 199.75, 56, 84, 11208632
1.43, 9.44, 23.03, 217.45, 56, 84, 11220456
1.43, 9.44, 23.09, 217.95, 56, 84, 11232292
1.43, 9.44, 23.41, 221.01, 56, 84, 11244116
1.43, 9.11, 23.47, 213.88, 56, 84, 11255952
1.44, 9.11, 23.47, 213.88, 56, 84, 11267780
1.44, 9.44, 23.28, 219.74, 57, 84, 11279620
1.44, 9.11, 23.17, 211.18, 57, 84, 11291444
1.44, 9.44, 23.44, 221.26, 57, 84, 11303272
1.44, 9.44, 23.47, 221.52, 57, 84, 11315104
1.44, 9.44, 23.01, 217.19, 57, 84, 11326932
1.44, 9.44, 23.06, 217.70, 57, 84, 11338772
1.45, 9.44, 23.14, 218.46, 57, 84, 11350616
1.45, 9.44, 23.47, 221.52, 57, 84, 11362436
1.45, 9.44, 23.52, 222.03, 57, 84, 11374264
1.45, 9.44, 23.03, 217.45, 57, 84, 11386100
1.45, 9.44, 23.28, 219.74, 57, 84, 11397924
1.45, 8.46, 23.60, 199.75, 57, 84, 11409756
1.45, 9.44, 23.41, 221.01, 57, 84, 11421588
1.46, 9.44, 23.06, 217.70, 57, 84, 11433420
1.46, 9.44, 23.22, 219.23, 57, 84, 11445252
1.46, 9.44, 23.52, 222.03, 57, 84, 11457080
1.46, 8.14, 23.68, 192.72, 57, 84, 11468928
1.46, 9.44, 23.03, 217.45, 58, 84, 11480740
1.47, 9.44, 23.25, 219.48, 58, 84, 11492576
1.46, 9.44, 23.47, 221.52, 58, 84, 11504400
1.46, 9.77, 23.44, 228.89, 58, 84, 11516236
1.47, 9.77, 23.14, 226.00, 58, 84, 11528060
1.47, 9.77, 23.47, 229.16, 58, 84, 11539884
1.47, 9.77, 23.47, 229.16, 58, 84, 11551720
1.48, 9.77, 23.25, 227.05, 58, 84, 11563544
1.48, 9.77, 23.28, 227.31, 58, 84, 11575384
1.48, 9.77, 23.44, 228.89, 58, 84, 11587208
1.49, 9.77, 23.28, 227.31, 58, 84, 11599044
1.49, 9.77, 23.12, 225.73, 58, 84, 11610884
1.49, 9.77, 23.44, 228.89, 58, 84, 11622700
1.49, 9.77, 23.03, 224.94, 58, 84, 11634524
1.49, 9.77, 23.20, 226.52, 58, 84, 11646360
1.49, 9.77, 23.28, 227.31, 58, 84, 11658196
1.50, 9.11, 23.57, 214.86, 58, 84, 11670024
1.50, 9.77, 23.28, 227.31, 59, 84, 11681860
1.50, 9.77, 23.09, 225.47, 59, 84, 11693684
1.50, 10.09, 23.47, 236.80, 59, 84, 11705520
1.50, 10.09, 23.12, 233.26, 59, 84, 11717348
1.50, 8.46, 23.20, 196.32, 59, 84, 11729196
1.51, 10.09, 23.47, 236.80, 59, 85, 11741004
1.52, 10.09, 23.01, 232.17, 59, 84, 11752840
1.52, 10.09, 23.14, 233.53, 59, 84, 11764672
1.52, 10.09, 23.41, 236.25, 59, 84, 11776500
1.52, 9.77, 23.52, 229.68, 59, 84, 11788332
1.53, 10.09, 23.20, 234.07, 59, 84, 11800160
1.53, 10.42, 23.41, 243.87, 59, 84, 11811992
1.53, 10.42, 23.38, 243.59, 59, 84, 11823820
1.53, 10.42, 23.12, 240.78, 59, 84, 11835652
1.54, 10.42, 23.47, 244.44, 59, 84, 11847480
1.54, 10.42, 23.44, 244.15, 59, 84, 11859312
1.54, 10.42, 23.22, 241.91, 59, 84, 11871140
1.54, 10.42, 23.44, 244.15, 60, 84, 11882976
1.54, 10.42, 23.12, 240.78, 60, 84, 11894812
1.54, 10.42, 23.25, 242.19, 60, 84, 11906640
1.55, 10.42, 23.44, 244.15, 60, 84, 11918476
1.55, 10.09, 23.36, 235.71, 60, 84, 11930300
1.55, 10.42, 23.25, 242.19, 60, 84, 11942140
1.56, 10.42, 23.25, 242.19, 60, 84, 11953964
1.56, 10.42, 23.09, 240.50, 60, 84, 11965796
1.57, 10.74, 23.47, 252.07, 60, 84, 11977628
1.57, 9.11, 23.17, 211.18, 60, 84, 11989460
1.57, 10.74, 23.09, 248.02, 60, 84, 12001296
1.57, 10.74, 23.47, 252.07, 60, 84, 12013128
1.57, 10.74, 23.01, 247.15, 60, 84, 12024964
1.57, 10.74, 23.33, 250.63, 60, 84, 12036788
1.58, 10.09, 23.60, 238.16, 60, 84, 12048632
1.58, 10.42, 23.20, 241.63, 60, 84, 12060452
1.58, 10.42, 23.44, 244.15, 60, 84, 12072284
1.58, 10.42, 23.03, 239.94, 61, 84, 12084120
1.58, 10.42, 23.28, 242.47, 61, 84, 12095952
1.59, 10.74, 23.47, 252.07, 61, 84, 12107788
1.58, 10.74, 23.03, 247.44, 61, 84, 12119616
1.58, 10.74, 23.20, 249.18, 61, 84, 12131448
1.59, 10.74, 23.44, 251.78, 61, 84, 12143276
1.59, 10.74, 23.06, 247.73, 61, 84, 12155116
1.60, 10.74, 23.44, 251.78, 61, 84, 12166936
1.61, 10.74, 23.01, 247.15, 61, 84, 12178768
1.61, 10.74, 23.14, 248.60, 61, 84, 12190616
1.61, 10.74, 23.36, 250.92, 61, 84, 12202428
1.61, 10.74, 23.06, 247.73, 61, 84, 12214264
1.61, 10.74, 23.44, 251.78, 61, 84, 12226088
1.61, 10.74, 23.01, 247.15, 61, 84, 12237924
1.61, 9.44, 23.52, 222.03, 61, 84, 12249748
1.61, 10.74, 23.12, 248.31, 61, 84, 12261584
1.62, 11.07, 23.30, 257.92, 61, 84, 12273404
1.62, 10.74, 23.47, 252.07, 62, 84, 12285244
1.62, 11.07, 23.12, 255.83, 62, 84, 12297064
1.62, 10.42, 23.55, 245.28, 62, 84, 12308896
1.63, 11.07, 23.20, 256.73, 62, 84, 12320732
1.63, 11.39, 23.44, 267.04, 62, 84, 12332556
1.63, 11.07, 23.30, 257.92, 62, 84, 12344396
1.64, 11.39, 23.14, 263.66, 62, 84, 12356216
1.65, 11.39, 23.41, 266.74, 62, 84, 12368056
1.65, 11.39, 23.14, 263.66, 62, 84, 12379876
1.65, 11.39, 23.47, 267.35, 62, 84, 12391712
1.66, 11.39, 23.06, 262.74, 62, 84, 12403540
1.66, 11.39, 23.44, 267.04, 62, 84, 12415372
1.66, 11.39, 22.98, 261.82, 62, 84, 12427208
1.67, 11.72, 23.17, 271.51, 62, 84, 12439036
1.67, 11.72, 23.36, 273.73, 62, 84, 12450892
1.68, 11.72, 23.25, 272.46, 62, 85, 12462696
1.68, 11.72, 23.44, 274.67, 62, 84, 12474532
1.69, 11.39, 23.22, 264.59, 63, 84, 12486356
1.68, 11.72, 23.38, 274.04, 63, 84, 12498192
1.68, 10.42, 23.20, 241.63, 63, 84, 12510012
1.68, 11.72, 23.44, 274.67, 63, 84, 12521844
1.69, 11.72, 23.03, 269.93, 63, 84, 12533676
1.70, 11.72, 23.44, 274.67, 63, 84, 12545504
1.70, 12.04, 23.03, 277.43, 63, 84, 12557340
1.71, 10.42, 23.49, 244.72, 63, 84, 12569180
1.71, 12.04, 23.01, 277.11, 63, 84, 12581000
1.71, 12.04, 23.47, 282.63, 63, 84, 12592828
1.72, 12.04, 23.01, 277.11, 63, 84, 12604664
1.72, 12.04, 23.44, 282.30, 63, 84, 12616488
1.72, 12.04, 23.06, 277.76, 63, 84, 12628320
1.72, 12.04, 23.41, 281.98, 63, 84, 12640152
1.73, 12.04, 23.14, 278.73, 63, 84, 12651984
1.73, 12.04, 23.47, 282.63, 63, 84, 12663816
1.73, 12.04, 23.12, 278.41, 63, 84, 12675644
1.73, 12.04, 23.47, 282.63, 64, 84, 12687476
1.73, 12.04, 23.17, 279.05, 64, 84, 12699300
1.73, 12.04, 23.44, 282.30, 64, 84, 12711148
1.73, 12.04, 23.41, 281.98, 64, 84, 12722960
1.74, 12.04, 22.95, 276.46, 64, 84, 12734796
1.74, 12.04, 23.41, 281.98, 64, 84, 12746620
1.75, 12.04, 23.09, 278.08, 64, 84, 12758448
1.75, 11.39, 23.52, 267.97, 64, 84, 12770288
1.75, 12.37, 23.06, 285.26, 64, 84, 12782108
1.75, 12.37, 23.44, 289.93, 64, 84, 12793948
1.75, 12.37, 23.01, 284.60, 64, 84, 12805768
1.75, 12.37, 23.44, 289.93, 64, 84, 12817604
1.75, 10.74, 23.22, 249.47, 64, 84, 12829444
1.76, 12.37, 23.44, 289.93, 64, 84, 12841268
1.76, 12.37, 23.28, 287.93, 64, 84, 12853092
1.77, 12.37, 22.98, 284.26, 64, 84, 12864924
1.77, 12.04, 23.36, 281.33, 64, 84, 12876760
1.77, 11.72, 23.06, 270.25, 65, 84, 12888584
1.76, 12.37, 23.41, 289.60, 65, 84, 12900424
1.76, 12.37, 22.98, 284.26, 65, 84, 12912248
1.76, 12.37, 23.44, 289.93, 65, 84, 12924084
1.77, 12.37, 23.09, 285.60, 65, 84, 12935912
1.77, 12.37, 23.41, 289.60, 65, 84, 12947748
1.78, 12.70, 23.30, 295.85, 65, 84, 12959576
1.78, 12.70, 22.95, 291.40, 65, 84, 12971404
1.79, 12.70, 23.25, 295.17, 65, 84, 12983244
1.79, 12.70, 23.09, 293.11, 65, 84, 12995072
1.79, 12.70, 23.38, 296.88, 65, 84, 13006908
1.79, 12.70, 22.98, 291.74, 65, 84, 13018728
1.79, 12.37, 23.49, 290.60, 65, 84, 13030564
1.79, 12.70, 23.22, 294.82, 65, 84, 13042392
1.80, 12.70, 22.95, 291.40, 65, 84, 13054228
1.80, 12.70, 23.44, 297.56, 65, 84, 13066052
1.80, 12.70, 23.14, 293.80, 65, 84, 13077880
1.80, 11.39, 23.28, 265.20, 66, 84, 13089716
1.80, 13.02, 23.30, 303.44, 66, 84, 13101540
1.80, 13.35, 22.87, 305.26, 66, 84, 13113376
1.81, 13.35, 23.44, 312.82, 66, 84, 13125204
1.81, 13.67, 23.03, 314.92, 66, 84, 13137044
1.82, 13.02, 23.47, 305.54, 66, 84, 13148868
1.84, 13.67, 23.38, 319.72, 66, 84, 13160704
1.85, 14.00, 23.03, 322.42, 66, 84, 13172532
1.85, 14.00, 23.44, 328.08, 66, 84, 13184364
1.85, 14.00, 23.30, 326.19, 66, 84, 13196192
1.86, 14.00, 22.93, 320.91, 66, 84, 13208024
1.86, 14.00, 23.44, 328.08, 66, 84, 13219864
1.87, 14.00, 23.06, 322.80, 66, 84, 13231692
1.87, 14.00, 22.95, 321.29, 66, 84, 13243528
1.87, 14.00, 23.44, 328.08, 66, 84, 13255356
1.88, 14.00, 23.09, 323.17, 66, 84, 13267188
1.88, 14.00, 23.12, 323.55, 66, 84, 13279020
1.88, 14.00, 23.03, 322.42, 67, 84, 13290848
1.89, 14.32, 23.06, 330.30, 67, 85, 13302680
1.89, 14.32, 23.03, 329.92, 67, 84, 13314512
1.89, 14.32, 23.30, 333.78, 67, 84, 13326348
1.90, 14.32, 23.06, 330.30, 67, 84, 13338172
1.91, 13.02, 23.60, 307.30, 67, 84, 13350012
1.91, 14.32, 23.25, 333.01, 67, 84, 13361836
1.92, 14.65, 22.93, 335.84, 67, 84, 13373676
1.92, 14.65, 22.95, 336.23, 67, 84, 13385496
1.92, 14.65, 23.41, 342.95, 67, 84, 13397328
1.93, 14.00, 23.25, 325.44, 67, 84, 13409156
1.94, 14.65, 22.98, 336.63, 67, 84, 13420988
1.94, 14.65, 23.44, 343.34, 67, 84, 13432820
1.94, 14.65, 23.30, 341.37, 67, 84, 13444644
1.95, 14.65, 23.03, 337.42, 67, 84, 13456480
1.95, 14.65, 23.38, 342.55, 67, 84, 13468304
1.95, 14.65, 23.38, 342.55, 67, 84, 13480140
1.95, 14.65, 23.09, 338.21, 68, 84, 13491964
1.96, 14.97, 22.93, 343.30, 68, 84, 13503800
1.96, 14.97, 23.22, 347.74, 68, 84, 13515620
1.97, 14.97, 23.30, 348.95, 68, 84, 13527456
1.97, 14.97, 22.95, 343.70, 68, 84, 13539292
1.98, 14.97, 23.38, 350.16, 68, 84, 13551136
1.99, 14.97, 23.44, 350.97, 68, 84, 13562952
1.99, 14.97, 23.17, 346.93, 68, 84, 13574780
2.00, 14.97, 22.90, 342.89, 68, 84, 13586616
2.00, 14.97, 22.90, 342.89, 68, 84, 13598440
2.00, 14.00, 23.47, 328.46, 68, 84, 13610272
2.01, 15.30, 23.22, 355.30, 68, 84, 13622096
2.01, 15.30, 23.12, 353.65, 68, 84, 13633924
2.01, 15.30, 22.98, 351.59, 68, 84, 13645760
2.02, 15.30, 23.03, 352.41, 68, 84, 13657584
2.02, 13.67, 23.33, 318.98, 68, 84, 13669436
2.02, 15.30, 23.36, 357.36, 68, 85, 13681244
2.02, 15.30, 22.95, 351.17, 69, 84, 13693080
2.02, 15.30, 22.93, 350.76, 69, 84, 13704908
2.03, 15.30, 23.22, 355.30, 69, 84, 13716744
2.03, 15.63, 23.49, 367.07, 69, 84, 13728564
2.04, 15.63, 23.06, 360.33, 69, 84, 13740400
2.04, 15.95, 23.03, 367.41, 69, 84, 13752228
2.06, 15.95, 22.90, 365.26, 69, 84, 13764060
2.07, 15.95, 23.41, 373.43, 69, 84, 13775896
2.07, 15.95, 23.36, 372.57, 69, 84, 13787724
2.07, 15.95, 22.95, 366.12, 69, 84, 13799560
2.08, 15.95, 22.98, 366.55, 69, 84, 13811384
2.08, 15.95, 23.06, 367.84, 69, 84, 13823224
2.08, 15.63, 23.41, 365.81, 69, 84, 13835052
2.08, 15.63, 23.25, 363.28, 69, 84, 13846880
2.08, 15.63, 23.06, 360.33, 69, 84, 13858716
2.08, 14.97, 23.06, 345.32, 69, 84, 13870544
2.09, 15.63, 23.03, 359.91, 69, 84, 13882380
2.09, 15.63, 23.38, 365.39, 70, 84, 13894204
2.09, 15.95, 23.12, 368.70, 70, 84, 13906040
2.09, 16.28, 23.06, 375.35, 70, 84, 13917860
2.10, 14.97, 23.20, 347.34, 70, 84, 13929716
2.11, 16.60, 22.95, 381.06, 70, 84, 13941520
2.12, 16.60, 23.20, 385.09, 70, 84, 13953356
2.13, 16.60, 23.20, 385.09, 70, 84, 13965180
2.14, 16.60, 23.41, 388.67, 70, 84, 13977008
2.15, 16.28, 23.33, 379.74, 70, 84, 13988848
2.15, 16.60, 23.14, 384.20, 70, 84, 14000672
2.15, 16.60, 22.95, 381.06, 70, 84, 14012504
2.15, 16.60, 22.93, 380.61, 70, 84, 14024328
2.15, 16.60, 23.22, 385.54, 70, 84, 14036168
2.16, 16.60, 23.14, 384.20, 70, 84, 14047992
2.16, 16.60, 23.41, 388.67, 70, 84, 14059832
2.16, 16.60, 23.36, 387.78, 70, 84, 14071652
2.17, 16.60, 23.17, 384.64, 70, 84, 14083484
2.18, 16.60, 23.06, 382.85, 71, 84, 14095320
2.17, 16.93, 22.98, 388.99, 71, 84, 14107144
2.18, 16.93, 22.87, 387.16, 71, 84, 14118980
2.18, 16.60, 23.28, 386.43, 71, 84, 14130804
2.19, 16.93, 23.20, 392.64, 71, 84, 14142640
2.20, 16.93, 23.17, 392.19, 71, 84, 14154468
2.20, 16.93, 23.38, 395.84, 71, 84, 14166300
2.21, 16.93, 23.41, 396.29, 71, 84, 14178124
2.22, 15.63, 23.60, 368.76, 71, 84, 14189956
2.22, 17.25, 23.33, 402.52, 71, 84, 14201792
2.22, 17.25, 23.25, 401.12, 71, 84, 14213620
2.22, 16.93, 23.03, 389.90, 71, 84, 14225452
2.22, 16.93, 23.06, 390.36, 71, 84, 14237284
2.22, 16.28, 23.01, 374.47, 71, 84, 14249120
2.22, 16.93, 22.93, 388.08, 71, 84, 14260944
2.23, 16.93, 23.03, 389.90, 71, 84, 14272780
2.24, 16.93, 23.20, 392.64, 71, 84, 14284604
2.23, 16.93, 23.41, 396.29, 72, 84, 14296436
2.23, 17.25, 23.33, 402.52, 72, 84, 14308276
2.23, 17.25, 23.38, 403.45, 72, 84, 14320100
2.23, 17.25, 23.36, 402.98, 72, 84, 14331936
2.24, 17.25, 23.20, 400.19, 72, 84, 14343760
2.25, 17.58, 23.12, 406.32, 72, 84, 14355596
2.25, 17.58, 23.12, 406.32, 72, 84, 14367420
2.26, 17.58, 23.01, 404.42, 72, 84, 14379260
2.26, 17.25, 23.03, 397.40, 72, 84, 14391084
2.27, 17.25, 22.93, 395.54, 72, 84, 14402912
2.27, 17.58, 23.01, 404.42, 72, 84, 14414748
2.26, 17.25, 22.98, 396.47, 72, 84, 14426572
2.27, 17.25, 22.95, 396.00, 72, 84, 14438412
2.26, 15.95, 23.17, 369.56, 72, 84, 14450232
2.26, 17.25, 22.95, 396.00, 72, 84, 14462068
2.27, 17.25, 22.90, 395.07, 72, 84, 14473892
2.27, 17.25, 22.93, 395.54, 72, 84, 14485728
2.28, 17.25, 22.93, 395.54, 73, 84, 14497552
2.27, 16.28, 23.06, 375.35, 73, 84, 14509388
2.28, 17.58, 22.90, 402.53, 73, 84, 14521212
2.28, 17.58, 22.95, 403.48, 73, 84, 14533044
2.29, 17.58, 22.87, 402.05, 73, 84, 14544880
2.29, 17.58, 22.87, 402.05, 73, 84, 14556704
2.30, 17.58, 23.06, 405.37, 73, 84, 14568540
2.30, 17.90, 23.01, 411.91, 73, 84, 14580364
2.31, 17.90, 23.09, 413.36, 73, 84, 14592196
2.31, 17.90, 23.03, 412.40, 73, 84, 14604020
2.31, 17.90, 23.41, 419.16, 73, 84, 14615860
2.31, 17.90, 23.17, 414.81, 73, 84, 14627680
2.31, 17.90, 23.14, 414.33, 73, 84, 14639512
2.32, 17.90, 23.20, 415.29, 73, 84, 14651364
2.32, 17.90, 22.90, 409.98, 73, 84, 14663172
2.33, 17.90, 23.30, 417.23, 73, 84, 14675008
2.34, 17.90, 22.90, 409.98, 73, 84, 14686832
2.34, 17.90, 22.85, 409.02, 74, 84, 14698668
2.34, 16.93, 23.01, 389.45, 74, 84, 14710492
2.34, 18.23, 22.87, 416.94, 74, 84, 14722328
2.35, 18.55, 22.93, 425.39, 74, 84, 14734152
2.36, 18.23, 23.03, 419.90, 74, 84, 14745988
2.37, 18.55, 23.20, 430.40, 74, 84, 14757824
2.38, 17.25, 23.14, 399.26, 74, 84, 14769664
2.38, 18.55, 23.06, 427.89, 74, 84, 14781484
2.38, 18.55, 23.33, 432.90, 74, 84, 14793308
2.38, 18.88, 23.44, 442.53, 74, 84, 14805144
2.39, 18.88, 23.41, 442.02, 74, 84, 14816968
2.40, 18.88, 23.38, 441.51, 74, 84, 14828804
2.39, 18.88, 23.14, 436.93, 74, 84, 14840628
2.40, 18.88, 23.33, 440.49, 74, 84, 14852460
2.41, 18.55, 23.22, 430.90, 74, 84, 14864288
2.41, 18.55, 22.98, 426.39, 74, 84, 14876120
2.41, 18.55, 23.30, 432.40, 74, 84, 14887956
2.40, 18.55, 23.09, 428.39, 75, 84, 14899780
2.40, 18.23, 23.22, 423.34, 75, 84, 14911636
2.40, 18.55, 22.87, 424.39, 75, 84, 14923436
2.40, 18.88, 22.98, 433.87, 75, 84, 14935272
2.41, 18.88, 22.87, 431.84, 75, 84, 14947100
2.42, 18.88, 22.87, 431.84, 75, 84, 14958932
2.43, 18.23, 23.03, 419.90, 75, 84, 14970760
2.43, 19.21, 22.98, 441.35, 75, 84, 14982588
2.44, 19.21, 22.98, 441.35, 75, 84, 14994428
2.44, 19.21, 23.09, 443.43, 75, 84, 15006252
2.45, 19.21, 23.06, 442.91, 75, 84, 15018088
2.45, 17.58, 23.20, 407.74, 75, 84, 15029916
2.45, 19.21, 23.14, 444.46, 75, 84, 15041752
2.46, 19.21, 23.12, 443.94, 75, 84, 15053584
2.46, 19.21, 23.01, 441.87, 75, 84, 15065420
2.46, 19.21, 23.30, 447.57, 75, 84, 15077244
2.46, 18.55, 23.44, 434.90, 75, 84, 15089076
2.46, 18.88, 23.22, 438.46, 76, 84, 15100916
2.47, 19.21, 23.01, 441.87, 76, 84, 15112744
2.46, 19.21, 22.87, 439.28, 76, 84, 15124576
2.47, 19.21, 22.85, 438.76, 76, 84, 15136404
2.47, 19.53, 22.93, 447.78, 76, 84, 15148244
2.49, 19.53, 22.93, 447.78, 76, 84, 15160072
2.49, 19.53, 22.85, 446.20, 76, 84, 15171908
2.50, 19.53, 23.01, 449.36, 76, 84, 15183732
2.51, 19.53, 23.17, 452.52, 76, 84, 15195564
2.51, 19.53, 23.22, 453.58, 76, 84, 15207404
2.52, 19.53, 23.17, 452.52, 76, 84, 15219232
2.52, 19.21, 23.47, 450.68, 76, 84, 15231068
2.52, 19.53, 23.03, 449.89, 76, 84, 15242892
2.52, 19.53, 23.01, 449.36, 76, 84, 15254732
2.53, 19.53, 22.87, 446.73, 76, 84, 15266556
2.53, 19.53, 22.87, 446.73, 76, 84, 15278396
2.53, 18.23, 23.14, 421.86, 76, 84, 15290220
2.53, 19.53, 22.98, 448.83, 77, 84, 15302052
2.53, 19.53, 23.01, 449.36, 77, 84, 15313888
2.53, 19.86, 23.17, 460.06, 77, 84, 15325716
2.53, 19.86, 23.20, 460.60, 77, 84, 15337552
2.53, 19.21, 23.44, 450.16, 77, 84, 15349372
2.54, 20.18, 22.82, 460.53, 77, 84, 15361208
2.55, 20.18, 22.87, 461.62, 77, 84, 15373036
2.56, 20.18, 22.98, 463.80, 77, 84, 15384872
2.57, 20.18, 23.17, 467.61, 77, 84, 15396696
2.57, 20.18, 23.30, 470.33, 77, 84, 15408524
2.58, 20.18, 23.17, 467.61, 77, 84, 15420360
2.58, 20.18, 22.85, 461.07, 77, 84, 15432180
2.58, 20.18, 22.90, 462.16, 77, 84, 15444020
2.58, 20.18, 23.01, 464.34, 77, 84, 15455844
2.58, 20.18, 22.95, 463.25, 77, 84, 15467684
2.58, 20.18, 23.22, 468.69, 77, 84, 15479508
2.58, 19.86, 22.98, 456.31, 77, 84, 15491368
2.58, 19.86, 23.01, 456.85, 78, 84, 15503176
2.59, 20.18, 22.82, 460.53, 78, 84, 15515004
2.59, 20.51, 22.79, 467.40, 78, 84, 15526844
2.59, 20.51, 22.85, 468.51, 78, 84, 15538672
2.60, 19.53, 23.03, 449.89, 78, 84, 15550508
2.62, 20.83, 23.14, 482.13, 78, 84, 15562336
2.62, 21.16, 23.17, 490.23, 78, 84, 15574172
2.64, 21.16, 23.28, 492.51, 78, 84, 15586000
2.65, 21.16, 22.79, 482.24, 78, 84, 15597836
2.65, 19.86, 23.01, 456.85, 78, 84, 15609676
2.66, 21.48, 22.95, 493.14, 78, 84, 15621496
2.67, 21.48, 23.03, 494.88, 78, 84, 15633324
2.66, 21.48, 23.12, 496.61, 78, 84, 15645160
2.67, 21.48, 22.82, 490.24, 78, 84, 15657000
2.67, 21.48, 22.95, 493.14, 78, 84, 15668820
2.68, 21.48, 22.95, 493.14, 78, 84, 15680660
2.68, 21.48, 23.20, 498.35, 78, 84, 15692484
2.69, 21.48, 22.95, 493.14, 79, 84, 15704320
2.69, 21.48, 22.85, 490.82, 79, 84, 15716148
2.69, 21.48, 22.85, 490.82, 79, 84, 15727980
2.69, 21.81, 22.98, 501.20, 79, 84, 15739808
2.70, 21.81, 22.95, 500.61, 79, 84, 15751660
2.71, 21.81, 23.01, 501.79, 79, 84, 15763476
2.72, 21.81, 22.87, 498.84, 79, 84, 15775300
2.72, 21.81, 22.93, 500.02, 79, 84, 15787140
2.73, 21.81, 23.28, 507.67, 79, 84, 15798968
2.74, 21.16, 23.22, 491.37, 79, 84, 15810804
2.74, 21.81, 22.93, 500.02, 79, 85, 15822628
2.74, 21.81, 22.93, 500.02, 79, 84, 15834464
2.74, 21.81, 23.17, 505.32, 79, 84, 15846292
2.75, 21.81, 22.98, 501.20, 79, 84, 15858124
2.75, 20.51, 23.14, 474.59, 79, 84, 15869976
2.76, 21.81, 22.98, 501.20, 79, 84, 15881784
2.76, 21.81, 23.14, 504.73, 79, 84, 15893620
2.76, 21.81, 22.82, 497.67, 80, 84, 15905444
2.76, 21.81, 22.85, 498.26, 80, 84, 15917280
2.76, 21.48, 23.01, 494.30, 80, 84, 15929108
2.76, 22.14, 23.36, 517.04, 80, 84, 15940936
2.76, 22.14, 22.93, 507.48, 80, 84, 15952772
2.77, 22.14, 22.85, 505.69, 80, 84, 15964604
2.78, 22.14, 22.95, 508.08, 80, 84, 15976440
2.78, 22.14, 23.14, 512.26, 80, 84, 15988268
2.78, 22.14, 22.85, 505.69, 80, 84, 16000104
2.79, 22.14, 22.90, 506.89, 80, 84, 16011932
2.79, 22.14, 23.03, 509.87, 80, 84, 16023768
2.78, 22.14, 23.17, 512.86, 80, 84, 16035596
2.78, 22.14, 22.95, 508.08, 80, 84, 16047436
2.78, 22.14, 22.90, 506.89, 80, 84, 16059260
2.79, 21.16, 23.20, 490.80, 80, 84, 16071092
2.79, 22.14, 23.14, 512.26, 80, 84, 16082932
2.79, 22.14, 22.87, 506.29, 80, 84, 16094756
2.79, 22.14, 23.01, 509.28, 81, 84, 16106592
2.79, 22.14, 23.17, 512.86, 81, 84, 16118416
2.79, 20.83, 22.95, 478.19, 81, 84, 16130252
2.79, 22.46, 22.87, 513.74, 81, 84, 16142076
2.80, 22.79, 22.95, 523.02, 81, 84, 16153916
2.81, 22.79, 22.82, 519.95, 81, 84, 16165740
2.82, 22.79, 22.85, 520.57, 81, 84, 16177572
2.83, 22.14, 23.03, 509.87, 81, 84, 16189412
2.84, 22.79, 22.82, 519.95, 81, 85, 16201236
2.85, 22.79, 22.79, 519.34, 81, 84, 16213080
2.85, 22.79, 22.93, 522.41, 81, 84, 16224900
2.85, 22.79, 23.22, 529.17, 81, 84, 16236736
2.85, 22.79, 22.79, 519.34, 81, 84, 16248564
2.85, 22.79, 22.87, 521.18, 81, 84, 16260400
2.84, 22.79, 23.22, 529.17, 81, 84, 16272224
2.85, 22.79, 22.82, 519.95, 81, 84, 16284052
2.85, 22.79, 22.85, 520.57, 81, 84, 16295888
2.86, 22.79, 22.93, 522.41, 82, 84, 16307716
2.86, 23.11, 23.22, 536.73, 82, 84, 16319552
2.86, 23.11, 22.82, 527.38, 82, 84, 16331376
2.87, 23.76, 22.85, 542.88, 82, 84, 16343212
2.88, 23.76, 23.14, 549.93, 82, 84, 16355036
2.90, 24.09, 22.82, 549.66, 82, 84, 16366872
2.91, 24.09, 23.12, 556.81, 82, 84, 16378696
2.92, 22.79, 23.52, 535.93, 82, 84, 16390528
2.93, 24.09, 22.90, 551.61, 82, 84, 16402364
2.94, 24.09, 23.33, 562.01, 82, 84, 16414192
2.94, 24.09, 22.93, 552.26, 82, 84, 16426028
2.95, 24.09, 22.90, 551.61, 82, 84, 16437848
2.95, 23.44, 23.38, 548.08, 82, 84, 16449688
2.95, 24.41, 22.82, 557.09, 82, 84, 16461516
2.95, 24.41, 22.87, 558.41, 82, 84, 16473356
2.96, 24.09, 23.14, 557.46, 82, 84, 16485180
2.97, 24.09, 22.87, 550.96, 82, 84, 16497012
2.97, 24.09, 22.87, 550.96, 83, 84, 16508844
2.98, 24.41, 22.82, 557.09, 83, 84, 16520676
2.98, 24.41, 22.85, 557.75, 83, 84, 16532512
2.98, 24.74, 23.06, 570.52, 83, 84, 16544340
2.98, 24.74, 22.76, 563.18, 83, 84, 16556176
2.99, 24.74, 22.95, 567.86, 83, 84, 16568000
2.99, 24.74, 23.01, 569.19, 83, 84, 16579836
3.00, 24.74, 22.76, 563.18, 83, 84, 16591680
3.00, 24.74, 23.09, 571.19, 83, 84, 16603488
3.01, 24.74, 22.76, 563.18, 83, 84, 16615320
3.01, 24.74, 22.95, 567.86, 83, 84, 16627148
3.01, 24.74, 22.93, 567.19, 83, 84, 16638988
3.00, 23.44, 23.22, 544.29, 83, 84, 16650808
3.00, 24.74, 23.09, 571.19, 83, 84, 16662644
3.00, 24.74, 22.82, 564.52, 83, 84, 16674468
3.01, 24.74, 23.22, 574.53, 83, 84, 16686304
3.01, 24.74, 22.82, 564.52, 83, 84, 16698128
3.02, 23.44, 23.09, 541.13, 84, 84, 16709980
3.02, 24.74, 22.76, 563.18, 84, 85, 16721788
3.02, 25.07, 22.93, 574.65, 84, 84, 16733616
3.02, 25.07, 23.03, 577.36, 84, 84, 16745452
3.03, 25.07, 22.82, 571.95, 84, 84, 16757272
3.04, 25.39, 23.01, 584.17, 84, 84, 16769108
3.05, 25.39, 22.87, 580.74, 84, 84, 16780928
3.06, 25.39, 23.33, 592.39, 84, 84, 16792768
3.07, 25.39, 22.93, 582.11, 84, 84, 16804588
3.07, 25.39, 23.22, 589.65, 84, 84, 16816424
3.07, 25.39, 22.82, 579.38, 84, 84, 16828248
3.08, 25.39, 23.25, 590.33, 84, 84, 16840080
3.08, 25.72, 22.95, 590.27, 84, 84, 16851932
3.09, 25.72, 23.03, 592.35, 84, 85, 16863736
3.10, 25.39, 22.76, 578.01, 84, 84, 16875572
3.10, 25.39, 23.09, 586.22, 84, 84, 16887396
3.11, 25.39, 22.79, 578.69, 84, 84, 16899228
3.11, 24.74, 22.98, 568.52, 85, 84, 16911052
3.11, 25.39, 22.74, 577.32, 85, 85, 16922884
3.11, 25.72, 22.90, 588.88, 85, 84, 16934712
3.11, 25.72, 22.74, 584.72, 85, 84, 16946540
3.11, 25.72, 22.79, 586.11, 85, 84, 16958372
3.12, 24.41, 23.41, 571.58, 85, 84, 16970216
3.13, 26.04, 22.74, 592.12, 85, 84, 16982036
3.14, 26.04, 23.12, 601.96, 85, 84, 16993860
3.14, 26.04, 22.76, 592.83, 85, 84, 17005692
3.14, 26.04, 23.06, 600.55, 85, 84, 17017516
3.14, 25.72, 22.85, 587.50, 85, 84, 17029352
3.14, 26.04, 23.01, 599.15, 85, 84, 17041176
3.14, 26.04, 22.76, 592.83, 85, 84, 17053004
3.15, 26.04, 23.17, 603.36, 85, 84, 17064832
3.16, 26.04, 22.82, 594.23, 85, 84, 17076664
3.16, 25.72, 22.93, 589.58, 85, 84, 17088500
3.16, 26.04, 22.74, 592.12, 85, 84, 17100328
3.16, 26.04, 22.76, 592.83, 86, 84, 17112160
3.16, 26.37, 22.71, 598.81, 86, 84, 17123984
3.16, 26.69, 22.79, 608.37, 86, 84, 17135820
3.18, 26.69, 22.87, 610.53, 86, 84, 17147644
3.19, 27.02, 22.79, 615.79, 86, 84, 17159480
3.20, 26.37, 22.87, 603.08, 86, 84, 17171300
3.21, 27.02, 23.06, 623.07, 86, 84, 17183132
3.22, 27.34, 22.87, 625.42, 86, 84, 17194968
3.23, 27.34, 22.90, 626.15, 86, 84, 17206796
3.23, 27.34, 22.74, 621.73, 86, 84, 17218632
3.23, 26.04, 23.25, 605.47, 86, 84, 17230452
3.24, 27.34, 22.79, 623.20, 86, 84, 17242288
3.24, 27.34, 22.93, 626.89, 86, 84, 17254112
3.24, 27.34, 22.87, 625.42, 86, 84, 17265948
3.25, 27.34, 22.74, 621.73, 86, 84, 17277772
3.26, 26.69, 22.87, 610.53, 86, 84, 17289600
3.26, 27.02, 22.93, 619.43, 86, 84, 17301440
3.26, 27.02, 22.95, 620.16, 87, 84, 17313264
3.25, 27.34, 22.68, 620.25, 87, 84, 17325104
3.25, 27.34, 22.85, 624.68, 87, 84, 17336932
3.25, 27.67, 22.74, 629.13, 87, 84, 17348768
3.27, 27.67, 22.90, 633.61, 87, 84, 17360592
3.28, 27.67, 22.68, 627.64, 87, 84, 17372428
3.29, 27.67, 22.87, 632.86, 87, 84, 17384256
3.29, 27.67, 22.76, 629.88, 87, 84, 17396088
3.30, 27.67, 23.06, 638.09, 87, 84, 17407916
3.30, 27.99, 22.82, 638.80, 87, 84, 17419748
3.31, 27.67, 23.22, 642.56, 87, 84, 17431588
3.31, 27.99, 22.82, 638.80, 87, 84, 17443412
3.31, 27.99, 22.76, 637.29, 87, 84, 17455244
3.32, 27.67, 23.01, 636.59, 87, 84, 17467072
3.32, 27.67, 22.71, 628.39, 87, 84, 17478912
3.32, 26.37, 23.09, 608.77, 87, 84, 17490736
3.32, 27.99, 22.76, 637.29, 87, 84, 17502568
3.32, 27.67, 22.90, 633.61, 88, 84, 17514400
3.32, 27.99, 22.93, 641.82, 88, 84, 17526228
3.31, 28.32, 22.68, 642.41, 88, 84, 17538064
3.32, 27.34, 23.30, 637.22, 88, 84, 17549896
3.34, 28.32, 22.68, 642.41, 88, 84, 17561732
3.35, 28.65, 22.71, 650.56, 88, 84, 17573556
3.36, 28.65, 22.87, 655.20, 88, 84, 17585392
3.37, 28.65, 22.79, 652.88, 88, 84, 17597220
3.37, 28.65, 22.74, 651.34, 88, 84, 17609048
3.36, 28.65, 23.03, 659.84, 88, 84, 17620884
3.35, 28.32, 22.71, 643.17, 88, 84, 17632716
3.35, 28.32, 22.87, 647.75, 88, 84, 17644552
3.36, 28.32, 22.95, 650.05, 88, 84, 17656376
3.36, 28.32, 22.82, 646.23, 88, 84, 17668208
3.36, 28.32, 23.06, 653.10, 88, 84, 17680036
3.37, 28.32, 22.79, 645.46, 88, 84, 17691888
3.37, 28.32, 22.82, 646.23, 88, 84, 17703696
3.36, 28.32, 23.38, 662.27, 89, 84, 17715524
3.36, 28.65, 22.76, 652.11, 89, 84, 17727348
3.37, 28.65, 22.87, 655.20, 89, 84, 17739180
3.37, 27.34, 22.95, 627.63, 89, 84, 17751016
3.38, 28.97, 22.68, 657.17, 89, 85, 17762840
3.39, 28.97, 23.09, 668.90, 89, 84, 17774672
3.40, 28.97, 22.74, 658.74, 89, 84, 17786500
3.40, 28.97, 22.71, 657.96, 89, 84, 17798332
3.40, 27.67, 23.01, 636.59, 89, 84, 17810172
3.40, 28.97, 22.71, 657.96, 89, 84, 17821996
3.40, 28.97, 22.74, 658.74, 89, 84, 17833816
3.40, 28.97, 22.90, 663.43, 89, 84, 17845648
3.40, 28.97, 22.76, 659.52, 89, 84, 17857484
3.41, 28.97, 23.01, 666.55, 89, 84, 17869308
3.41, 28.97, 22.82, 661.08, 89, 84, 17881148
3.41, 28.97, 22.74, 658.74, 89, 84, 17892972
3.41, 28.97, 22.85, 661.86, 89, 84, 17904808
3.42, 29.30, 22.76, 666.93, 90, 84, 17916632
3.42, 29.30, 22.66, 663.77, 90, 84, 17928472
3.42, 29.62, 22.85, 676.74, 90, 84, 17940296
3.44, 29.95, 22.82, 683.37, 90, 84, 17952148
3.46, 29.95, 22.66, 678.52, 90, 84, 17963964
3.47, 30.27, 22.93, 694.06, 90, 84, 17975788
3.48, 30.27, 22.66, 685.89, 90, 84, 17987628
3.49, 30.27, 22.74, 688.34, 90, 84, 17999452
3.49, 29.30, 23.09, 676.41, 90, 84, 18011292
3.49, 30.27, 22.71, 687.53, 90, 84, 18023116
3.50, 30.27, 22.68, 686.71, 90, 84, 18034948
3.51, 30.60, 22.87, 699.87, 90, 84, 18046772
3.51, 30.60, 22.79, 697.40, 90, 84, 18058600
3.51, 28.97, 23.06, 668.11, 90, 84, 18070448
3.52, 30.27, 22.93, 694.06, 90, 85, 18082260
3.52, 30.27, 22.98, 695.69, 90, 84, 18094096
3.52, 30.60, 22.71, 694.92, 90, 84, 18105924
3.53, 30.60, 22.66, 693.27, 91, 84, 18117760
3.53, 30.27, 22.93, 694.06, 91, 84, 18129584
3.53, 30.92, 22.71, 702.31, 91, 84, 18141420
3.54, 30.92, 22.71, 702.31, 91, 84, 18153244
3.55, 30.92, 22.66, 700.64, 91, 84, 18165076
3.55, 30.92, 22.90, 708.15, 91, 84, 18176904
3.55, 30.92, 22.95, 709.82, 91, 84, 18188736
3.55, 30.92, 22.68, 701.48, 91, 84, 18200568
3.56, 30.92, 22.90, 708.15, 91, 84, 18212408
3.56, 30.92, 22.90, 708.15, 91, 84, 18224228
3.57, 30.92, 22.76, 703.98, 91, 84, 18236052
3.57, 30.92, 22.68, 701.48, 91, 84, 18247892
3.57, 30.92, 22.82, 705.65, 91, 84, 18259708
3.58, 30.27, 23.01, 696.51, 91, 84, 18271544
3.58, 30.92, 23.09, 713.99, 91, 84, 18283368
3.58, 30.92, 22.82, 705.65, 91, 84, 18295200
3.58, 30.92, 22.71, 702.31, 91, 84, 18307032
3.58, 30.92, 22.68, 701.48, 92, 84, 18318856
3.58, 29.95, 22.93, 686.60, 92, 84, 18330692
3.59, 31.25, 22.68, 708.86, 92, 84, 18342516
3.60, 31.25, 22.71, 709.71, 92, 84, 18354352
3.60, 31.58, 22.66, 715.39, 92, 84, 18366172
3.61, 31.58, 22.82, 720.50, 92, 84, 18378012
3.62, 30.92, 22.79, 704.82, 92, 84, 18389836
3.62, 31.58, 22.63, 714.54, 92, 84, 18401668
3.62, 31.58, 23.09, 729.02, 92, 84, 18413504
3.63, 31.58, 22.71, 717.10, 92, 84, 18425332
3.63, 31.58, 22.66, 715.39, 92, 84, 18437164
3.63, 31.58, 22.71, 717.10, 92, 84, 18448988
3.63, 31.58, 23.03, 727.32, 92, 84, 18460824
3.63, 31.90, 22.76, 726.21, 92, 84, 18472648
3.64, 31.90, 22.71, 724.49, 92, 84, 18484484
3.65, 31.58, 22.68, 716.25, 92, 84, 18496308
3.65, 31.58, 22.85, 721.36, 92, 84, 18508136
3.64, 31.58, 22.90, 723.06, 93, 84, 18519964
3.64, 31.25, 22.74, 710.55, 93, 84, 18531800
3.64, 31.90, 22.66, 722.77, 93, 84, 18543636
3.65, 31.90, 22.66, 722.77, 93, 84, 18555460
3.66, 31.90, 22.76, 726.21, 93, 84, 18567292
3.67, 31.90, 22.82, 727.93, 93, 84, 18579120
3.67, 30.60, 22.82, 698.22, 93, 84, 18590952
3.67, 32.23, 22.85, 736.23, 93, 84, 18602780
3.66, 32.23, 22.85, 736.23, 93, 84, 18614608
3.66, 32.23, 22.68, 731.01, 93, 84, 18626436
3.67, 32.23, 22.66, 730.15, 93, 84, 18638264
3.67, 31.25, 22.85, 713.92, 93, 84, 18650100
3.67, 32.23, 22.63, 729.28, 93, 84, 18661928
3.68, 32.55, 22.68, 738.40, 93, 84, 18673768
3.69, 32.55, 22.79, 741.91, 93, 84, 18685588
3.69, 32.55, 22.93, 746.30, 93, 84, 18697424
3.69, 32.55, 22.66, 737.52, 93, 84, 18709248
3.70, 32.55, 22.79, 741.91, 94, 84, 18721084
3.70, 32.55, 22.82, 742.79, 94, 84, 18732908
3.70, 32.88, 22.68, 745.78, 94, 84, 18744740
3.71, 33.20, 22.63, 751.38, 94, 84, 18756576
3.72, 33.20, 22.79, 756.75, 94, 84, 18768408
3.73, 33.20, 22.63, 751.38, 94, 84, 18780244
3.73, 33.20, 22.82, 757.64, 94, 84, 18792068
3.74, 33.53, 22.68, 760.55, 94, 84, 18803904
3.75, 33.53, 22.90, 767.79, 94, 84, 18815728
3.75, 33.53, 22.68, 760.55, 94, 84, 18827564
3.75, 33.53, 22.63, 758.74, 94, 84, 18839388
3.75, 32.23, 22.82, 735.36, 94, 84, 18851216
3.75, 33.53, 22.63, 758.74, 94, 84, 18863052
3.75, 33.20, 22.82, 757.64, 94, 84, 18874876
3.75, 33.53, 22.87, 766.88, 94, 84, 18886712
3.74, 33.53, 22.85, 765.98, 94, 84, 18898536
3.74, 32.23, 22.85, 736.23, 94, 84, 18910388
3.74, 33.53, 22.63, 758.74, 95, 84, 18922196
3.74, 33.53, 22.60, 757.84, 95, 84, 18934028
3.75, 33.53, 22.60, 757.84, 95, 84, 18945856
3.75, 33.85, 22.60, 765.20, 95, 84, 18957684
3.76, 34.18, 22.68, 775.32, 95, 84, 18969512
3.76, 33.85, 22.98, 777.98, 95, 84, 18981344
3.77, 34.18, 22.68, 775.32, 95, 84, 18993180
3.78, 34.18, 22.68, 775.32, 95, 84, 19005008
3.78, 34.18, 22.60, 772.55, 95, 84, 19016844
3.79, 34.18, 22.76, 778.08, 95, 84, 19028672
3.79, 34.18, 22.60, 772.55, 95, 84, 19040504
3.79, 34.18, 22.66, 774.40, 95, 84, 19052348
3.79, 34.18, 22.63, 773.47, 95, 84, 19064156
3.79, 34.18, 22.60, 772.55, 95, 84, 19075988
3.79, 34.18, 22.79, 779.01, 95, 84, 19087816
3.79, 34.18, 22.68, 775.32, 95, 84, 19099652
3.79, 32.88, 22.76, 748.44, 95, 84, 19111476
3.79, 34.18, 22.63, 773.47, 96, 84, 19123312
3.80, 34.18, 22.68, 775.32, 96, 84, 19135136
3.80, 34.18, 22.63, 773.47, 96, 84, 19146976
3.80, 34.51, 22.63, 780.84, 96, 84, 19158796
3.81, 33.20, 22.93, 761.23, 96, 84, 19170648
3.81, 34.51, 22.63, 780.84, 96, 85, 19182456
3.82, 34.51, 22.87, 789.22, 96, 84, 19194288
3.83, 34.83, 22.79, 793.84, 96, 84, 19206128
3.83, 34.83, 22.79, 793.84, 96, 84, 19217952
3.83, 34.51, 22.76, 785.49, 96, 84, 19229788
3.84, 34.83, 22.74, 791.97, 96, 84, 19241612
3.85, 34.83, 22.63, 788.21, 96, 84, 19253448
3.85, 34.83, 22.74, 791.97, 96, 84, 19265272
3.85, 34.83, 22.60, 787.27, 96, 84, 19277108
3.85, 34.83, 22.63, 788.21, 96, 84, 19288932
3.85, 34.83, 22.82, 794.78, 96, 84, 19300760
3.85, 34.83, 22.85, 795.72, 96, 84, 19312616
3.85, 34.83, 22.76, 792.90, 97, 84, 19324420
3.85, 34.83, 22.79, 793.84, 97, 84, 19336252
3.85, 34.83, 22.68, 790.09, 97, 84, 19348076
3.85, 34.83, 22.68, 790.09, 97, 84, 19359912
3.85, 34.18, 22.93, 783.62, 97, 84, 19371736
3.85, 34.83, 22.76, 792.90, 97, 84, 19383572
3.85, 34.83, 22.66, 789.15, 97, 84, 19395396
3.86, 34.83, 22.68, 790.09, 97, 84, 19407228
3.86, 34.83, 22.74, 791.97, 97, 84, 19419060
3.86, 33.85, 22.82, 772.50, 97, 84, 19430884
3.86, 34.83, 22.60, 787.27, 97, 84, 19442724
3.86, 34.83, 22.85, 795.72, 97, 84, 19454548
3.86, 34.83, 22.76, 792.90, 97, 84, 19466384
3.86, 34.83, 22.60, 787.27, 97, 84, 19478212
3.86, 34.18, 22.87, 781.77, 97, 84, 19490044
3.86, 34.83, 22.71, 791.03, 97, 84, 19501872
3.86, 34.83, 22.66, 789.15, 97, 84, 19513704
3.86, 34.83, 22.60, 787.27, 98, 84, 19525536
3.86, 34.83, 22.76, 792.90, 98, 84, 19537368
3.86, 34.83, 22.63, 788.21, 98, 84, 19549204
3.86, 34.83, 22.71, 791.03, 98, 84, 19561028
3.87, 35.16, 22.76, 800.32, 98, 84, 19572864
3.87, 35.16, 22.63, 795.57, 98, 84, 19584688
3.87, 35.16, 22.60, 794.63, 98, 84, 19596520
3.87, 35.16, 22.60, 794.63, 98, 84, 19608344
3.86, 35.16, 22.79, 801.26, 98, 84, 19620176
3.86, 34.83, 22.68, 790.09, 98, 84, 19632004
3.87, 34.83, 22.60, 787.27, 98, 84, 19643836
3.86, 35.16, 22.60, 794.63, 98, 84, 19655672
3.86, 35.16, 22.58, 793.68, 98, 84, 19667496
3.86, 35.16, 22.68, 797.47, 98, 84, 19679332
3.86, 33.85, 22.93, 776.15, 98, 84, 19691160
3.86, 35.16, 22.79, 801.26, 98, 84, 19702996
3.87, 35.16, 22.63, 795.57, 98, 84, 19714820
3.87, 35.16, 22.63, 795.57, 99, 84, 19726656
3.87, 35.48, 22.49, 798.16, 99, 84, 19738480
3.87, 35.81, 22.68, 812.24, 99, 84, 19750312
3.89, 37.11, 22.49, 834.77, 99, 84, 19762148
3.93, 37.43, 22.52, 843.10, 99, 84, 19773972
3.95, 38.09, 22.58, 859.82, 99, 84, 19785812
3.98, 38.09, 22.58, 859.82, 99, 84, 19797636
4.01, 38.41, 22.66, 870.27, 99, 84, 19809468
4.02, 38.74, 22.71, 879.74, 99, 85, 19821292
4.04, 38.74, 22.60, 875.56, 99, 84, 19833124
4.05, 38.74, 22.52, 872.43, 99, 84, 19844948
4.06, 39.06, 22.58, 881.86, 99, 84, 19856780
4.07, 39.06, 22.55, 880.81, 99, 84, 19868616
4.08, 39.06, 22.66, 885.02, 99, 84, 19880436
4.08, 38.74, 22.60, 875.56, 99, 84, 19892276
4.09, 39.06, 22.66, 885.02, 99, 84, 19904100
4.09, 39.06, 22.55, 880.81, 99, 84, 19915936
4.10, 39.06, 22.55, 880.81, 100, 84, 19927764
4.10, 39.06, 22.55, 880.81, 100, 84, 19939596
4.11, 37.76, 22.74, 858.58, 100, 84, 19951424
4.11, 39.06, 22.71, 887.13, 100, 84, 19963252
4.11, 39.06, 22.68, 886.08, 100, 84, 19975080
4.11, 39.06, 22.63, 883.97, 100, 84, 19986912
4.11, 39.06, 22.60, 882.92, 100, 84, 19998748
4.12, 37.76, 22.76, 859.60, 100, 84, 20010584
4.11, 39.06, 22.58, 881.86, 100, 84, 20022408
4.11, 39.06, 22.55, 880.81, 100, 84, 20034232
4.11, 39.06, 22.55, 880.81, 100, 84, 20046068
4.11, 39.06, 22.66, 885.02, 100, 84, 20057892
4.12, 39.06, 22.74, 888.19, 100, 84, 20069724
4.12, 38.74, 22.60, 875.56, 100, 84, 20081556
4.12, 38.74, 22.55, 873.47, 100, 84, 20093384
4.12, 38.74, 22.55, 873.47, 100, 84, 20105224
4.12, 38.74, 22.74, 880.78, 100, 84, 20117052
4.12, 38.74, 22.71, 879.74, 100, 84, 20128888
4.12, 38.74, 22.55, 873.47, 100, 84, 20140712
4.12, 38.74, 22.58, 874.52, 100, 84, 20152572
4.13, 38.74, 22.60, 875.56, 100, 84, 20164372
4.13, 38.74, 22.71, 879.74, 100, 84, 20176204
4.13, 38.74, 22.58, 874.52, 100, 84, 20188032
4.13, 38.74, 22.55, 873.47, 100, 84, 20199864
4.13, 37.43, 22.74, 851.18, 100, 84, 20211700
4.13, 38.74, 22.63, 876.60, 100, 84, 20223524
4.13, 38.74, 22.58, 874.52, 100, 84, 20235360
4.13, 38.74, 22.55, 873.47, 100, 84, 20247188
4.13, 38.74, 22.60, 875.56, 100, 84, 20259024
4.13, 37.43, 22.76, 852.19, 100, 84, 20270856
4.12, 38.74, 22.58, 874.52, 100, 84, 20282688
4.13, 38.74, 22.55, 873.47, 100, 84, 20294512
4.13, 38.74, 22.55, 873.47, 100, 84, 20306340
4.13, 38.74, 22.66, 877.65, 100, 84, 20318176
4.13, 38.41, 22.76, 874.42, 100, 84, 20330004
4.12, 38.74, 22.52, 872.43, 100, 84, 20341840
4.12, 38.74, 22.71, 879.74, 100, 84, 20353668
4.12, 38.74, 22.68, 878.69, 100, 84, 20365508
4.12, 38.74, 22.68, 878.69, 100, 84, 20377328
4.13, 38.41, 22.52, 865.09, 100, 84, 20389164
4.12, 38.41, 22.55, 866.13, 100, 84, 20400992
4.12, 38.74, 22.71, 879.74, 100, 84, 20412840
4.12, 38.41, 22.58, 867.17, 100, 84, 20424656
4.12, 38.41, 22.60, 868.20, 100, 84, 20436476
4.12, 38.41, 22.52, 865.09, 100, 84, 20448312
4.11, 38.41, 22.55, 866.13, 100, 84, 20460136
4.11, 37.76, 22.82, 861.63, 100, 84, 20471972
4.10, 38.41, 22.55, 866.13, 100, 84, 20483792
4.10, 38.41, 22.55, 866.13, 100, 84, 20495632
4.10, 38.41, 22.52, 865.09, 100, 84, 20507452
4.10, 38.41, 22.60, 868.20, 100, 84, 20519284
4.10, 37.43, 22.76, 852.19, 100, 84, 20531116
4.10, 38.41, 22.55, 866.13, 100, 84, 20542948
4.10, 38.41, 22.55, 866.13, 100, 84, 20554780
4.10, 38.41, 22.71, 872.35, 100, 84, 20566604
4.10, 38.41, 22.68, 871.31, 100, 84, 20578440
4.10, 37.76, 22.79, 860.62, 100, 84, 20590264
4.10, 38.41, 22.52, 865.09, 100, 84, 20602096
4.10, 38.41, 22.55, 866.13, 100, 84, 20613924
4.10, 38.41, 22.58, 867.17, 100, 84, 20625756
4.10, 38.41, 22.58, 867.17, 100, 84, 20637584
4.11, 38.41, 22.63, 869.24, 100, 84, 20649416
4.11, 38.41, 22.55, 866.13, 100, 84, 20661256
4.10, 38.41, 22.68, 871.31, 100, 84, 20673084
4.10, 38.41, 22.68, 871.31, 100, 84, 20684920
4.10, 38.41, 22.66, 870.27, 100, 84, 20696748
4.10, 38.41, 22.52, 865.09, 100, 84, 20708580
4.10, 38.41, 22.55, 866.13, 100, 84, 20720408
4.10, 38.09, 22.71, 864.95, 100, 84, 20732236
4.10, 38.41, 22.68, 871.31, 100, 85, 20744068
4.10, 38.41, 22.68, 871.31, 100, 84, 20755896
4.10, 38.41, 22.52, 865.09, 100, 84, 20767736
4.10, 38.41, 22.52, 865.09, 100, 84, 20779560
4.11, 37.43, 22.79, 853.20, 100, 84, 20791400
4.11, 38.41, 22.55, 866.13, 100, 84, 20803228
4.10, 38.41, 22.58, 867.17, 100, 84, 20815060
4.10, 38.41, 22.52, 865.09, 100, 84, 20826888
4.10, 38.41, 22.68, 871.31, 100, 84, 20838724
4.10, 37.43, 22.87, 856.23, 100, 84, 20850568
4.10, 38.41, 22.66, 870.27, 100, 84, 20862384
4.10, 38.41, 22.58, 867.17, 100, 84, 20874220
4.10, 38.41, 22.52, 865.09, 100, 84, 20886040
4.09, 38.41, 22.55, 866.13, 100, 84, 20897880
4.10, 38.41, 22.58, 867.17, 100, 84, 20909704
4.10, 38.41, 22.66, 870.27, 100, 84, 20921544
STOP
4.10, 37.76, 22.98, 867.75, 0, 84, 20933372
4.10, 33.85, 23.09, 781.63, 0, 84, 20945208
4.04, 30.60, 23.17, 708.95, 0, 84, 20957028
3.87, 27.34, 23.20, 634.27, 0, 84, 20968860
3.70, 24.74, 23.20, 573.86, 0, 84, 20980696
3.55, 22.46, 23.22, 521.61, 0, 84, 20992520
3.37, 20.18, 23.22, 468.69, 0, 84, 21004356
3.24, 18.23, 23.22, 423.34, 0, 84, 21016176
3.12, 16.28, 23.22, 377.98, 0, 84, 21028020
2.98, 14.65, 23.22, 340.18, 0, 84, 21039844
2.83, 13.35, 23.22, 309.94, 0, 84, 21051696
2.73, 12.04, 23.22, 279.70, 0, 85, 21063500
2.65, 10.74, 23.22, 249.47, 0, 84, 21075328
2.55, 9.77, 23.22, 226.79, 0, 84, 21087164
2.45, 8.79, 23.22, 204.11, 0, 84, 21098988
2.36, 6.51, 23.36, 152.07, 0, 84, 21110840
2.28, 7.16, 23.25, 166.50, 0, 85, 21122644
2.18, 6.51, 23.25, 151.37, 0, 84, 21134480
2.09, 5.86, 23.25, 136.23, 0, 84, 21146304
2.03, 5.21, 23.25, 121.09, 0, 84, 21158136
1.97, 4.56, 23.30, 106.20, 0, 84, 21169960
1.90, 4.23, 23.25, 98.39, 0, 84, 21181792
1.84, 3.91, 23.25, 90.82, 0, 84, 21193624
1.78, 3.58, 23.25, 83.25, 0, 84, 21205456
1.72, 3.26, 23.25, 75.68, 0, 84, 21217292
1.66, 2.93, 23.25, 68.12, 0, 84, 21229116
1.60, 2.60, 23.25, 60.55, 0, 84, 21240952
1.55, 2.28, 23.25, 52.98, 0, 84, 21252784
1.50, 1.95, 23.25, 45.41, 0, 84, 21264616
1.46, 1.95, 23.25, 45.41, 0, 84, 21276444
1.42, 1.63, 23.25, 37.84, 0, 84, 21288276
1.38, 1.30, 23.25, 30.27, 0, 84, 21300108
1.34, 1.30, 23.25, 30.27, 0, 84, 21311952
1.31, 0.98, 23.25, 22.71, 0, 84, 21323776
1.27, 0.98, 23.25, 22.71, 0, 84, 21335600
1.24, 0.98, 23.25, 22.71, 0, 84, 21347444
1.21, 0.65, 23.25, 15.14, 0, 84, 21359264
1.18, -0.33, 23.33, -7.59, 0, 84, 21371100
1.16, 0.65, 23.25, 15.14, 0, 84, 21382924
1.13, 0.33, 23.25, 7.57, 0, 84, 21394760
1.10, 0.33, 23.28, 7.58, 0, 84, 21406584
1.08, 0.33, 23.25, 7.57, 0, 84, 21418412
1.05, -0.00, 23.38, -0.00, 0, 84, 21430248
1.03, 0.33, 23.25, 7.57, 0, 84, 21442072
1.00, 0.33, 23.25, 7.57, 0, 84, 21453904
0.97, -0.00, 23.25, -0.00, 0, 84, 21465728
0.95, -0.00, 23.25, -0.00, 0, 84, 21477564
0.93, -0.00, 23.28, -0.00, 0, 84, 21489384
0.90, -0.00, 23.25, -0.00, 0, 84, 21501220
0.88, -0.00, 23.25, -0.00, 0, 84, 21513048
0.86, -0.00, 23.28, -0.00, 0, 84, 21524876
0.84, -0.00, 23.28, -0.00, 0, 84, 21536716
0.81, -0.00, 23.28, -0.00, 0, 84, 21548544
0.79, -0.00, 23.25, -0.00, 0, 84, 21560376
0.77, -0.00, 23.28, -0.00, 0, 84, 21572200
0.75, -0.00, 23.25, -0.00, 0, 84, 21584036
0.73, -0.00, 23.28, -0.00, 0, 84, 21595860
0.72, -0.33, 23.28, -7.58, 0, 84, 21607692
0.70, -0.33, 23.28, -7.58, 0, 84, 21619516
0.68, -0.65, 23.33, -15.19, 0, 84, 21631344
0.67, -0.33, 23.28, -7.58, 0, 85, 21643176
0.65, -0.33, 23.28, -7.58, 0, 84, 21655004
0.63, -0.33, 23.28, -7.58, 0, 84, 21666836
0.62, -0.33, 23.28, -7.58, 0, 84, 21678664
0.60, -1.30, 23.38, -30.45, 0, 84, 21690496
0.59, -0.33, 23.28, -7.58, 0, 84, 21702320
0.58, -0.33, 23.28, -7.58, 0, 84, 21714160
0.56, -0.33, 23.28, -7.58, 0, 84, 21725980
0.55, -0.33, 23.28, -7.58, 0, 84, 21737808
0.55, -0.33, 23.28, -7.58, 0, 84, 21749636
0.55, -0.33, 23.28, -7.58, 0, 84, 21761464
0.53, -0.33, 23.28, -7.58, 0, 84, 21773300
0.52, -0.33, 23.28, -7.58, 0, 84, 21785128
0.51, -0.33, 23.28, -7.58, 0, 84, 21796960
0.51, -0.33, 23.28, -7.58, 0, 84, 21808784
0.49, -0.33, 23.28, -7.58, 0, 84, 21820624
0.48, -0.33, 23.28, -7.58, 0, 84, 21832448
0.48, -0.33, 23.28, -7.58, 0, 84, 21844284
0.47, -0.33, 23.28, -7.58, 0, 84, 21856112
0.45, -0.33, 23.28, -7.58, 0, 84, 21867940
0.45, -0.33, 23.28, -7.58, 0, 84, 21879780
0.45, -0.65, 23.28, -15.15, 0, 84, 21891604
0.41, -0.33, 23.28, -7.58, 0, 84, 21903444
0.42, -0.33, 23.28, -7.58, 0, 84, 21915264
0.41, -0.33, 23.28, -7.58, 0, 84, 21927104
0.39, -0.33, 23.28, -7.58, 0, 84, 21938928
0.39, -1.95, 23.47, -45.83, 0, 84, 21950780
0.40, -0.33, 23.28, -7.58, 0, 85, 21962592
0.37, -0.33, 23.28, -7.58, 0, 84, 21974424
0.38, -0.33, 23.28, -7.58, 0, 84, 21986260
0.37, -0.33, 23.28, -7.58, 0, 84, 21998084
0.35, -0.33, 23.28, -7.58, 0, 84, 22009924
0.35, -0.33, 23.28, -7.58, 0, 84, 22021748
0.33, -0.33, 23.28, -7.58, 0, 84, 22033584
0.33, -0.33, 23.28, -7.58, 0, 84, 22045408
0.33, -0.33, 23.28, -7.58, 0, 84, 22057244
0.32, -0.33, 23.28, -7.58, 0, 84, 22069072
0.33, -0.33, 23.28, -7.58, 0, 84, 22080900
0.31, -0.33, 23.28, -7.58, 0, 84, 22092740
0.31, -0.33, 23.30, -7.59, 0, 84, 22104564
0.30, -0.33, 23.30, -7.59, 0, 84, 22116400
0.29, -0.33, 23.30, -7.59, 0, 84, 22128228
0.29, -0.33, 23.30, -7.59, 0, 84, 22140064
0.27, -0.33, 23.30, -7.59, 0, 84, 22151908
0.29, -0.33, 23.30, -7.59, 0, 84, 22163724
0.27, -0.33, 23.28, -7.58, 0, 84, 22175548
0.28, -0.33, 23.30, -7.59, 0, 84, 22187380
0.26, -0.33, 23.30, -7.59, 0, 84, 22199208
0.26, -1.30, 23.41, -30.48, 0, 84, 22211056
0.26, -0.33, 23.30, -7.59, 0, 85, 22222876
0.24, -0.33, 23.28, -7.58, 0, 84, 22234704
0.25, -0.33, 23.30, -7.59, 0, 84, 22246540
0.23, -0.33, 23.30, -7.59, 0, 84, 22258364
0.24, -0.65, 23.36, -15.21, 0, 84, 22270204
0.22, -0.33, 23.30, -7.59, 0, 85, 22282024
0.24, -0.33, 23.30, -7.59, 0, 84, 22293860
0.22, -0.33, 23.30, -7.59, 0, 84, 22305688
0.23, -0.33, 23.30, -7.59, 0, 84, 22317512
0.21, -0.33, 23.30, -7.59, 0, 84, 22329348
0.22, -0.33, 23.30, -7.59, 0, 84, 22341172
0.20, -0.33, 23.30, -7.59, 0, 84, 22353008
0.21, -0.33, 23.30, -7.59, 0, 84, 22364832
0.19, -0.33, 23.30, -7.59, 0, 84, 22376668
0.21, -0.33, 23.30, -7.59, 0, 84, 22388492
0.19, -0.33, 23.30, -7.59, 0, 84, 22400332
0.20, -0.33, 23.30, -7.59, 0, 84, 22412152
0.19, -0.33, 23.30, -7.59, 0, 84, 22423984
0.19, -0.33, 23.30, -7.59, 0, 84, 22435820
0.18, -0.33, 23.30, -7.59, 0, 84, 22447644
0.18, -0.33, 23.30, -7.59, 0, 84, 22459480
0.18, -1.30, 23.36, -30.41, 0, 84, 22471300
0.18, -0.33, 23.30, -7.59, 0, 84, 22483136
0.17, -0.33, 23.30, -7.59, 0, 84, 22494960
0.17, -0.33, 23.30, -7.59, 0, 84, 22506796
0.17, -0.33, 23.30, -7.59, 0, 84, 22518620
0.17, -0.65, 23.41, -15.24, 0, 84, 22530448
0.16, -0.33, 23.30, -7.59, 0, 84, 22542284
0.16, -0.33, 23.30, -7.59, 0, 84, 22554104
0.15, -0.33, 23.30, -7.59, 0, 84, 22565944
0.16, -0.33, 23.30, -7.59, 0, 84, 22577768
0.15, -0.33, 23.30, -7.59, 0, 84, 22589608
0.15, -0.33, 23.30, -7.59, 0, 84, 22601432
0.14, -0.33, 23.30, -7.59, 0, 84, 22613268
0.15, -0.33, 23.30, -7.59, 0, 84, 22625096
0.14, -0.33, 23.30, -7.59, 0, 84, 22636928
0.14, -0.33, 23.30, -7.59, 0, 84, 22648764
0.14, -0.33, 23.30, -7.59, 0, 84, 22660588
0.13, -0.33, 23.30, -7.59, 0, 84, 22672424
0.14, -0.33, 23.30, -7.59, 0, 84, 22684248
0.13, -0.33, 23.30, -7.59, 0, 84, 22696084
0.13, -0.33, 23.30, -7.59, 0, 84, 22707908
0.13, -0.33, 23.30, -7.59, 0, 84, 22719744
0.12, -0.65, 23.36, -15.21, 0, 84, 22731564
0.13, -0.33, 23.30, -7.59, 0, 84, 22743392
0.12, -0.33, 23.30, -7.59, 0, 84, 22755224
0.12, -0.33, 23.30, -7.59, 0, 84, 22767052
0.12, -0.33, 23.30, -7.59, 0, 84, 22778892
0.11, -1.30, 23.44, -30.52, 0, 84, 22790712
0.11, -0.33, 23.30, -7.59, 0, 84, 22802548
0.12, -0.33, 23.30, -7.59, 0, 84, 22814368
0.10, -0.33, 23.30, -7.59, 0, 84, 22826208
0.12, -0.33, 23.30, -7.59, 0, 84, 22838028
0.10, -0.33, 23.30, -7.59, 0, 84, 22849864
0.10, -0.33, 23.30, -7.59, 0, 85, 22861688
0.11, -0.33, 23.30, -7.59, 0, 84, 22873516
0.09, -0.33, 23.30, -7.59, 0, 84, 22885352
0.11, -0.33, 23.30, -7.59, 0, 84, 22897176
0.10, -0.33, 23.30, -7.59, 0, 84, 22909016
0.09, -0.33, 23.30, -7.59, 0, 84, 22920840
0.11, -0.33, 23.30, -7.59, 0, 84, 22932672
0.08, -0.33, 23.30, -7.59, 0, 84, 22944500
0.09, -0.33, 23.30, -7.59, 0, 84, 22956340
0.10, -0.33, 23.30, -7.59, 0, 84, 22968164
0.08, -0.33, 23.30, -7.59, 0, 84, 22979992
0.10, -0.33, 23.30, -7.59, 0, 84, 22991852
0.09, -0.33, 23.30, -7.59, 0, 85, 23003652
0.08, -0.33, 23.30, -7.59, 0, 84, 23015492
0.10, -0.33, 23.30, -7.59, 0, 84, 23027312
0.08, -0.33, 23.30, -7.59, 0, 84, 23039152
0.08, -1.95, 23.52, -45.94, 0, 84, 23050992
0.10, -0.33, 23.30, -7.59, 0, 84, 23062816
0.08, -0.33, 23.30, -7.59, 0, 84, 23074640
0.08, -0.33, 23.30, -7.59, 0, 84, 23086472
0.09, -0.33, 23.30, -7.59, 0, 84, 23098304
0.08, -0.33, 23.33, -7.59, 0, 84, 23110132
0.07, -0.33, 23.30, -7.59, 0, 84, 23121968
0.09, -0.33, 23.30, -7.59, 0, 84, 23133788
0.07, -0.33, 23.30, -7.59, 0, 84, 23145628
0.07, -0.33, 23.30, -7.59, 0, 84, 23157448
0.09, -0.33, 23.30, -7.59, 0, 84, 23169288
0.07, -0.33, 23.30, -7.59, 0, 84, 23181112
0.07, -0.33, 23.33, -7.59, 0, 84, 23192944
0.09, -0.33, 23.33, -7.59, 0, 84, 23204776
0.07, -0.33, 23.33, -7.59, 0, 84, 23216608
0.06, -0.33, 23.33, -7.59, 0, 84, 23228444
0.08, -0.33, 23.33, -7.59, 0, 84, 23240272
0.07, -0.33, 23.33, -7.59, 0, 84, 23252124
0.06, -0.33, 23.33, -7.59, 0, 84, 23263936
0.07, -0.33, 23.33, -7.59, 0, 84, 23275772
0.07, -0.33, 23.33, -7.59, 0, 84, 23287596
0.05, -0.33, 23.33, -7.59, 0, 84, 23299424
0.06, -1.30, 23.44, -30.52, 0, 84, 23311272
0.08, -0.33, 23.33, -7.59, 0, 85, 23323092
0.06, -0.33, 23.33, -7.59, 0, 84, 23334928
0.05, -0.33, 23.33, -7.59, 0, 84, 23346748
0.07, -0.33, 23.33, -7.59, 0, 84, 23358584
0.06, -0.65, 23.38, -15.22, 0, 84, 23370408
0.05, -0.33, 23.30, -7.59, 0, 84, 23382244
0.06, -0.33, 23.33, -7.59, 0, 84, 23394068
0.07, -0.33, 23.33, -7.59, 0, 84, 23405896
0.05, -0.33, 23.33, -7.59, 0, 84, 23417728
0.05, -0.33, 23.33, -7.59, 0, 84, 23429556
0.07, -0.33, 23.33, -7.59, 0, 84, 23441392
0.05, -0.33, 23.33, -7.59, 0, 84, 23453216
0.04, -0.33, 23.33, -7.59, 0, 84, 23465052
0.06, -0.33, 23.33, -7.59, 0, 84, 23476876
0.06, -0.33, 23.33, -7.59, 0, 84, 23488708
0.04, -0.33, 23.33, -7.59, 0, 84, 23500536
0.04, -0.33, 23.33, -7.59, 0, 84, 23512372
0.06, -0.33, 23.33, -7.59, 0, 84, 23524196
0.05, -0.33, 23.33, -7.59, 0, 84, 23536024
0.04, -0.33, 23.33, -7.59, 0, 84, 23547860
0.05, -0.33, 23.33, -7.59, 0, 84, 23559684
0.06, -1.30, 23.38, -30.45, 0, 84, 23571520
0.04, -0.33, 23.33, -7.59, 0, 84, 23583340
0.03, -0.33, 23.33, -7.59, 0, 84, 23595176
0.05, -0.33, 23.33, -7.59, 0, 84, 23607000
0.06, -0.33, 23.33, -7.59, 0, 84, 23618836
0.04, -0.65, 23.44, -15.26, 0, 84, 23630660
0.04, -0.33, 23.33, -7.59, 0, 84, 23642488
0.05, -0.33, 23.33, -7.59, 0, 84, 23654324
0.05, -0.33, 23.33, -7.59, 0, 84, 23666148
0.03, -0.33, 23.33, -7.59, 0, 84, 23677984
0.04, -0.33, 23.33, -7.59, 0, 84, 23689808
0.05, -0.33, 23.33, -7.59, 0, 84, 23701640
0.04, -0.33, 23.33, -7.59, 0, 84, 23713464
0.03, -0.33, 23.33, -7.59, 0, 84, 23725300
0.04, -0.33, 23.33, -7.59, 0, 84, 23737124
0.05, -0.33, 23.33, -7.59, 0, 84, 23748952
0.04, -0.33, 23.33, -7.59, 0, 84, 23760780
0.03, -0.33, 23.33, -7.59, 0, 84, 23772608

