START
0.00, -0.00, 12.30, -0.00, 1, 19, 516
0.00, -0.00, 12.30, -0.00, 1, 139, 7744
0.00, -0.00, 12.30, -0.00, 1, 84, 19572
0.00, -0.00, 12.30, -0.00, 1, 84, 31396
-0.00, -0.00, 12.30, -0.00, 1, 84, 43228
0.00, -0.00, 12.30, -0.00, 1, 84, 55044
0.00, -0.00, 12.30, -0.00, 1, 84, 66876
0.00, -0.00, 12.30, -0.00, 1, 84, 78696
-0.00, -0.00, 12.30, -0.00, 1, 84, 90520
0.00, -0.00, 12.30, -0.00, 1, 84, 102368
0.00, -0.00, 12.30, -0.00, 1, 85, 114164
-0.00, -0.00, 12.30, -0.00, 1, 84, 125996
-0.00, -0.00, 12.30, -0.00, 1, 84, 137812
0.00, -0.00, 12.30, -0.00, 1, 84, 149648
0.00, -0.00, 12.30, -0.00, 1, 84, 161480
0.00, -0.00, 12.30, -0.00, 1, 84, 173296
0.00, -0.00, 12.30, -0.00, 1, 84, 185116
-0.00, -0.00, 12.30, -0.00, 1, 84, 196944
-0.00, -0.00, 12.30, -0.00, 1, 84, 208772
0.00, -0.00, 12.30, -0.00, 2, 84, 220596
0.00, -0.00, 12.30, -0.00, 2, 84, 232424
-0.00, -0.00, 12.30, -0.00, 2, 84, 244244
-0.00, -0.00, 12.30, -0.00, 2, 84, 256076
-0.00, -0.00, 12.30, -0.00, 2, 84, 267892
-0.00, -0.00, 12.30, -0.00, 2, 84, 279720
0.00, -0.00, 12.30, -0.00, 2, 84, 291540
0.00, -0.00, 12.30, -0.00, 2, 84, 303368
0.00, -0.00, 12.30, -0.00, 2, 84, 315188
-0.00, -0.00, 12.30, -0.00, 2, 84, 327016
0.00, -0.00, 12.30, -0.00, 2, 84, 338836
0.00, -0.00, 12.30, -0.00, 2, 84, 350664
0.00, -0.00, 12.30, -0.00, 2, 84, 362516
0.00, -0.00, 12.30, -0.00, 2, 85, 374316
0.00, -0.00, 12.30, -0.00, 2, 84, 386148
0.00, -0.00, 12.30, -0.00, 2, 84, 397964
-0.00, -0.00, 12.30, -0.00, 2, 84, 409800
-0.00, -0.00, 12.30, -0.00, 3, 84, 421636
0.00, -0.00, 12.30, -0.00, 3, 84, 433452
0.00, -0.00, 12.30, -0.00, 3, 84, 445272
0.00, -0.00, 12.30, -0.00, 3, 84, 457096
0.00, -0.00, 12.30, -0.00, 3, 84, 468932
0.00, -0.00, 12.30, -0.00, 3, 84, 480748
0.00, -0.00, 12.30, -0.00, 3, 84, 492576
0.00, -0.00, 12.30, -0.00, 3, 84, 504396
0.00, -0.00, 12.30, -0.00, 3, 84, 516224
0.00, -0.00, 12.30, -0.00, 3, 84, 528044
0.00, -0.00, 12.30, -0.00, 3, 84, 539872
0.00, -0.00, 12.30, -0.00, 3, 84, 551692
0.00, -0.00, 12.30, -0.00, 3, 84, 563520
-0.00, -0.00, 12.30, -0.00, 3, 84, 575340
-0.00, -0.00, 12.30, -0.00, 3, 84, 587160
0.00, -0.00, 12.30, -0.00, 3, 84, 598992
0.00, -0.00, 12.30, -0.00, 3, 84, 610808
-0.00, -0.00, 12.30, -0.00, 4, 84, 622660
0.00, -0.00, 12.30, -0.00, 4, 85, 634460
0.00, -0.00, 12.30, -0.00, 4, 84, 646292
-0.00, -0.00, 12.30, -0.00, 4, 84, 658116
-0.00, -0.00, 12.30, -0.00, 4, 84, 669944
0.00, -0.00, 12.30, -0.00, 4, 84, 681780
-0.00, -0.00, 12.30, -0.00, 4, 84, 693588
-0.00, -0.00, 12.30, -0.00, 4, 84, 705412
-0.00, -0.00, 12.30, -0.00, 4, 84, 717236
-0.00, -0.00, 12.30, -0.00, 4, 84, 729068
0.00, -0.00, 12.30, -0.00, 4, 84, 740888
0.00, -0.00, 12.30, -0.00, 4, 84, 752716
0.00, -0.00, 12.30, -0.00, 4, 84, 764532
0.00, -0.00, 12.30, -0.00, 4, 84, 776364
0.00, -0.00, 12.30, -0.00, 4, 84, 788184
0.00, -0.00, 12.30, -0.00, 4, 84, 800016
0.00, -0.00, 12.30, -0.00, 4, 84, 811832
0.00, -0.00, 12.30, -0.00, 5, 84, 823656
0.00, -0.00, 12.30, -0.00, 5, 84, 835480
0.00, -0.00, 12.30, -0.00, 5, 84, 847300
-0.00, -0.00, 12.30, -0.00, 5, 84, 859136
-0.00, -0.00, 12.30, -0.00, 5, 84, 870952
0.00, -0.00, 12.30, -0.00, 5, 84, 882804
-0.00, -0.00, 12.30, -0.00, 5, 84, 894604
-0.00, -0.00, 12.30, -0.00, 5, 84, 906432
0.00, -0.00, 12.30, -0.00, 5, 84, 918256
0.00, -0.00, 12.30, -0.00, 5, 84, 930088
0.00, -0.00, 12.30, -0.00, 5, 84, 941912
0.00, -0.00, 12.30, -0.00, 5, 84, 953736
0.00, -0.00, 12.30, -0.00, 5, 84, 965564
0.00, -0.00, 12.30, -0.00, 5, 84, 977388
0.00, -0.00, 12.30, -0.00, 5, 84, 989220
0.00, -0.00, 12.30, -0.00, 5, 84, 1001036
0.00, -0.00, 12.30, -0.00, 5, 84, 1012872
-0.00, -0.00, 12.30, -0.00, 6, 84, 1024688
0.00, -0.00, 12.30, -0.00, 6, 84, 1036520
0.00, -0.00, 12.30, -0.00, 6, 84, 1048336
0.00, -0.00, 12.30, -0.00, 6, 84, 1060168
0.00, -0.00, 12.30, -0.00, 6, 84, 1071988
0.00, -0.00, 12.30, -0.00, 6, 84, 1083812
0.00, -0.00, 12.30, -0.00, 6, 84, 1095644
0.00, -0.00, 12.30, -0.00, 6, 84, 1107468
0.00, -0.00, 12.30, -0.00, 6, 84, 1119296
0.00, -0.00, 12.30, -0.00, 6, 84, 1131116
-0.00, -0.00, 12.30, -0.00, 6, 84, 1142964
-0.00, -0.00, 12.30, -0.00, 6, 85, 1154764
0.00, -0.00, 12.30, -0.00, 6, 84, 1166596
0.00, -0.00, 12.30, -0.00, 6, 84, 1178412
0.00, -0.00, 12.30, -0.00, 6, 84, 1190240
0.00, -0.00, 12.30, -0.00, 6, 84, 1202068
0.00, -0.00, 12.30, -0.00, 6, 84, 1213896
0.00, -0.00, 12.30, -0.00, 7, 84, 1225728
0.00, -0.00, 12.27, -0.00, 7, 84, 1237548
0.00, -0.00, 12.25, -0.00, 7, 84, 1249380
0.00, -0.00, 12.30, -0.00, 7, 84, 1261200
0.00, 0.33, 12.30, 4.00, 7, 84, 1273028
0.00, 0.33, 12.30, 4.00, 7, 84, 1284852
0.00, 0.33, 12.30, 4.00, 7, 84, 1296680
0.00, 0.33, 12.27, 3.99, 7, 84, 1308500
0.00, 0.33, 12.27, 3.99, 7, 84, 1320328
0.00, 0.33, 12.30, 4.00, 7, 84, 1332164
0.00, 0.33, 12.30, 4.00, 7, 84, 1343980
0.00, 0.33, 12.30, 4.00, 7, 84, 1355812
0.00, 0.33, 12.27, 3.99, 7, 84, 1367632
0.00, 0.33, 12.27, 3.99, 7, 84, 1379468
0.00, 0.33, 12.27, 3.99, 7, 84, 1391284
0.00, 0.33, 12.30, 4.00, 7, 84, 1403120
0.00, 0.33, 12.30, 4.00, 7, 84, 1414940
0.00, 0.33, 12.27, 3.99, 8, 84, 1426768
0.00, 0.33, 12.27, 3.99, 8, 84, 1438584
0.00, 0.33, 12.27, 3.99, 8, 84, 1450408
0.00, 0.33, 12.30, 4.00, 8, 84, 1462240
0.00, 0.33, 12.30, 4.00, 8, 84, 1474056
0.00, 0.33, 12.30, 4.00, 8, 84, 1485888
0.00, 0.33, 12.30, 4.00, 8, 84, 1497708
0.00, 0.33, 12.27, 3.99, 8, 84, 1509540
0.00, 0.33, 12.27, 3.99, 8, 84, 1521356
0.00, 0.33, 12.30, 4.00, 8, 84, 1533188
0.00, 0.33, 12.30, 4.00, 8, 84, 1545008
0.00, 0.33, 12.30, 4.00, 8, 84, 1556832
0.00, 0.33, 12.30, 4.00, 8, 84, 1568660
0.00, 0.33, 12.25, 3.99, 8, 84, 1580484
0.00, 0.33, 12.30, 4.00, 8, 84, 1592320
0.00, 0.33, 12.30, 4.00, 8, 84, 1604136
0.00, 0.33, 12.30, 4.00, 8, 84, 1615968
0.00, 0.33, 12.27, 3.99, 9, 84, 1627788
0.00, 0.33, 12.27, 3.99, 9, 84, 1639620
0.01, 0.33, 12.27, 3.99, 9, 84, 1651440
0.01, 0.33, 12.27, 3.99, 9, 84, 1663276
0.01, 0.33, 12.27, 3.99, 9, 84, 1675096
0.01, 0.33, 12.27, 3.99, 9, 84, 1686920
0.01, 0.33, 12.27, 3.99, 9, 84, 1698752
0.01, 0.33, 12.30, 4.00, 9, 84, 1710572
0.01, 0.33, 12.27, 3.99, 9, 84, 1722400
0.01, 0.33, 12.27, 3.99, 9, 85, 1734220
0.01, 0.33, 12.30, 4.00, 9, 84, 1746052
0.01, 0.33, 12.27, 3.99, 9, 84, 1757868
0.01, 0.33, 12.27, 3.99, 9, 84, 1769700
0.01, 0.33, 12.30, 4.00, 9, 84, 1781520
0.01, 0.33, 12.27, 3.99, 9, 84, 1793352
0.01, 0.33, 12.27, 3.99, 9, 84, 1805168
0.01, 0.33, 12.27, 3.99, 9, 84, 1816996
0.01, 0.33, 12.27, 3.99, 10, 84, 1828828
0.01, 0.33, 12.27, 3.99, 10, 84, 1840648
0.01, 0.33, 12.30, 4.00, 10, 84, 1852480
0.01, 0.33, 12.27, 3.99, 10, 84, 1864296
0.01, 0.33, 12.27, 3.99, 10, 84, 1876128
0.01, 0.33, 12.30, 4.00, 10, 84, 1887948
0.01, 0.33, 12.27, 3.99, 10, 84, 1899780
0.01, 0.33, 12.30, 4.00, 10, 84, 1911600
0.01, 0.33, 12.27, 3.99, 10, 84, 1923424
0.01, 0.33, 12.27, 3.99, 10, 84, 1935248
0.01, 0.33, 12.30, 4.00, 10, 84, 1947076
0.01, 0.33, 12.27, 3.99, 10, 84, 1958908
0.01, 0.33, 12.27, 3.99, 10, 84, 1970728
0.01, 0.33, 12.30, 4.00, 10, 84, 1982556
0.01, 0.33, 12.27, 3.99, 10, 84, 1994380
0.01, 0.33, 12.30, 4.00, 10, 84, 2006212
0.02, 0.33, 12.27, 3.99, 10, 84, 2018032
0.02, 0.33, 12.27, 3.99, 11, 84, 2029860
0.02, 0.33, 12.27, 3.99, 11, 84, 2041696
0.02, 0.33, 12.27, 3.99, 11, 85, 2053508
0.02, 0.33, 12.27, 3.99, 11, 84, 2065340
0.02, 0.33, 12.27, 3.99, 11, 84, 2077160
0.02, 0.33, 12.27, 3.99, 11, 84, 2088992
0.02, 0.33, 12.27, 3.99, 11, 84, 2100808
0.02, 0.33, 12.27, 3.99, 11, 84, 2112644
0.02, 0.33, 12.30, 4.00, 11, 84, 2124464
0.02, 0.33, 12.27, 3.99, 11, 84, 2136296
0.02, 0.33, 12.27, 3.99, 11, 84, 2148116
0.02, 0.33, 12.27, 3.99, 11, 84, 2159948
0.02, 0.33, 12.27, 3.99, 11, 84, 2171760
0.02, 0.33, 12.27, 3.99, 11, 84, 2183588
0.02, 0.33, 12.27, 3.99, 11, 84, 2195416
0.02, 0.33, 12.27, 3.99, 11, 84, 2207236
0.02, 0.33, 12.27, 3.99, 11, 84, 2219064
0.02, 0.33, 12.27, 3.99, 12, 84, 2230884
0.02, 0.33, 12.27, 3.99, 12, 84, 2242716
0.02, 0.33, 12.27, 3.99, 12, 84, 2254536
0.02, 0.33, 12.27, 3.99, 12, 84, 2266364
0.02, 0.33, 12.27, 3.99, 12, 84, 2278180
0.02, 0.33, 12.27, 3.99, 12, 84, 2290004
0.02, 0.33, 12.27, 3.99, 12, 84, 2301844
0.02, 0.33, 12.27, 3.99, 12, 85, 2313652
0.02, 0.33, 12.27, 3.99, 12, 84, 2325484
0.02, 0.33, 12.27, 3.99, 12, 84, 2337308
0.02, 0.33, 12.27, 3.99, 12, 84, 2349136
0.02, 0.33, 12.30, 4.00, 12, 84, 2360956
0.03, 0.33, 12.27, 3.99, 12, 84, 2372788
0.03, 0.33, 12.27, 3.99, 12, 84, 2384608
0.03, 0.33, 12.27, 3.99, 12, 84, 2396436
0.03, 0.33, 12.27, 3.99, 12, 84, 2408260
0.03, 0.33, 12.27, 3.99, 12, 84, 2420080
0.03, 0.33, 12.27, 3.99, 13, 84, 2431904
0.03, 0.33, 12.27, 3.99, 13, 84, 2443728
0.03, 0.33, 12.27, 3.99, 13, 84, 2455560
0.03, 0.33, 12.27, 3.99, 13, 84, 2467380
0.03, 0.33, 12.27, 3.99, 13, 84, 2479212
0.03, 0.33, 12.27, 3.99, 13, 84, 2491032
0.03, 0.33, 12.27, 3.99, 13, 84, 2502888
0.03, 0.33, 12.25, 3.99, 13, 85, 2514688
0.03, 0.33, 12.27, 3.99, 13, 84, 2526520
0.03, 0.65, 12.27, 7.99, 13, 84, 2538340
0.03, 0.33, 12.27, 3.99, 13, 84, 2550168
0.03, 0.33, 12.27, 3.99, 13, 84, 2562012
0.03, 0.33, 12.30, 4.00, 13, 85, 2573820
0.03, 0.33, 12.27, 3.99, 13, 84, 2585648
0.03, 0.33, 12.27, 3.99, 13, 84, 2597468
0.03, 0.33, 12.27, 3.99, 13, 84, 2609304
0.03, 0.33, 12.27, 3.99, 13, 84, 2621120
0.03, 0.33, 12.27, 3.99, 14, 84, 2632952
0.03, 0.33, 12.27, 3.99, 14, 84, 2644768
0.03, 0.65, 12.27, 7.99, 14, 84, 2656592
0.03, 0.65, 12.27, 7.99, 14, 84, 2668420
0.04, 0.33, 12.27, 3.99, 14, 84, 2680244
0.04, 0.33, 12.25, 3.99, 14, 84, 2692076
0.03, 0.65, 12.27, 7.99, 14, 84, 2703892
0.04, 0.65, 12.27, 7.99, 14, 84, 2715724
0.04, 0.33, 12.27, 3.99, 14, 84, 2727544
0.04, 0.65, 12.27, 7.99, 14, 84, 2739372
0.04, 0.65, 12.27, 7.99, 14, 84, 2751192
0.04, 0.33, 12.27, 3.99, 14, 84, 2763044
0.04, 0.33, 12.27, 3.99, 14, 85, 2774844
0.04, 0.33, 12.27, 3.99, 14, 84, 2786668
0.04, 0.65, 12.27, 7.99, 14, 84, 2798492
0.04, 0.33, 12.27, 3.99, 14, 84, 2810312
0.04, 0.33, 12.27, 3.99, 14, 84, 2822160
0.04, 0.33, 12.27, 3.99, 15, 85, 2833960
0.04, 0.33, 12.27, 3.99, 15, 84, 2845792
0.04, 0.65, 12.25, 7.97, 15, 84, 2857612
0.04, 0.65, 12.27, 7.99, 15, 84, 2869440
0.04, 0.65, 12.27, 7.99, 15, 84, 2881260
0.04, 0.65, 12.27, 7.99, 15, 84, 2893088
0.04, 0.65, 12.27, 7.99, 15, 84, 2904908
0.04, 0.65, 12.27, 7.99, 15, 84, 2916732
0.04, 0.65, 12.27, 7.99, 15, 84, 2928556
0.04, 0.65, 12.25, 7.97, 15, 84, 2940380
0.04, 0.65, 12.27, 7.99, 15, 84, 2952212
0.04, 0.65, 12.25, 7.97, 15, 84, 2964032
0.04, 0.65, 12.27, 7.99, 15, 84, 2975864
0.04, 0.65, 12.27, 7.99, 15, 84, 2987684
0.04, 0.65, 12.27, 7.99, 15, 84, 2999516
0.04, 0.65, 12.27, 7.99, 15, 84, 3011336
0.05, 0.65, 12.27, 7.99, 15, 84, 3023184
0.04, 0.65, 12.25, 7.97, 16, 85, 3034988
0.05, 0.65, 12.27, 7.99, 16, 84, 3046812
0.05, 0.65, 12.25, 7.97, 16, 84, 3058640
0.05, 0.65, 12.25, 7.97, 16, 84, 3070456
0.05, 0.65, 12.25, 7.97, 16, 84, 3082292
0.05, 0.65, 12.27, 7.99, 16, 84, 3094108
0.05, 0.65, 12.27, 7.99, 16, 84, 3105940
0.05, 0.65, 12.27, 7.99, 16, 84, 3117756
0.05, 0.65, 12.27, 7.99, 16, 84, 3129588
0.05, 0.65, 12.27, 7.99, 16, 84, 3141408
0.05, 0.65, 12.27, 7.99, 16, 84, 3153232
0.05, 0.65, 12.27, 7.99, 16, 84, 3165052
0.05, 0.65, 12.27, 7.99, 16, 84, 3176876
0.05, 0.65, 12.27, 7.99, 16, 84, 3188704
0.05, 0.65, 12.27, 7.99, 16, 84, 3200524
0.05, 0.65, 12.25, 7.97, 16, 84, 3212360
0.05, 0.65, 12.27, 7.99, 16, 84, 3224176
0.05, 0.65, 12.27, 7.99, 17, 84, 3236008
0.05, 0.65, 12.25, 7.97, 17, 84, 3247828
0.05, 0.65, 12.27, 7.99, 17, 84, 3259656
0.05, 0.65, 12.25, 7.97, 17, 84, 3271480
0.05, 0.65, 12.27, 7.99, 17, 84, 3283324
0.06, 0.65, 12.27, 7.99, 17, 84, 3295132
0.05, 0.65, 12.25, 7.97, 17, 84, 3306960
0.06, 0.65, 12.27, 7.99, 17, 84, 3318792
0.06, 0.65, 12.27, 7.99, 17, 84, 3330608
0.06, 0.65, 12.27, 7.99, 17, 84, 3342440
0.06, 0.65, 12.27, 7.99, 17, 84, 3354264
0.06, 0.65, 12.27, 7.99, 17, 84, 3366096
0.06, 0.65, 12.25, 7.97, 17, 84, 3377916
0.06, 0.65, 12.27, 7.99, 17, 84, 3389744
0.06, 0.65, 12.27, 7.99, 17, 84, 3401564
0.06, 0.65, 12.27, 7.99, 17, 84, 3413392
0.06, 0.65, 12.27, 7.99, 17, 84, 3425224
0.06, 0.65, 12.27, 7.99, 18, 84, 3437040
0.06, 0.65, 12.25, 7.97, 18, 84, 3448876
0.06, 0.65, 12.25, 7.97, 18, 84, 3460692
0.06, 0.65, 12.25, 7.97, 18, 84, 3472520
0.06, 0.65, 12.27, 7.99, 18, 84, 3484344
0.06, 0.65, 12.25, 7.97, 18, 84, 3496172
0.06, 0.65, 12.25, 7.97, 18, 84, 3507992
0.06, 0.65, 12.25, 7.97, 18, 84, 3519820
0.06, 0.65, 12.25, 7.97, 18, 84, 3531648
0.07, 0.65, 12.25, 7.97, 18, 84, 3543488
0.06, 0.65, 12.25, 7.97, 18, 84, 3555300
0.06, 0.65, 12.25, 7.97, 18, 84, 3567116
0.07, 0.65, 12.25, 7.97, 18, 84, 3578948
0.07, 0.65, 12.25, 7.97, 18, 84, 3590768
0.07, 0.65, 12.25, 7.97, 18, 84, 3602596
0.07, 0.65, 12.27, 7.99, 18, 84, 3614420
0.07, 0.65, 12.27, 7.99, 18, 84, 3626252
0.07, 0.65, 12.25, 7.97, 19, 84, 3638068
0.07, 0.65, 12.25, 7.97, 19, 84, 3649892
0.07, 0.65, 12.25, 7.97, 19, 84, 3661720
0.07, 0.65, 12.25, 7.97, 19, 84, 3673540
0.07, 0.65, 12.27, 7.99, 19, 84, 3685372
0.07, 0.65, 12.25, 7.97, 19, 84, 3697192
0.07, 0.65, 12.25, 7.97, 19, 84, 3709024
0.07, 0.65, 12.27, 7.99, 19, 84, 3720840
0.07, 0.65, 12.22, 7.95, 19, 84, 3732672
0.07, 0.65, 12.25, 7.97, 19, 84, 3744492
0.07, 0.65, 12.25, 7.97, 19, 84, 3756324
0.07, 0.65, 12.25, 7.97, 19, 84, 3768144
0.07, 0.65, 12.27, 7.99, 19, 84, 3779968
0.07, 0.65, 12.25, 7.97, 19, 84, 3791792
0.07, 0.65, 12.25, 7.97, 19, 84, 3803620
0.07, 0.65, 12.25, 7.97, 19, 84, 3815456
0.07, 0.65, 12.25, 7.97, 19, 84, 3827272
0.07, 0.65, 12.27, 7.99, 20, 84, 3839108
0.08, 0.65, 12.25, 7.97, 20, 84, 3850924
0.07, 0.65, 12.25, 7.97, 20, 84, 3862756
0.08, 0.65, 12.25, 7.97, 20, 84, 3874576
0.08, 0.98, 12.27, 11.98, 20, 84, 3886412
0.08, 0.65, 12.25, 7.97, 20, 84, 3898228
0.08, 0.65, 12.22, 7.95, 20, 84, 3910052
0.08, 0.65, 12.25, 7.97, 20, 84, 3921884
0.08, 0.98, 12.25, 11.96, 20, 84, 3933704
0.08, 0.65, 12.25, 7.97, 20, 84, 3945532
0.08, 0.65, 12.25, 7.97, 20, 84, 3957352
0.08, 0.65, 12.25, 7.97, 20, 84, 3969180
0.08, 0.65, 12.25, 7.97, 20, 84, 3981000
0.08, 0.65, 12.25, 7.97, 20, 84, 3992828
0.08, 0.98, 12.25, 11.96, 20, 84, 4004648
0.08, 0.65, 12.25, 7.97, 20, 84, 4016472
0.08, 0.65, 12.25, 7.97, 20, 84, 4028300
0.08, 0.98, 12.25, 11.96, 21, 84, 4040120
0.08, 0.98, 12.25, 11.96, 21, 84, 4051952
0.08, 0.98, 12.25, 11.96, 21, 84, 4063768
0.08, 0.98, 12.25, 11.96, 21, 84, 4075600
0.08, 0.98, 12.25, 11.96, 21, 84, 4087416
0.09, 0.98, 12.25, 11.96, 21, 84, 4099248
0.09, 0.98, 12.25, 11.96, 21, 84, 4111068
0.09, 0.98, 12.22, 11.93, 21, 84, 4122896
0.09, 0.98, 12.25, 11.96, 21, 84, 4134712
0.09, 0.98, 12.27, 11.98, 21, 84, 4146540
0.09, 0.98, 12.25, 11.96, 21, 84, 4158364
0.09, 0.98, 12.25, 11.96, 21, 84, 4170192
0.09, 0.98, 12.25, 11.96, 21, 84, 4182024
0.09, 0.98, 12.25, 11.96, 21, 84, 4193844
0.09, 0.98, 12.25, 11.96, 21, 84, 4205672
0.09, 0.98, 12.25, 11.96, 21, 84, 4217492
0.09, 0.98, 12.25, 11.96, 21, 84, 4229324
0.09, 0.98, 12.25, 11.96, 22, 84, 4241144
0.09, 0.98, 12.22, 11.93, 22, 84, 4252976
0.09, 0.98, 12.22, 11.93, 22, 84, 4264800
0.09, 0.98, 12.25, 11.96, 22, 84, 4276624
0.09, 0.98, 12.25, 11.96, 22, 84, 4288456
0.09, 0.98, 12.22, 11.93, 22, 84, 4300276
0.10, 0.98, 12.25, 11.96, 22, 84, 4312104
0.10, 0.98, 12.25, 11.96, 22, 84, 4323928
0.10, 0.98, 12.25, 11.96, 22, 84, 4335756
0.10, 0.98, 12.25, 11.96, 22, 84, 4347576
0.10, 0.98, 12.27, 11.98, 22, 84, 4359404
0.10, 0.98, 12.25, 11.96, 22, 84, 4371220
0.10, 0.98, 12.27, 11.98, 22, 84, 4383056
0.10, 0.98, 12.25, 11.96, 22, 85, 4394872
0.10, 0.98, 12.25, 11.96, 22, 84, 4406692
0.10, 0.98, 12.25, 11.96, 22, 84, 4418524
0.10, 0.98, 12.25, 11.96, 22, 84, 4430344
0.10, 0.98, 12.25, 11.96, 23, 84, 4442188
0.10, 0.98, 12.22, 11.93, 23, 84, 4453992
0.10, 0.98, 12.25, 11.96, 23, 84, 4465824
0.10, 0.98, 12.25, 11.96, 23, 84, 4477636
0.10, 0.98, 12.25, 11.96, 23, 84, 4489468
0.10, 0.98, 12.25, 11.96, 23, 84, 4501288
0.11, 0.98, 12.22, 11.93, 23, 84, 4513108
0.10, 0.98, 12.25, 11.96, 23, 84, 4524932
0.11, 0.98, 12.25, 11.96, 23, 84, 4536760
0.11, 0.98, 12.22, 11.93, 23, 84, 4548592
0.11, 0.98, 12.25, 11.96, 23, 84, 4560408
0.11, 0.98, 12.25, 11.96, 23, 84, 4572244
0.11, 0.98, 12.22, 11.93, 23, 84, 4584064
0.11, 0.98, 12.25, 11.96, 23, 84, 4595892
0.11, 0.98, 12.22, 11.93, 23, 84, 4607708
0.11, 0.98, 12.25, 11.96, 23, 84, 4619540
0.11, 0.98, 12.25, 11.96, 23, 84, 4631360
0.11, 0.98, 12.25, 11.96, 24, 84, 4643184
0.11, 0.98, 12.22, 11.93, 24, 84, 4655008
0.11, 0.98, 12.22, 11.93, 24, 84, 4666836
0.11, 0.98, 12.25, 11.96, 24, 84, 4678668
0.11, 0.98, 12.22, 11.93, 24, 84, 4690488
0.12, 0.98, 12.22, 11.93, 24, 84, 4702332
0.11, 0.98, 12.22, 11.93, 24, 85, 4714140
0.12, 0.98, 12.25, 11.96, 24, 84, 4725968
0.12, 1.30, 12.22, 15.91, 24, 84, 4737788
0.12, 0.98, 12.25, 11.96, 24, 84, 4749620
0.12, 0.98, 12.22, 11.93, 24, 84, 4761440
0.12, 1.30, 12.22, 15.91, 24, 84, 4773268
0.12, 1.30, 12.25, 15.94, 24, 84, 4785100
0.12, 1.30, 12.22, 15.91, 24, 84, 4796920
0.12, 0.98, 12.25, 11.96, 24, 84, 4808752
0.12, 0.98, 12.22, 11.93, 24, 84, 4820568
0.12, 1.30, 12.25, 15.94, 24, 84, 4832408
0.12, 0.98, 12.19, 11.91, 25, 84, 4844220
0.12, 0.98, 12.22, 11.93, 25, 84, 4856052
0.12, 1.30, 12.22, 15.91, 25, 84, 4867876
0.12, 1.30, 12.22, 15.91, 25, 84, 4879700
0.13, 0.98, 12.22, 11.93, 25, 84, 4891524
0.12, 1.30, 12.25, 15.94, 25, 84, 4903344
0.13, 1.30, 12.25, 15.94, 25, 84, 4915176
0.13, 1.30, 12.25, 15.94, 25, 84, 4926992
0.13, 1.30, 12.22, 15.91, 25, 84, 4938820
0.13, 1.30, 12.22, 15.91, 25, 84, 4950640
0.13, 1.30, 12.25, 15.94, 25, 84, 4962484
0.13, 1.30, 12.25, 15.94, 25, 85, 4974288
0.13, 1.30, 12.22, 15.91, 25, 84, 4986120
0.13, 1.30, 12.22, 15.91, 25, 84, 4997936
0.13, 1.30, 12.25, 15.94, 25, 84, 5009760
0.13, 1.30, 12.25, 15.94, 25, 84, 5021584
0.13, 1.30, 12.22, 15.91, 25, 84, 5033408
0.13, 1.30, 12.22, 15.91, 26, 84, 5045240
0.13, 1.30, 12.22, 15.91, 26, 84, 5057056
0.13, 1.30, 12.22, 15.91, 26, 84, 5068888
0.13, 1.30, 12.22, 15.91, 26, 84, 5080704
0.14, 1.30, 12.19, 15.87, 26, 84, 5092540
0.14, 1.30, 12.19, 15.87, 26, 84, 5104352
0.14, 1.30, 12.22, 15.91, 26, 84, 5116184
0.14, 1.30, 12.22, 15.91, 26, 84, 5128000
0.14, 1.30, 12.22, 15.91, 26, 84, 5139824
0.14, 1.30, 12.22, 15.91, 26, 84, 5151652
0.14, 1.30, 12.22, 15.91, 26, 84, 5163496
0.14, 1.30, 12.22, 15.91, 26, 84, 5175308
0.14, 1.30, 12.19, 15.87, 26, 84, 5187128
0.14, 1.30, 12.19, 15.87, 26, 84, 5198960
0.14, 1.30, 12.25, 15.94, 26, 84, 5210776
0.14, 1.30, 12.22, 15.91, 26, 84, 5222620
0.14, 1.30, 12.19, 15.87, 26, 85, 5234428
0.14, 1.30, 12.19, 15.87, 27, 84, 5246256
0.14, 1.30, 12.19, 15.87, 27, 84, 5258072
0.15, 1.30, 12.22, 15.91, 27, 84, 5269896
0.15, 1.30, 12.22, 15.91, 27, 84, 5281728
0.15, 1.30, 12.22, 15.91, 27, 84, 5293548
0.15, 1.30, 12.22, 15.91, 27, 84, 5305380
0.15, 1.30, 12.19, 15.87, 27, 84, 5317200
0.15, 1.30, 12.22, 15.91, 27, 84, 5329032
0.15, 1.30, 12.19, 15.87, 27, 84, 5340848
0.15, 1.30, 12.19, 15.87, 27, 84, 5352680
0.15, 1.30, 12.22, 15.91, 27, 84, 5364496
0.15, 1.30, 12.19, 15.87, 27, 84, 5376328
0.15, 1.30, 12.19, 15.87, 27, 84, 5388144
0.15, 1.30, 12.22, 15.91, 27, 84, 5399972
0.15, 1.30, 12.22, 15.91, 27, 84, 5411800
0.15, 1.30, 12.22, 15.91, 27, 84, 5423636
0.16, 1.30, 12.22, 15.91, 27, 84, 5435448
0.15, 1.30, 12.19, 15.87, 28, 84, 5447268
0.16, 1.30, 12.22, 15.91, 28, 84, 5459096
0.16, 1.63, 12.19, 19.84, 28, 84, 5470920
0.16, 1.30, 12.16, 15.84, 28, 84, 5482744
0.16, 1.30, 12.19, 15.87, 28, 84, 5494564
0.16, 1.63, 12.19, 19.84, 28, 84, 5506392
0.16, 1.63, 12.19, 19.84, 28, 84, 5518212
0.16, 1.63, 12.19, 19.84, 28, 84, 5530036
0.16, 1.30, 12.22, 15.91, 28, 84, 5541868
0.16, 1.63, 12.22, 19.89, 28, 84, 5553688
0.16, 1.63, 12.22, 19.89, 28, 84, 5565516
0.16, 1.63, 12.19, 19.84, 28, 84, 5577340
0.16, 1.63, 12.22, 19.89, 28, 84, 5589168
0.16, 1.63, 12.22, 19.89, 28, 84, 5600988
0.16, 1.63, 12.19, 19.84, 28, 84, 5612816
0.17, 1.63, 12.19, 19.84, 28, 84, 5624632
0.17, 1.63, 12.22, 19.89, 28, 84, 5636460
0.17, 1.63, 12.19, 19.84, 29, 84, 5648288
0.17, 1.63, 12.22, 19.89, 29, 84, 5660112
0.17, 1.63, 12.19, 19.84, 29, 84, 5671944
0.17, 1.63, 12.22, 19.89, 29, 84, 5683780
0.17, 1.63, 12.22, 19.89, 29, 84, 5695592
0.17, 1.63, 12.19, 19.84, 29, 84, 5707408
0.17, 1.63, 12.19, 19.84, 29, 84, 5719236
0.17, 1.63, 12.19, 19.84, 29, 84, 5731056
0.17, 1.63, 12.22, 19.89, 29, 84, 5742888
0.17, 1.63, 12.16, 19.80, 29, 84, 5754704
0.17, 1.63, 12.22, 19.89, 29, 84, 5766528
0.18, 1.63, 12.19, 19.84, 29, 84, 5778352
0.17, 1.63, 12.19, 19.84, 29, 84, 5790176
0.18, 1.63, 12.25, 19.93, 29, 84, 5802008
0.18, 1.63, 12.22, 19.89, 29, 85, 5813824
0.18, 1.63, 12.19, 19.84, 29, 84, 5825660
0.18, 1.63, 12.22, 19.89, 29, 84, 5837472
0.18, 1.63, 12.19, 19.84, 30, 84, 5849304
0.18, 1.63, 12.16, 19.80, 30, 84, 5861128
0.18, 1.63, 12.22, 19.89, 30, 84, 5872960
0.18, 1.63, 12.19, 19.84, 30, 84, 5884780
0.18, 1.63, 12.16, 19.80, 30, 84, 5896608
0.18, 1.63, 12.19, 19.84, 30, 84, 5908436
0.18, 1.63, 12.16, 19.80, 30, 84, 5920256
0.18, 1.63, 12.16, 19.80, 30, 84, 5932084
0.18, 1.63, 12.16, 19.80, 30, 84, 5943924
0.19, 1.63, 12.19, 19.84, 30, 84, 5955732
0.19, 1.63, 12.16, 19.80, 30, 84, 5967552
0.19, 1.63, 12.19, 19.84, 30, 84, 5979388
0.19, 1.63, 12.16, 19.80, 30, 84, 5991208
0.18, 1.63, 12.25, 19.93, 30, 84, 6003032
0.19, 1.63, 12.19, 19.84, 30, 85, 6014860
0.18, 1.63, 12.19, 19.84, 30, 84, 6026684
0.19, 1.63, 12.19, 19.84, 30, 84, 6038516
0.18, 1.63, 12.16, 19.80, 31, 84, 6050336
0.19, 1.63, 12.22, 19.89, 31, 84, 6062172
0.18, 1.63, 12.19, 19.84, 31, 84, 6073984
0.19, 1.63, 12.16, 19.80, 31, 84, 6085816
0.19, 1.95, 12.16, 23.76, 31, 84, 6097636
0.19, 1.63, 12.19, 19.84, 31, 84, 6109472
0.19, 1.95, 12.19, 23.81, 31, 84, 6121288
0.19, 1.95, 12.22, 23.86, 31, 84, 6133116
0.19, 1.95, 12.22, 23.86, 31, 84, 6144936
0.19, 1.95, 12.19, 23.81, 31, 84, 6156764
0.19, 1.95, 12.19, 23.81, 31, 84, 6168600
0.19, 1.95, 12.19, 23.81, 31, 84, 6180416
0.19, 1.63, 12.19, 19.84, 31, 84, 6192248
0.19, 1.95, 12.16, 23.76, 31, 84, 6204084
0.19, 1.95, 12.19, 23.81, 31, 84, 6215900
0.20, 1.95, 12.19, 23.81, 31, 84, 6227716
0.19, 1.63, 12.22, 19.89, 31, 84, 6239548
0.20, 1.95, 12.19, 23.81, 32, 84, 6251368
0.19, 1.63, 12.14, 19.76, 32, 84, 6263192
0.20, 1.95, 12.16, 23.76, 32, 84, 6275020
0.20, 1.95, 12.19, 23.81, 32, 84, 6286836
0.20, 1.95, 12.19, 23.81, 32, 84, 6298672
0.20, 1.95, 12.19, 23.81, 32, 84, 6310484
0.20, 1.95, 12.19, 23.81, 32, 84, 6322316
0.20, 1.95, 12.22, 23.86, 32, 84, 6334136
0.20, 1.95, 12.16, 23.76, 32, 84, 6345964
0.20, 1.95, 12.16, 23.76, 32, 84, 6357784
0.20, 1.95, 12.22, 23.86, 32, 84, 6369616
0.20, 1.95, 12.19, 23.81, 32, 84, 6381432
0.21, 1.95, 12.16, 23.76, 32, 84, 6393264
0.20, 1.95, 12.19, 23.81, 32, 84, 6405092
0.21, 1.95, 12.16, 23.76, 32, 84, 6416912
0.20, 1.95, 12.19, 23.81, 32, 84, 6428744
0.21, 1.95, 12.19, 23.81, 32, 84, 6440564
0.21, 1.95, 12.19, 23.81, 33, 84, 6452396
0.21, 1.95, 12.19, 23.81, 33, 84, 6464216
0.21, 1.95, 12.16, 23.76, 33, 84, 6476044
0.21, 1.95, 12.16, 23.76, 33, 84, 6487868
0.21, 1.95, 12.14, 23.71, 33, 84, 6499692
0.21, 1.95, 12.16, 23.76, 33, 84, 6511516
0.21, 1.95, 12.16, 23.76, 33, 84, 6523340
0.21, 1.95, 12.16, 23.76, 33, 84, 6535172
0.21, 1.95, 12.19, 23.81, 33, 84, 6546992
0.21, 1.95, 12.16, 23.76, 33, 84, 6558824
0.21, 1.95, 12.16, 23.76, 33, 84, 6570644
0.21, 1.95, 12.19, 23.81, 33, 84, 6582492
0.22, 1.95, 12.19, 23.81, 33, 84, 6594296
0.21, 1.95, 12.11, 23.65, 33, 84, 6606132
0.22, 1.95, 12.16, 23.76, 33, 84, 6617944
0.22, 1.95, 12.22, 23.86, 33, 84, 6629772
0.22, 1.95, 12.19, 23.81, 33, 84, 6641600
0.22, 1.95, 12.19, 23.81, 34, 85, 6653416
0.22, 1.95, 12.19, 23.81, 34, 84, 6665244
0.22, 1.95, 12.19, 23.81, 34, 84, 6677064
0.22, 1.95, 12.16, 23.76, 34, 84, 6688896
0.22, 1.95, 12.16, 23.76, 34, 84, 6700716
0.22, 2.28, 12.16, 27.72, 34, 84, 6712540
0.22, 1.95, 12.14, 23.71, 34, 84, 6724364
0.22, 1.95, 12.14, 23.71, 34, 84, 6736196
0.22, 1.95, 12.19, 23.81, 34, 84, 6748016
0.22, 2.28, 12.19, 27.78, 34, 84, 6759840
0.22, 2.28, 12.16, 27.72, 34, 84, 6771676
0.22, 1.95, 12.16, 23.76, 34, 84, 6783492
0.22, 2.28, 12.16, 27.72, 34, 84, 6795324
0.22, 2.28, 12.14, 27.66, 34, 84, 6807140
0.22, 2.28, 12.16, 27.72, 34, 84, 6818972
0.23, 2.28, 12.14, 27.66, 34, 84, 6830788
0.23, 1.95, 12.19, 23.81, 34, 84, 6842636
0.23, 2.28, 12.19, 27.78, 35, 84, 6854440
0.23, 2.28, 12.14, 27.66, 35, 84, 6866260
0.23, 1.95, 12.14, 23.71, 35, 84, 6878084
0.23, 2.28, 12.14, 27.66, 35, 84, 6889908
0.23, 2.28, 12.16, 27.72, 35, 84, 6901740
0.23, 2.28, 12.16, 27.72, 35, 84, 6913560
0.23, 2.28, 12.14, 27.66, 35, 84, 6925388
0.23, 2.28, 12.19, 27.78, 35, 84, 6937208
0.23, 2.28, 12.19, 27.78, 35, 84, 6949040
0.23, 2.28, 12.14, 27.66, 35, 84, 6960856
0.23, 2.28, 12.16, 27.72, 35, 84, 6972688
0.24, 2.28, 12.16, 27.72, 35, 84, 6984504
0.23, 2.28, 12.16, 27.72, 35, 84, 6996328
0.24, 2.28, 12.14, 27.66, 35, 84, 7008148
0.24, 2.28, 12.14, 27.66, 35, 84, 7019972
0.24, 2.28, 12.19, 27.78, 35, 84, 7031804
0.24, 2.28, 12.11, 27.60, 35, 84, 7043620
0.24, 2.28, 12.14, 27.66, 36, 84, 7055452
0.24, 2.28, 12.14, 27.66, 36, 84, 7067268
0.24, 2.28, 12.16, 27.72, 36, 84, 7079100
0.24, 2.28, 12.16, 27.72, 36, 84, 7090916
0.24, 2.28, 12.14, 27.66, 36, 84, 7102764
0.24, 2.28, 12.16, 27.72, 36, 84, 7114564
0.24, 2.28, 12.16, 27.72, 36, 84, 7126388
0.24, 2.28, 12.16, 27.72, 36, 84, 7138212
0.24, 2.28, 12.14, 27.66, 36, 84, 7150036
0.24, 2.28, 12.14, 27.66, 36, 84, 7161868
0.25, 2.28, 12.14, 27.66, 36, 84, 7173684
0.25, 2.28, 12.14, 27.66, 36, 84, 7185512
0.25, 2.28, 12.11, 27.60, 36, 84, 7197332
0.25, 2.28, 12.16, 27.72, 36, 84, 7209164
0.25, 2.28, 12.16, 27.72, 36, 84, 7220976
0.25, 2.28, 12.14, 27.66, 36, 84, 7232808
0.25, 2.28, 12.14, 27.66, 36, 84, 7244624
0.25, 2.28, 12.14, 27.66, 37, 84, 7256452
0.25, 2.60, 12.16, 31.68, 37, 84, 7268272
0.25, 2.28, 12.14, 27.66, 37, 84, 7280096
0.25, 2.28, 12.11, 27.60, 37, 84, 7291928
0.25, 2.60, 12.16, 31.68, 37, 84, 7303744
0.25, 2.60, 12.14, 31.61, 37, 84, 7315576
0.25, 2.28, 12.14, 27.66, 37, 84, 7327392
0.26, 2.60, 12.16, 31.68, 37, 84, 7339220
0.26, 2.60, 12.11, 31.54, 37, 84, 7351040
0.26, 2.60, 12.19, 31.75, 37, 84, 7362888
0.26, 2.60, 12.16, 31.68, 37, 85, 7374692
0.26, 2.60, 12.14, 31.61, 37, 84, 7386520
0.26, 2.60, 12.16, 31.68, 37, 84, 7398348
0.26, 2.60, 12.11, 31.54, 37, 84, 7410168
0.26, 2.60, 12.19, 31.75, 37, 84, 7422000
0.26, 2.60, 12.14, 31.61, 37, 85, 7433816
0.26, 2.60, 12.16, 31.68, 37, 84, 7445644
0.26, 2.60, 12.19, 31.75, 38, 84, 7457464
0.26, 2.60, 12.14, 31.61, 38, 84, 7469300
0.26, 2.60, 12.11, 31.54, 38, 84, 7481112
0.26, 2.60, 12.16, 31.68, 38, 84, 7492940
0.26, 2.60, 12.14, 31.61, 38, 84, 7504760
0.27, 2.60, 12.11, 31.54, 38, 84, 7516584
0.27, 2.60, 12.14, 31.61, 38, 84, 7528416
0.27, 2.60, 12.14, 31.61, 38, 84, 7540232
0.27, 2.60, 12.08, 31.47, 38, 84, 7552068
0.27, 2.60, 12.16, 31.68, 38, 84, 7563888
0.27, 2.60, 12.11, 31.54, 38, 84, 7575720
0.27, 2.60, 12.11, 31.54, 38, 84, 7587540
0.27, 2.60, 12.14, 31.61, 38, 84, 7599372
0.27, 2.60, 12.14, 31.61, 38, 84, 7611188
0.27, 2.60, 12.14, 31.61, 38, 84, 7623028
0.27, 2.60, 12.14, 31.61, 38, 85, 7634840
0.27, 2.60, 12.14, 31.61, 38, 84, 7646664
0.28, 2.60, 12.14, 31.61, 39, 84, 7658496
0.28, 2.60, 12.11, 31.54, 39, 84, 7670316
0.28, 2.60, 12.11, 31.54, 39, 84, 7682144
0.28, 2.60, 12.06, 31.40, 39, 84, 7693960
0.28, 2.93, 12.16, 35.64, 39, 84, 7705792
0.28, 2.93, 12.14, 35.56, 39, 84, 7717612
0.28, 2.93, 12.08, 35.40, 39, 84, 7729440
0.28, 2.93, 12.11, 35.48, 39, 84, 7741260
0.28, 2.93, 12.14, 35.56, 39, 84, 7753080
0.28, 2.93, 12.11, 35.48, 39, 84, 7764904
0.28, 2.93, 12.16, 35.64, 39, 84, 7776728
0.29, 2.93, 12.11, 35.48, 39, 84, 7788560
0.29, 2.93, 12.16, 35.64, 39, 84, 7800380
0.29, 2.93, 12.16, 35.64, 39, 84, 7812208
0.29, 2.93, 12.11, 35.48, 39, 84, 7824028
0.29, 2.93, 12.11, 35.48, 39, 84, 7835860
0.29, 2.93, 12.11, 35.48, 39, 84, 7847684
0.29, 2.93, 12.14, 35.56, 40, 84, 7859512
0.29, 2.93, 12.14, 35.56, 40, 84, 7871328
0.29, 2.93, 12.11, 35.48, 40, 84, 7883156
0.29, 2.93, 12.16, 35.64, 40, 84, 7894984
0.29, 2.93, 12.14, 35.56, 40, 84, 7906808
0.29, 2.93, 12.08, 35.40, 40, 84, 7918636
0.29, 2.93, 12.08, 35.40, 40, 84, 7930456
0.30, 2.93, 12.16, 35.64, 40, 84, 7942288
0.30, 2.93, 12.08, 35.40, 40, 84, 7954108
0.30, 2.93, 12.11, 35.48, 40, 84, 7965936
0.30, 2.93, 12.14, 35.56, 40, 84, 7977756
0.30, 2.93, 12.11, 35.48, 40, 84, 7989584
0.30, 2.93, 12.11, 35.48, 40, 84, 8001404
0.30, 2.93, 12.11, 35.48, 40, 84, 8013232
0.30, 2.93, 12.08, 35.40, 40, 84, 8025060
0.30, 3.26, 12.14, 39.51, 40, 84, 8036876
0.30, 2.93, 12.08, 35.40, 40, 84, 8048708
0.30, 2.93, 12.11, 35.48, 41, 84, 8060524
0.30, 2.93, 12.11, 35.48, 41, 84, 8072356
0.30, 3.26, 12.06, 39.25, 41, 84, 8084192
0.31, 3.26, 12.11, 39.42, 41, 84, 8096004
0.31, 3.26, 12.11, 39.42, 41, 84, 8107820
0.31, 3.26, 12.14, 39.51, 41, 84, 8119644
0.31, 3.26, 12.11, 39.42, 41, 84, 8131472
0.31, 2.93, 12.11, 35.48, 41, 84, 8143296
0.31, 3.26, 12.14, 39.51, 41, 84, 8155128
0.31, 3.26, 12.14, 39.51, 41, 84, 8166948
0.31, 3.26, 12.11, 39.42, 41, 84, 8178780
0.31, 3.26, 12.14, 39.51, 41, 84, 8190600
0.32, 3.26, 12.08, 39.33, 41, 84, 8202432
0.32, 3.26, 12.08, 39.33, 41, 84, 8214248
0.32, 3.26, 12.11, 39.42, 41, 84, 8226080
0.32, 3.26, 12.11, 39.42, 41, 84, 8237896
0.32, 3.26, 12.14, 39.51, 41, 84, 8249720
0.32, 3.26, 12.08, 39.33, 42, 84, 8261548
0.32, 3.26, 12.06, 39.25, 42, 84, 8273372
0.32, 3.26, 12.11, 39.42, 42, 84, 8285200
0.32, 3.26, 12.08, 39.33, 42, 84, 8297020
0.32, 3.26, 12.11, 39.42, 42, 84, 8308852
0.32, 3.26, 12.08, 39.33, 42, 84, 8320668
0.33, 3.26, 12.08, 39.33, 42, 84, 8332500
0.33, 3.26, 12.08, 39.33, 42, 84, 8344336
0.33, 3.26, 12.06, 39.25, 42, 84, 8356152
0.33, 3.26, 12.11, 39.42, 42, 84, 8367964
0.33, 3.26, 12.06, 39.25, 42, 84, 8379788
0.33, 3.58, 12.11, 43.36, 42, 84, 8391620
0.33, 3.26, 12.11, 39.42, 42, 84, 8403440
0.33, 3.26, 12.08, 39.33, 42, 84, 8415272
0.33, 3.26, 12.08, 39.33, 42, 84, 8427088
0.33, 3.26, 12.14, 39.51, 42, 84, 8438916
0.33, 3.26, 12.11, 39.42, 42, 84, 8450736
0.33, 3.26, 12.03, 39.16, 43, 84, 8462564
0.33, 3.58, 12.08, 43.27, 43, 84, 8474384
0.33, 3.58, 12.03, 43.07, 43, 84, 8486212
0.34, 3.58, 12.08, 43.27, 43, 84, 8498032
0.34, 3.58, 12.08, 43.27, 43, 84, 8509864
0.34, 3.58, 12.06, 43.17, 43, 84, 8521696
0.34, 3.58, 12.08, 43.27, 43, 84, 8533516
0.34, 3.58, 12.06, 43.17, 43, 84, 8545344
0.34, 3.58, 12.06, 43.17, 43, 84, 8557164
0.34, 3.58, 12.11, 43.36, 43, 84, 8568996
0.34, 3.58, 12.14, 43.46, 43, 84, 8580812
0.35, 3.58, 12.06, 43.17, 43, 84, 8592644
0.35, 3.58, 12.08, 43.27, 43, 84, 8604480
0.35, 3.58, 12.14, 43.46, 43, 84, 8616288
0.35, 3.58, 12.11, 43.36, 43, 84, 8628112
0.35, 3.58, 12.06, 43.17, 43, 84, 8639932
0.35, 3.58, 12.11, 43.36, 43, 84, 8651764
0.35, 3.58, 12.11, 43.36, 44, 84, 8663584
0.35, 3.58, 12.03, 43.07, 44, 84, 8675412
0.35, 3.58, 12.14, 43.46, 44, 84, 8687232
0.35, 3.58, 12.11, 43.36, 44, 84, 8699060
0.35, 3.58, 12.06, 43.17, 44, 84, 8710876
0.35, 3.58, 12.11, 43.36, 44, 84, 8722712
0.36, 3.91, 12.06, 47.10, 44, 84, 8734528
0.36, 3.58, 12.03, 43.07, 44, 84, 8746352
0.36, 3.91, 12.11, 47.31, 44, 84, 8758176
0.36, 3.91, 12.08, 47.20, 44, 84, 8770000
0.36, 3.58, 12.11, 43.36, 44, 84, 8781828
0.36, 3.91, 12.11, 47.31, 44, 85, 8793652
0.36, 3.58, 12.06, 43.17, 44, 84, 8805480
0.36, 3.91, 12.08, 47.20, 44, 84, 8817296
0.36, 3.91, 12.08, 47.20, 44, 84, 8829128
0.36, 3.91, 12.03, 46.99, 44, 84, 8840944
0.36, 3.91, 12.06, 47.10, 44, 84, 8852776
0.36, 3.91, 12.11, 47.31, 45, 84, 8864608
0.36, 3.91, 12.11, 47.31, 45, 84, 8876416
0.37, 3.91, 12.03, 46.99, 45, 84, 8888240
0.37, 3.91, 12.08, 47.20, 45, 84, 8900068
0.37, 3.91, 12.08, 47.20, 45, 84, 8911900
0.37, 3.91, 12.08, 47.20, 45, 84, 8923716
0.37, 3.91, 12.03, 46.99, 45, 84, 8935552
0.37, 3.91, 12.06, 47.10, 45, 84, 8947372
0.37, 3.91, 12.11, 47.31, 45, 84, 8959204
0.37, 3.91, 12.08, 47.20, 45, 84, 8971024
0.37, 3.91, 12.03, 46.99, 45, 84, 8982860
0.38, 3.91, 12.14, 47.41, 45, 84, 8994676
0.38, 3.91, 12.11, 47.31, 45, 84, 9006500
0.38, 3.91, 12.06, 47.10, 45, 84, 9018332
0.38, 3.91, 12.08, 47.20, 45, 84, 9030148
0.38, 3.91, 12.11, 47.31, 45, 84, 9041984
0.38, 3.91, 12.03, 46.99, 45, 85, 9053800
0.38, 3.91, 12.06, 47.10, 46, 84, 9065632
0.38, 3.91, 12.11, 47.31, 46, 84, 9077448
0.38, 4.23, 12.08, 51.13, 46, 84, 9089284
0.38, 4.23, 12.08, 51.13, 46, 84, 9101104
0.38, 4.23, 12.11, 51.25, 46, 84, 9112932
0.38, 4.23, 12.11, 51.25, 46, 84, 9124776
0.39, 4.23, 12.11, 51.25, 46, 85, 9136580
0.39, 4.23, 12.00, 50.79, 46, 84, 9148416
0.39, 4.23, 12.06, 51.02, 46, 84, 9160232
0.39, 4.23, 12.00, 50.79, 46, 84, 9172064
0.39, 3.91, 12.06, 47.10, 46, 84, 9183884
0.39, 4.23, 12.08, 51.13, 46, 84, 9195720
0.39, 4.23, 12.08, 51.13, 46, 84, 9207536
0.39, 4.23, 12.08, 51.13, 46, 84, 9219368
0.39, 4.23, 12.03, 50.91, 46, 84, 9231188
0.39, 4.23, 12.08, 51.13, 46, 84, 9243028
0.39, 4.23, 12.03, 50.91, 46, 84, 9254848
0.39, 4.23, 12.00, 50.79, 47, 84, 9266668
0.39, 4.23, 12.08, 51.13, 47, 84, 9278500
0.39, 4.23, 12.06, 51.02, 47, 84, 9290320
0.40, 4.23, 12.14, 51.36, 47, 84, 9302152
0.40, 4.23, 11.98, 50.68, 47, 84, 9313968
0.40, 4.23, 12.08, 51.13, 47, 84, 9325804
0.40, 4.23, 12.06, 51.02, 47, 84, 9337624
0.40, 4.23, 12.03, 50.91, 47, 84, 9349456
0.40, 4.23, 12.11, 51.25, 47, 84, 9361272
0.40, 4.23, 12.06, 51.02, 47, 84, 9373100
0.40, 4.23, 12.08, 51.13, 47, 84, 9384932
0.40, 4.23, 12.03, 50.91, 47, 84, 9396752
0.40, 4.23, 12.08, 51.13, 47, 84, 9408584
0.40, 4.23, 12.03, 50.91, 47, 84, 9420400
0.40, 4.23, 12.03, 50.91, 47, 84, 9432232
0.41, 4.23, 12.11, 51.25, 47, 84, 9444048
0.41, 4.23, 12.03, 50.91, 47, 84, 9455880
0.41, 4.56, 12.03, 54.82, 48, 84, 9467696
0.41, 4.56, 12.11, 55.19, 48, 84, 9479524
0.41, 4.23, 12.06, 51.02, 48, 84, 9491348
0.41, 4.56, 12.08, 55.07, 48, 84, 9503188
0.41, 4.56, 12.08, 55.07, 48, 84, 9515000
0.41, 4.56, 12.03, 54.82, 48, 84, 9526820
0.41, 4.56, 12.03, 54.82, 48, 84, 9538652
0.41, 4.56, 12.03, 54.82, 48, 84, 9550468
0.41, 4.56, 12.03, 54.82, 48, 84, 9562300
0.42, 4.56, 12.08, 55.07, 48, 84, 9574120
0.42, 4.56, 12.00, 54.70, 48, 84, 9585948
0.42, 4.56, 12.03, 54.82, 48, 84, 9597768
0.42, 4.56, 12.06, 54.95, 48, 84, 9609596
0.42, 4.56, 12.00, 54.70, 48, 84, 9621420
0.42, 4.56, 12.06, 54.95, 48, 84, 9633244
0.42, 4.56, 12.00, 54.70, 48, 84, 9645076
0.42, 4.56, 12.06, 54.95, 48, 84, 9656892
0.42, 4.56, 12.03, 54.82, 49, 84, 9668724
0.42, 4.56, 12.00, 54.70, 49, 84, 9680540
0.42, 4.56, 12.08, 55.07, 49, 84, 9692372
0.42, 4.56, 12.03, 54.82, 49, 84, 9704188
0.42, 4.56, 11.98, 54.58, 49, 84, 9716016
0.43, 4.56, 12.06, 54.95, 49, 84, 9727836
0.43, 4.56, 12.06, 54.95, 49, 84, 9739656
0.43, 4.88, 12.00, 58.61, 49, 84, 9751492
0.43, 4.56, 12.03, 54.82, 49, 84, 9763320
0.43, 4.56, 12.11, 55.19, 49, 84, 9775136
0.43, 4.88, 12.08, 59.00, 49, 84, 9786952
0.43, 4.56, 11.98, 54.58, 49, 84, 9798788
0.43, 4.88, 12.03, 58.74, 49, 84, 9810608
0.43, 4.88, 12.08, 59.00, 49, 84, 9822440
0.43, 4.88, 12.03, 58.74, 49, 85, 9834260
0.43, 4.56, 11.98, 54.58, 49, 84, 9846088
0.43, 4.88, 11.98, 58.47, 49, 84, 9857908
0.43, 4.88, 12.00, 58.61, 50, 84, 9869736
0.44, 4.88, 11.98, 58.47, 50, 84, 9881568
0.44, 4.88, 12.00, 58.61, 50, 84, 9893392
0.44, 4.88, 11.95, 58.34, 50, 84, 9905220
0.44, 4.88, 12.08, 59.00, 50, 84, 9917040
0.44, 4.88, 12.03, 58.74, 50, 84, 9928868
0.44, 4.88, 12.00, 58.61, 50, 84, 9940688
0.44, 4.88, 11.98, 58.47, 50, 84, 9952516
0.44, 4.88, 12.08, 59.00, 50, 84, 9964332
0.44, 4.88, 12.06, 58.87, 50, 84, 9976156
0.45, 4.88, 12.08, 59.00, 50, 84, 9987980
0.45, 4.88, 12.00, 58.61, 50, 84, 9999804
0.45, 4.88, 12.06, 58.87, 50, 84, 10011636
0.45, 4.88, 12.03, 58.74, 50, 84, 10023468
0.45, 4.88, 12.03, 58.74, 50, 84, 10035284
0.45, 4.88, 12.06, 58.87, 50, 84, 10047104
0.45, 4.88, 12.06, 58.87, 50, 84, 10058936
0.45, 4.88, 12.00, 58.61, 51, 84, 10070752
0.45, 4.88, 12.03, 58.74, 51, 84, 10082584
0.45, 5.21, 11.98, 62.37, 51, 84, 10094404
0.45, 5.21, 11.92, 62.09, 51, 84, 10106228
0.46, 5.21, 12.00, 62.51, 51, 84, 10118052
0.46, 5.21, 12.03, 62.65, 51, 84, 10129876
0.46, 5.21, 12.06, 62.79, 51, 84, 10141704
0.46, 5.21, 12.03, 62.65, 51, 84, 10153524
0.46, 5.21, 11.95, 62.23, 51, 84, 10165352
0.46, 5.21, 12.00, 62.51, 51, 84, 10177172
0.46, 5.21, 12.03, 62.65, 51, 84, 10189004
0.46, 5.21, 11.98, 62.37, 51, 84, 10200820
0.46, 5.21, 12.06, 62.79, 51, 84, 10212656
0.46, 5.21, 12.06, 62.79, 51, 84, 10224472
0.46, 5.21, 12.00, 62.51, 51, 84, 10236300
0.46, 5.21, 12.03, 62.65, 51, 84, 10248132
0.46, 5.21, 12.03, 62.65, 51, 84, 10259952
0.46, 5.21, 11.98, 62.37, 52, 84, 10271788
0.46, 5.21, 12.03, 62.65, 52, 84, 10283604
0.47, 5.21, 11.98, 62.37, 52, 84, 10295432
0.47, 5.21, 12.06, 62.79, 52, 84, 10307252
0.47, 5.53, 12.03, 66.57, 52, 84, 10319080
0.47, 5.21, 12.00, 62.51, 52, 84, 10330900
0.47, 5.21, 12.03, 62.65, 52, 84, 10342732
0.47, 5.53, 12.00, 66.42, 52, 85, 10354548
0.47, 5.21, 12.00, 62.51, 52, 84, 10366372
0.47, 5.21, 11.98, 62.37, 52, 84, 10378200
0.47, 5.21, 11.98, 62.37, 52, 84, 10390024
0.48, 5.53, 12.00, 66.42, 52, 84, 10401852
0.47, 5.21, 11.95, 62.23, 52, 84, 10413676
0.48, 5.53, 12.03, 66.57, 52, 84, 10425508
0.48, 5.53, 12.03, 66.57, 52, 84, 10437324
0.48, 5.21, 11.98, 62.37, 52, 84, 10449160
0.48, 5.53, 12.06, 66.72, 52, 84, 10460980
0.48, 5.21, 12.03, 62.65, 53, 84, 10472804
0.48, 5.21, 12.00, 62.51, 53, 84, 10484632
0.48, 5.53, 12.03, 66.57, 53, 84, 10496456
0.48, 5.53, 12.03, 66.57, 53, 84, 10508288
0.48, 5.53, 11.98, 66.27, 53, 84, 10520108
0.48, 5.53, 11.98, 66.27, 53, 84, 10531940
0.48, 5.53, 11.95, 66.12, 53, 84, 10543756
0.48, 5.53, 12.03, 66.57, 53, 84, 10555588
0.48, 5.53, 11.98, 66.27, 53, 84, 10567408
0.48, 5.53, 12.03, 66.57, 53, 84, 10579236
0.49, 5.53, 12.03, 66.57, 53, 84, 10591056
0.49, 5.21, 11.95, 62.23, 53, 84, 10602876
0.49, 5.53, 12.00, 66.42, 53, 84, 10614704
0.49, 5.53, 12.06, 66.72, 53, 84, 10626528
0.49, 5.53, 12.00, 66.42, 53, 84, 10638356
0.49, 5.86, 12.00, 70.33, 53, 84, 10650176
0.49, 5.53, 11.98, 66.27, 53, 84, 10662008
0.49, 5.53, 11.89, 65.82, 54, 84, 10673824
0.49, 5.53, 11.95, 66.12, 54, 84, 10685656
0.49, 5.53, 11.98, 66.27, 54, 84, 10697472
0.49, 5.53, 12.00, 66.42, 54, 84, 10709304
0.49, 5.86, 11.98, 70.17, 54, 84, 10721120
0.49, 5.53, 11.89, 65.82, 54, 84, 10732944
0.49, 5.86, 12.06, 70.64, 54, 84, 10744796
0.50, 5.86, 12.00, 70.33, 54, 85, 10756596
0.50, 5.53, 11.95, 66.12, 54, 84, 10768428
0.50, 5.86, 12.03, 70.49, 54, 84, 10780248
0.50, 5.86, 11.98, 70.17, 54, 84, 10792080
0.50, 5.86, 11.95, 70.01, 54, 84, 10803896
0.50, 5.86, 11.98, 70.17, 54, 84, 10815728
0.50, 5.86, 12.06, 70.64, 54, 84, 10827548
0.50, 5.86, 11.92, 69.85, 54, 84, 10839372
0.50, 5.86, 11.98, 70.17, 54, 84, 10851196
0.50, 5.86, 11.98, 70.17, 54, 84, 10863020
0.50, 5.86, 12.00, 70.33, 55, 84, 10874852
0.50, 5.86, 12.06, 70.64, 55, 84, 10886668
0.50, 5.86, 11.95, 70.01, 55, 84, 10898500
0.50, 5.86, 11.98, 70.17, 55, 84, 10910316
0.51, 5.86, 11.98, 70.17, 55, 84, 10922148
0.51, 5.86, 12.03, 70.49, 55, 84, 10933968
0.51, 5.86, 12.00, 70.33, 55, 84, 10945800
0.51, 5.86, 11.95, 70.01, 55, 84, 10957616
0.51, 5.86, 11.89, 69.70, 55, 84, 10969444
0.51, 5.86, 11.95, 70.01, 55, 84, 10981268
0.51, 5.86, 11.98, 70.17, 55, 84, 10993092
0.51, 6.18, 12.00, 74.23, 55, 84, 11004940
0.51, 6.18, 11.95, 73.90, 55, 85, 11016744
0.51, 6.18, 11.98, 74.07, 55, 84, 11028568
0.51, 5.86, 11.89, 69.70, 55, 84, 11040388
0.51, 6.18, 11.92, 73.73, 55, 84, 11052220
0.52, 5.86, 11.95, 70.01, 55, 84, 11064040
0.52, 6.18, 12.00, 74.23, 56, 84, 11075868
0.52, 5.86, 12.03, 70.49, 56, 84, 11087688
0.52, 6.18, 11.98, 74.07, 56, 84, 11099512
0.52, 6.18, 11.92, 73.73, 56, 84, 11111336
0.52, 6.18, 11.95, 73.90, 56, 84, 11123164
0.52, 6.18, 12.00, 74.23, 56, 84, 11134992
0.52, 6.18, 11.95, 73.90, 56, 84, 11146808
0.52, 6.18, 11.95, 73.90, 56, 84, 11158640
0.52, 6.18, 12.08, 74.74, 56, 84, 11170460
0.52, 6.18, 11.95, 73.90, 56, 84, 11182292
0.53, 6.18, 12.03, 74.40, 56, 84, 11194112
0.53, 6.18, 12.00, 74.23, 56, 84, 11205944
0.53, 6.18, 12.06, 74.57, 56, 84, 11217760
0.53, 6.18, 11.95, 73.90, 56, 84, 11229588
0.53, 6.18, 11.98, 74.07, 56, 84, 11241416
0.53, 6.18, 11.95, 73.90, 56, 84, 11253236
0.53, 6.18, 11.95, 73.90, 56, 84, 11265084
0.53, 6.18, 11.98, 74.07, 57, 85, 11276880
0.53, 6.18, 11.92, 73.73, 57, 84, 11288716
0.53, 6.51, 11.98, 77.97, 57, 84, 11300532
0.53, 6.51, 11.98, 77.97, 57, 84, 11312360
0.53, 6.51, 11.95, 77.79, 57, 84, 11324180
0.53, 6.51, 11.87, 77.26, 57, 84, 11336008
0.54, 6.51, 11.95, 77.79, 57, 84, 11347828
0.54, 6.51, 11.98, 77.97, 57, 84, 11359656
0.54, 6.51, 11.95, 77.79, 57, 84, 11371484
0.54, 6.51, 11.92, 77.62, 57, 84, 11383300
0.54, 6.51, 11.98, 77.97, 57, 84, 11395132
0.54, 6.51, 11.98, 77.97, 57, 84, 11406948
0.54, 6.51, 11.95, 77.79, 57, 84, 11418780
0.54, 6.51, 11.98, 77.97, 57, 84, 11430600
0.54, 6.51, 11.95, 77.79, 57, 84, 11442432
0.54, 6.51, 11.89, 77.44, 57, 85, 11454248
0.54, 6.51, 11.89, 77.44, 57, 84, 11466072
0.54, 6.51, 11.92, 77.62, 58, 84, 11477896
0.54, 6.51, 11.98, 77.97, 58, 84, 11489724
0.55, 6.51, 11.92, 77.62, 58, 84, 11501556
0.55, 6.51, 11.92, 77.62, 58, 84, 11513376
0.55, 6.51, 11.92, 77.62, 58, 84, 11525228
0.55, 6.51, 11.92, 77.62, 58, 84, 11537024
0.55, 6.51, 11.92, 77.62, 58, 84, 11548860
0.55, 6.51, 12.00, 78.14, 58, 84, 11560676
0.55, 6.84, 11.89, 81.31, 58, 84, 11572508
0.55, 6.84, 12.03, 82.23, 58, 84, 11584332
0.55, 6.84, 11.98, 81.86, 58, 84, 11596160
0.55, 6.84, 12.03, 82.23, 58, 84, 11607984
0.55, 6.84, 11.95, 81.68, 58, 84, 11619812
0.55, 6.84, 12.06, 82.42, 58, 84, 11631644
0.55, 6.84, 11.95, 81.68, 58, 84, 11643476
0.55, 6.84, 11.95, 81.68, 58, 84, 11655296
0.56, 6.84, 11.95, 81.68, 58, 84, 11667116
0.56, 6.51, 11.92, 77.62, 59, 84, 11678948
0.56, 6.84, 11.95, 81.68, 59, 84, 11690768
0.56, 6.84, 11.98, 81.86, 59, 84, 11702600
0.56, 6.84, 11.87, 81.13, 59, 84, 11714420
0.56, 6.84, 11.92, 81.50, 59, 84, 11726244
0.56, 6.84, 12.00, 82.05, 59, 84, 11738080
0.56, 6.84, 12.00, 82.05, 59, 84, 11749900
0.56, 6.84, 11.92, 81.50, 59, 84, 11761732
0.56, 6.84, 11.95, 81.68, 59, 84, 11773552
0.56, 6.84, 11.87, 81.13, 59, 84, 11785404
0.56, 6.84, 11.87, 81.13, 59, 84, 11797204
0.57, 6.84, 11.87, 81.13, 59, 84, 11809036
0.57, 6.84, 11.89, 81.31, 59, 84, 11820856
0.57, 6.84, 11.89, 81.31, 59, 84, 11832680
0.57, 6.84, 11.89, 81.31, 59, 84, 11844508
0.57, 6.84, 11.92, 81.50, 59, 84, 11856332
0.57, 7.16, 11.98, 85.76, 59, 84, 11868168
0.57, 6.84, 11.98, 81.86, 60, 84, 11879984
0.57, 6.84, 11.95, 81.68, 60, 84, 11891820
0.57, 6.84, 11.87, 81.13, 60, 84, 11903652
0.57, 7.16, 11.92, 85.38, 60, 84, 11915472
0.57, 7.16, 11.87, 84.99, 60, 84, 11927288
0.57, 6.84, 11.92, 81.50, 60, 84, 11939120
0.58, 7.16, 11.89, 85.18, 60, 84, 11950944
0.58, 7.16, 11.98, 85.76, 60, 84, 11962768
0.58, 7.16, 11.89, 85.18, 60, 84, 11974600
0.58, 7.16, 11.87, 84.99, 60, 84, 11986420
0.58, 7.16, 12.03, 86.15, 60, 84, 11998252
0.58, 7.16, 11.87, 84.99, 60, 84, 12010072
0.58, 7.16, 12.03, 86.15, 60, 84, 12021904
0.58, 7.16, 11.92, 85.38, 60, 84, 12033724
0.58, 7.16, 12.00, 85.96, 60, 84, 12045556
0.58, 7.16, 11.92, 85.38, 60, 84, 12057376
0.58, 7.49, 12.03, 90.07, 60, 84, 12069196
0.58, 7.16, 11.87, 84.99, 61, 84, 12081024
0.58, 7.16, 11.87, 84.99, 61, 84, 12092844
0.58, 7.49, 11.98, 89.66, 61, 84, 12104676
0.58, 7.49, 11.89, 89.06, 61, 84, 12116496
0.59, 7.49, 11.89, 89.06, 61, 84, 12128324
0.59, 7.49, 11.98, 89.66, 61, 84, 12140144
0.59, 7.49, 11.98, 89.66, 61, 84, 12151972
0.59, 7.49, 11.89, 89.06, 61, 84, 12163804
0.59, 7.49, 11.87, 88.85, 61, 84, 12175624
0.59, 7.49, 11.92, 89.26, 61, 84, 12187440
0.59, 7.49, 11.92, 89.26, 61, 84, 12199264
0.59, 7.49, 11.95, 89.46, 61, 84, 12211088
0.59, 7.49, 11.92, 89.26, 61, 84, 12222912
0.60, 7.49, 11.98, 89.66, 61, 84, 12234740
0.60, 7.49, 11.92, 89.26, 61, 84, 12246560
0.60, 7.49, 12.00, 89.86, 61, 84, 12258392
0.60, 7.49, 11.95, 89.46, 61, 84, 12270208
0.60, 7.49, 11.92, 89.26, 62, 84, 12282040
0.60, 7.49, 11.87, 88.85, 62, 84, 12293852
0.60, 7.49, 11.95, 89.46, 62, 84, 12305688
0.60, 7.81, 11.87, 92.72, 62, 84, 12317504
0.60, 7.49, 11.81, 88.45, 62, 84, 12329328
0.60, 7.49, 11.89, 89.06, 62, 84, 12341148
0.60, 7.49, 11.92, 89.26, 62, 84, 12352972
0.60, 7.81, 11.87, 92.72, 62, 84, 12364804
0.61, 7.81, 11.92, 93.14, 62, 84, 12376624
0.61, 7.49, 11.89, 89.06, 62, 84, 12388448
0.61, 7.81, 11.89, 92.93, 62, 84, 12400268
0.61, 7.81, 11.98, 93.56, 62, 84, 12412100
0.61, 7.49, 11.92, 89.26, 62, 84, 12423932
0.61, 7.49, 11.84, 88.65, 62, 84, 12435744
0.61, 7.81, 11.89, 92.93, 62, 84, 12447564
0.61, 7.81, 11.84, 92.51, 62, 84, 12459384
0.61, 7.81, 11.95, 93.35, 62, 84, 12471212
0.61, 7.81, 11.81, 92.30, 63, 84, 12483032
0.61, 7.81, 11.98, 93.56, 63, 84, 12494868
0.61, 7.81, 11.84, 92.51, 63, 84, 12506684
0.61, 7.81, 11.87, 92.72, 63, 84, 12518516
0.61, 7.81, 11.92, 93.14, 63, 84, 12530336
0.62, 7.81, 11.87, 92.72, 63, 84, 12542168
0.62, 8.14, 11.89, 96.80, 63, 84, 12553988
0.62, 7.81, 11.87, 92.72, 63, 84, 12565816
0.62, 7.81, 11.95, 93.35, 63, 84, 12577636
0.62, 8.14, 11.95, 97.24, 63, 84, 12589464
0.62, 7.81, 11.84, 92.51, 63, 84, 12601296
0.62, 8.14, 11.84, 96.36, 63, 84, 12613116
0.62, 7.81, 11.81, 92.30, 63, 84, 12624948
0.62, 8.14, 11.81, 96.14, 63, 85, 12636772
0.62, 8.14, 11.89, 96.80, 63, 84, 12648600
0.62, 8.14, 11.95, 97.24, 63, 84, 12660424
0.63, 7.81, 11.84, 92.51, 63, 84, 12672252
0.63, 8.14, 11.95, 97.24, 64, 84, 12684072
0.63, 8.14, 11.98, 97.46, 64, 84, 12695900
0.63, 8.14, 11.84, 96.36, 64, 84, 12707724
0.63, 8.46, 11.87, 100.44, 64, 84, 12719548
0.63, 8.14, 11.87, 96.58, 64, 84, 12731380
0.63, 8.14, 11.87, 96.58, 64, 84, 12743200
0.63, 8.14, 11.95, 97.24, 64, 84, 12755032
0.63, 8.46, 11.89, 100.67, 64, 84, 12766852
0.64, 8.14, 11.84, 96.36, 64, 84, 12778684
0.64, 8.14, 11.89, 96.80, 64, 84, 12790500
0.64, 8.46, 11.89, 100.67, 64, 84, 12802328
0.64, 8.14, 11.87, 96.58, 64, 84, 12814152
0.64, 8.14, 11.87, 96.58, 64, 84, 12825976
0.64, 8.14, 11.87, 96.58, 64, 84, 12837800
0.64, 8.14, 11.84, 96.36, 64, 84, 12849628
0.64, 8.14, 11.84, 96.36, 64, 84, 12861460
0.64, 8.46, 11.92, 100.90, 64, 84, 12873280
0.64, 8.14, 11.81, 96.14, 65, 84, 12885112
0.64, 8.46, 11.95, 101.13, 65, 84, 12896932
0.64, 8.46, 11.92, 100.90, 65, 84, 12908764
0.65, 8.46, 11.79, 99.76, 65, 84, 12920584
0.65, 8.46, 11.89, 100.67, 65, 84, 12932416
0.65, 8.46, 11.92, 100.90, 65, 84, 12944240
0.65, 8.46, 11.87, 100.44, 65, 85, 12956060
0.65, 8.46, 11.84, 100.21, 65, 84, 12967892
0.65, 8.46, 11.89, 100.67, 65, 84, 12979708
0.65, 8.46, 11.87, 100.44, 65, 84, 12991540
0.65, 8.46, 11.76, 99.53, 65, 84, 13003356
0.65, 8.79, 11.81, 103.83, 65, 84, 13015188
0.66, 8.79, 11.89, 104.54, 65, 84, 13027004
0.66, 8.46, 11.89, 100.67, 65, 84, 13038836
0.66, 8.46, 11.87, 100.44, 65, 84, 13050656
0.66, 8.46, 11.92, 100.90, 65, 84, 13062476
0.66, 8.46, 11.89, 100.67, 65, 84, 13074300
0.66, 8.46, 11.89, 100.67, 66, 84, 13086120
0.66, 8.46, 11.92, 100.90, 66, 84, 13097956
0.66, 8.46, 11.84, 100.21, 66, 84, 13109772
0.66, 8.46, 11.87, 100.44, 66, 84, 13121608
0.66, 8.79, 11.87, 104.31, 66, 84, 13133428
0.66, 8.79, 11.87, 104.31, 66, 84, 13145256
0.66, 8.79, 11.79, 103.60, 66, 84, 13157080
0.66, 8.79, 11.89, 104.54, 66, 84, 13168908
0.66, 8.79, 11.89, 104.54, 66, 84, 13180724
0.67, 8.79, 11.87, 104.31, 66, 84, 13192552
0.67, 8.79, 11.76, 103.36, 66, 84, 13204376
0.67, 8.79, 11.92, 104.78, 66, 85, 13216200
0.67, 8.79, 11.89, 104.54, 66, 84, 13228032
0.67, 9.11, 11.84, 107.92, 66, 84, 13239848
0.67, 8.79, 11.98, 105.25, 66, 84, 13251680
0.67, 8.79, 11.92, 104.78, 66, 84, 13263504
0.67, 8.79, 11.76, 103.36, 66, 84, 13275332
0.67, 8.79, 11.84, 104.07, 67, 84, 13287152
0.67, 8.79, 11.81, 103.83, 67, 84, 13298984
0.67, 8.79, 11.89, 104.54, 67, 84, 13310800
0.67, 8.79, 11.73, 103.12, 67, 84, 13322624
0.67, 9.11, 11.84, 107.92, 67, 84, 13334460
0.68, 9.11, 11.81, 107.68, 67, 84, 13346276
0.68, 9.11, 11.81, 107.68, 67, 84, 13358108
0.68, 9.11, 11.92, 108.66, 67, 84, 13369928
0.68, 9.11, 11.89, 108.42, 67, 84, 13381760
0.68, 9.11, 11.73, 106.94, 67, 84, 13393580
0.68, 9.11, 11.84, 107.92, 67, 84, 13405432
0.68, 9.11, 11.87, 108.17, 67, 85, 13417232
0.68, 9.11, 11.76, 107.19, 67, 84, 13429060
0.68, 9.11, 11.76, 107.19, 67, 85, 13440876
0.68, 9.11, 11.84, 107.92, 67, 84, 13452700
0.68, 9.11, 11.89, 108.42, 67, 84, 13464532
0.68, 9.11, 11.87, 108.17, 67, 84, 13476348
0.68, 9.11, 11.84, 107.92, 68, 84, 13488180
0.68, 9.11, 11.87, 108.17, 68, 85, 13499996
0.69, 9.11, 11.76, 107.19, 68, 84, 13511832
0.69, 9.44, 11.87, 112.03, 68, 84, 13523644
0.69, 9.44, 11.89, 112.29, 68, 84, 13535476
0.69, 9.44, 11.81, 111.52, 68, 84, 13547296
0.69, 9.44, 11.81, 111.52, 68, 84, 13559120
0.69, 9.44, 11.84, 111.78, 68, 84, 13570948
0.69, 9.44, 11.84, 111.78, 68, 84, 13582768
0.69, 9.44, 11.76, 111.01, 68, 84, 13594604
0.69, 9.44, 11.84, 111.78, 68, 84, 13606424
0.70, 9.44, 11.81, 111.52, 68, 84, 13618256
0.70, 9.44, 11.89, 112.29, 68, 84, 13630076
0.70, 9.44, 11.87, 112.03, 68, 84, 13641904
0.70, 9.44, 11.79, 111.27, 68, 84, 13653728
0.70, 9.44, 11.79, 111.27, 68, 84, 13665576
0.70, 9.44, 11.87, 112.03, 68, 84, 13677380
0.70, 9.44, 11.79, 111.27, 69, 84, 13689204
0.70, 9.44, 11.87, 112.03, 69, 84, 13701028
0.70, 9.44, 11.84, 111.78, 69, 84, 13712856
0.70, 9.44, 11.79, 111.27, 69, 84, 13724684
0.70, 9.44, 11.81, 111.52, 69, 84, 13736504
0.70, 9.44, 11.73, 110.76, 69, 84, 13748336
0.70, 9.44, 11.84, 111.78, 69, 84, 13760156
0.71, 9.77, 11.87, 115.90, 69, 84, 13771988
0.71, 9.77, 11.81, 115.37, 69, 84, 13783820
0.71, 9.44, 11.89, 112.29, 69, 84, 13795636
0.71, 9.77, 11.71, 114.32, 69, 84, 13807456
0.71, 9.77, 11.87, 115.90, 69, 84, 13819280
0.71, 9.44, 11.76, 111.01, 69, 84, 13831108
0.71, 9.77, 11.81, 115.37, 69, 84, 13842928
0.71, 9.77, 11.89, 116.16, 69, 84, 13854760
0.71, 9.44, 11.87, 112.03, 69, 84, 13866584
0.71, 9.77, 11.87, 115.90, 69, 84, 13878412
0.71, 9.77, 11.81, 115.37, 70, 84, 13890232
0.71, 9.77, 11.79, 115.11, 70, 84, 13902064
0.71, 9.77, 11.84, 115.63, 70, 84, 13913880
0.72, 9.77, 11.73, 114.58, 70, 84, 13925732
0.72, 9.77, 11.84, 115.63, 70, 85, 13937528
0.72, 10.09, 11.73, 118.40, 70, 84, 13949352
0.72, 9.77, 11.79, 115.11, 70, 84, 13961184
0.72, 10.09, 11.81, 119.21, 70, 84, 13973000
0.72, 9.77, 11.81, 115.37, 70, 84, 13984828
0.72, 10.09, 11.76, 118.67, 70, 84, 13996648
0.72, 10.09, 11.84, 119.49, 70, 84, 14008476
0.72, 10.09, 11.76, 118.67, 70, 84, 14020296
0.73, 9.77, 11.84, 115.63, 70, 84, 14032124
0.73, 10.09, 11.79, 118.94, 70, 84, 14043956
0.73, 10.09, 11.92, 120.30, 70, 84, 14055764
0.73, 10.09, 11.81, 119.21, 70, 84, 14067588
0.73, 9.77, 11.79, 115.11, 70, 84, 14079412
0.73, 10.09, 11.87, 119.76, 71, 84, 14091244
0.73, 10.09, 11.84, 119.49, 71, 84, 14103060
0.73, 10.09, 11.81, 119.21, 71, 84, 14114892
0.73, 10.09, 11.73, 118.40, 71, 84, 14126712
0.73, 10.09, 11.81, 119.21, 71, 84, 14138544
0.73, 10.09, 11.73, 118.40, 71, 84, 14150360
0.74, 10.09, 11.81, 119.21, 71, 84, 14162196
0.74, 10.42, 11.79, 122.78, 71, 84, 14174016
0.74, 10.09, 11.79, 118.94, 71, 84, 14185860
0.74, 10.42, 11.84, 123.34, 71, 85, 14197668
0.74, 10.09, 11.73, 118.40, 71, 84, 14209496
0.74, 10.42, 11.79, 122.78, 71, 84, 14221324
0.74, 10.42, 11.87, 123.62, 71, 84, 14233144
0.74, 10.09, 11.68, 117.85, 71, 84, 14244976
0.74, 10.42, 11.76, 122.50, 71, 85, 14256796
0.74, 10.42, 11.84, 123.34, 71, 84, 14268632
0.74, 10.42, 11.76, 122.50, 71, 84, 14280448
0.74, 10.42, 11.81, 123.06, 72, 84, 14292280
0.74, 10.42, 11.79, 122.78, 72, 84, 14304116
0.75, 10.42, 11.73, 122.22, 72, 84, 14315928
0.75, 10.42, 11.84, 123.34, 72, 84, 14327756
0.75, 10.42, 11.79, 122.78, 72, 84, 14339576
0.75, 10.42, 11.76, 122.50, 72, 84, 14351404
0.75, 10.42, 11.71, 121.94, 72, 85, 14363220
0.75, 10.74, 11.68, 125.46, 72, 84, 14375052
0.75, 10.74, 11.79, 126.62, 72, 84, 14386868
0.75, 10.74, 11.76, 126.33, 72, 84, 14398700
0.76, 10.74, 11.76, 126.33, 72, 84, 14410520
0.76, 10.74, 11.84, 127.20, 72, 84, 14422348
0.76, 10.74, 11.81, 126.91, 72, 84, 14434172
0.76, 10.74, 11.76, 126.33, 72, 84, 14446020
0.76, 10.74, 11.79, 126.62, 72, 84, 14457832
0.76, 10.74, 11.79, 126.62, 72, 84, 14469652
0.76, 10.74, 11.76, 126.33, 72, 84, 14481484
0.76, 10.42, 11.76, 122.50, 73, 84, 14493300
0.76, 10.74, 11.73, 126.04, 73, 84, 14505136
0.76, 10.74, 11.76, 126.33, 73, 84, 14516956
0.76, 10.74, 11.73, 126.04, 73, 84, 14528784
0.76, 10.74, 11.84, 127.20, 73, 84, 14540604
0.76, 10.74, 11.65, 125.17, 73, 84, 14552428
0.77, 10.74, 11.81, 126.91, 73, 84, 14564264
0.77, 11.07, 11.73, 129.86, 73, 85, 14576076
0.77, 10.74, 11.68, 125.46, 73, 84, 14587908
0.77, 10.74, 11.84, 127.20, 73, 84, 14599728
0.77, 10.74, 11.79, 126.62, 73, 84, 14611560
0.77, 11.07, 11.73, 129.86, 73, 84, 14623380
0.77, 10.74, 11.76, 126.33, 73, 84, 14635208
0.77, 10.74, 11.76, 126.33, 73, 84, 14647028
0.77, 10.74, 11.81, 126.91, 73, 84, 14658860
0.77, 10.74, 11.71, 125.75, 73, 84, 14670680
0.77, 11.07, 11.84, 131.05, 73, 84, 14682504
0.77, 11.07, 11.79, 130.45, 74, 84, 14694336
0.77, 11.07, 11.76, 130.15, 74, 84, 14706156
0.77, 11.07, 11.68, 129.26, 74, 84, 14717988
0.77, 11.07, 11.76, 130.15, 74, 84, 14729808
0.77, 11.07, 11.68, 129.26, 74, 84, 14741640
0.77, 11.07, 11.87, 131.35, 74, 84, 14753460
0.78, 11.07, 11.76, 130.15, 74, 84, 14765288
0.78, 11.07, 11.65, 128.96, 74, 84, 14777108
0.78, 11.07, 11.71, 129.56, 74, 84, 14788936
0.78, 11.07, 11.79, 130.45, 74, 84, 14800756
0.78, 11.07, 11.73, 129.86, 74, 84, 14812576
0.78, 11.07, 11.71, 129.56, 74, 84, 14824408
0.78, 11.39, 11.73, 133.68, 74, 84, 14836228
0.78, 11.07, 11.76, 130.15, 74, 84, 14848060
0.78, 11.07, 11.68, 129.26, 74, 84, 14859876
0.78, 11.39, 11.79, 134.29, 74, 84, 14871708
0.78, 11.39, 11.76, 133.98, 74, 84, 14883524
0.78, 11.39, 11.79, 134.29, 75, 84, 14895352
0.79, 11.07, 11.71, 129.56, 75, 84, 14907172
0.78, 11.39, 11.76, 133.98, 75, 84, 14919000
0.79, 11.39, 11.68, 133.06, 75, 84, 14930828
0.79, 11.39, 11.71, 133.37, 75, 84, 14942652
0.79, 11.39, 11.71, 133.37, 75, 84, 14954484
0.79, 11.39, 11.73, 133.68, 75, 84, 14966304
0.79, 11.39, 11.76, 133.98, 75, 84, 14978136
0.79, 11.72, 11.76, 137.81, 75, 84, 14989960
0.79, 11.72, 11.76, 137.81, 75, 84, 15001788
0.80, 11.72, 11.73, 137.49, 75, 84, 15013608
0.80, 11.39, 11.71, 133.37, 75, 84, 15025440
0.80, 11.39, 11.73, 133.68, 75, 85, 15037256
0.80, 11.39, 11.68, 133.06, 75, 84, 15049080
0.80, 11.72, 11.73, 137.49, 75, 84, 15060904
0.80, 11.72, 11.81, 138.44, 75, 84, 15072728
0.80, 11.39, 11.76, 133.98, 75, 84, 15084560
0.80, 11.39, 11.73, 133.68, 76, 84, 15096376
0.80, 11.72, 11.68, 136.86, 76, 84, 15108208
0.80, 11.72, 11.71, 137.18, 76, 84, 15120024
0.80, 11.72, 11.71, 137.18, 76, 84, 15131852
0.80, 11.72, 11.79, 138.13, 76, 84, 15143672
0.80, 11.72, 11.65, 136.55, 76, 84, 15155500
0.80, 11.72, 11.68, 136.86, 76, 84, 15167316
0.81, 11.72, 11.73, 137.49, 76, 84, 15179144
0.81, 12.04, 11.73, 141.31, 76, 84, 15190972
0.81, 11.72, 11.76, 137.81, 76, 84, 15202792
0.81, 11.72, 11.73, 137.49, 76, 84, 15214624
0.81, 12.04, 11.79, 141.96, 76, 84, 15226444
0.81, 11.72, 11.76, 137.81, 76, 84, 15238272
0.81, 12.04, 11.79, 141.96, 76, 84, 15250092
0.81, 12.04, 11.79, 141.96, 76, 84, 15261920
0.81, 11.72, 11.63, 136.23, 76, 84, 15273740
0.81, 11.72, 11.73, 137.49, 76, 84, 15285568
0.81, 12.04, 11.81, 142.29, 77, 85, 15297384
0.81, 11.72, 11.79, 138.13, 77, 84, 15309208
0.81, 12.04, 11.76, 141.64, 77, 84, 15321040
0.82, 12.04, 11.73, 141.31, 77, 84, 15332856
0.82, 12.04, 11.79, 141.96, 77, 84, 15344684
0.82, 12.04, 11.68, 140.66, 77, 84, 15356508
0.82, 12.04, 11.65, 140.34, 77, 84, 15368336
0.82, 12.04, 11.63, 140.01, 77, 84, 15380152
0.82, 12.04, 11.79, 141.96, 77, 84, 15391984
0.82, 12.04, 11.73, 141.31, 77, 84, 15403800
0.82, 12.04, 11.68, 140.66, 77, 84, 15415632
0.82, 12.04, 11.68, 140.66, 77, 84, 15427452
0.82, 12.37, 11.71, 144.80, 77, 84, 15439276
0.83, 12.04, 11.63, 140.01, 77, 84, 15451104
0.83, 12.04, 11.68, 140.66, 77, 84, 15462924
0.83, 12.37, 11.63, 143.80, 77, 84, 15474756
0.83, 12.37, 11.76, 145.47, 77, 84, 15486568
0.83, 12.37, 11.68, 144.47, 78, 84, 15498404
0.83, 12.04, 11.65, 140.34, 78, 84, 15510220
0.83, 12.04, 11.68, 140.66, 78, 84, 15522052
0.83, 12.37, 11.71, 144.80, 78, 84, 15533872
0.83, 12.37, 11.84, 146.47, 78, 84, 15545696
0.83, 12.37, 11.65, 144.13, 78, 84, 15557524
0.83, 12.37, 11.68, 144.47, 78, 84, 15569348
0.84, 12.37, 11.68, 144.47, 78, 84, 15581180
0.84, 12.37, 11.68, 144.47, 78, 84, 15593004
0.84, 12.37, 11.65, 144.13, 78, 84, 15604832
0.84, 12.70, 11.65, 147.93, 78, 84, 15616648
0.84, 12.37, 11.63, 143.80, 78, 84, 15628480
0.84, 12.70, 11.79, 149.64, 78, 84, 15640300
0.84, 12.37, 11.76, 145.47, 78, 84, 15652132
0.84, 12.70, 11.73, 148.95, 78, 84, 15663952
0.84, 12.37, 11.60, 143.47, 78, 84, 15675780
0.84, 12.70, 11.76, 149.30, 78, 84, 15687612
0.84, 12.70, 11.73, 148.95, 79, 84, 15699428
0.84, 12.37, 11.60, 143.47, 79, 84, 15711264
0.84, 12.70, 11.71, 148.61, 79, 84, 15723080
0.84, 12.70, 11.63, 147.58, 79, 84, 15734908
0.85, 12.70, 11.71, 148.61, 79, 84, 15746724
0.85, 12.70, 11.65, 147.93, 79, 84, 15758556
0.85, 12.70, 11.63, 147.58, 79, 84, 15770376
0.85, 12.70, 11.65, 147.93, 79, 84, 15782204
0.85, 12.70, 11.63, 147.58, 79, 84, 15794028
0.85, 12.70, 11.63, 147.58, 79, 84, 15805852
0.85, 13.02, 11.65, 151.72, 79, 84, 15817684
0.85, 13.02, 11.63, 151.37, 79, 84, 15829504
0.86, 12.70, 11.71, 148.61, 79, 84, 15841336
0.86, 13.02, 11.73, 152.77, 79, 84, 15853156
0.86, 12.70, 11.60, 147.24, 79, 84, 15864984
0.86, 13.02, 11.71, 152.42, 79, 84, 15876804
0.86, 13.02, 11.73, 152.77, 79, 84, 15888640
0.86, 13.02, 11.60, 151.02, 80, 84, 15900456
0.86, 13.02, 11.63, 151.37, 80, 84, 15912284
0.86, 13.02, 11.76, 153.12, 80, 84, 15924108
0.86, 13.02, 11.71, 152.42, 80, 84, 15935932
0.86, 13.02, 11.71, 152.42, 80, 84, 15947764
0.86, 13.02, 11.73, 152.77, 80, 84, 15959588
0.86, 13.02, 11.71, 152.42, 80, 84, 15971420
0.86, 13.35, 11.63, 155.15, 80, 84, 15983236
0.87, 13.35, 11.65, 155.51, 80, 84, 15995072
0.87, 13.35, 11.65, 155.51, 80, 84, 16006888
0.87, 13.35, 11.71, 156.23, 80, 84, 16018724
0.87, 13.35, 11.63, 155.15, 80, 84, 16030540
0.87, 13.35, 11.68, 155.87, 80, 84, 16042368
0.87, 13.35, 11.65, 155.51, 80, 84, 16054196
0.87, 13.35, 11.71, 156.23, 80, 84, 16066040
0.87, 13.35, 11.63, 155.15, 80, 84, 16077852
0.87, 13.35, 11.65, 155.51, 80, 84, 16089672
0.87, 13.35, 11.63, 155.15, 81, 84, 16101504
0.87, 13.35, 11.71, 156.23, 81, 84, 16113324
0.87, 13.35, 11.71, 156.23, 81, 84, 16125156
0.87, 13.35, 11.73, 156.59, 81, 84, 16136976
0.88, 13.35, 11.65, 155.51, 81, 84, 16148804
0.88, 13.35, 11.60, 154.79, 81, 84, 16160624
0.88, 13.67, 11.65, 159.30, 81, 84, 16172452
0.88, 13.35, 11.65, 155.51, 81, 84, 16184296
0.88, 13.35, 11.65, 155.51, 81, 85, 16196096
0.88, 13.67, 11.60, 158.57, 81, 84, 16207928
0.88, 13.67, 11.73, 160.41, 81, 84, 16219748
0.88, 13.67, 11.68, 159.67, 81, 84, 16231576
0.88, 13.67, 11.57, 158.20, 81, 84, 16243392
0.88, 13.67, 11.65, 159.30, 81, 84, 16255224
0.88, 13.67, 11.71, 160.04, 81, 84, 16267044
0.88, 13.35, 11.68, 155.87, 81, 84, 16278868
0.89, 13.67, 11.57, 158.20, 81, 84, 16290692
0.89, 13.67, 11.68, 159.67, 82, 84, 16302516
0.89, 13.67, 11.68, 159.67, 82, 84, 16314348
0.89, 13.67, 11.63, 158.94, 82, 84, 16326188
0.89, 13.67, 11.68, 159.67, 82, 84, 16338000
0.89, 13.67, 11.60, 158.57, 82, 84, 16349820
0.89, 14.00, 11.60, 162.34, 82, 84, 16361652
0.89, 13.67, 11.63, 158.94, 82, 84, 16373472
0.89, 14.00, 11.63, 162.72, 82, 84, 16385304
0.89, 14.00, 11.65, 163.10, 82, 84, 16397124
0.90, 14.00, 11.65, 163.10, 82, 84, 16408948
0.90, 14.00, 11.60, 162.34, 82, 84, 16420776
0.90, 14.00, 11.68, 163.47, 82, 84, 16432600
0.90, 14.00, 11.60, 162.34, 82, 84, 16444444
0.90, 13.67, 11.71, 160.04, 82, 85, 16456248
0.90, 14.00, 11.68, 163.47, 82, 84, 16468084
0.90, 13.67, 11.68, 159.67, 82, 84, 16479900
0.90, 14.00, 11.68, 163.47, 82, 84, 16491732
0.90, 14.00, 11.76, 164.61, 83, 84, 16503548
0.90, 14.00, 11.63, 162.72, 83, 84, 16515380
0.90, 14.00, 11.68, 163.47, 83, 84, 16527196
0.90, 14.00, 11.63, 162.72, 83, 84, 16539024
0.90, 14.32, 11.68, 167.28, 83, 84, 16550856
0.90, 14.32, 11.60, 166.12, 83, 84, 16562672
0.91, 14.00, 11.65, 163.10, 83, 84, 16574504
0.91, 14.32, 11.71, 167.66, 83, 84, 16586340
0.91, 14.32, 11.60, 166.12, 83, 84, 16598152
0.91, 14.00, 11.63, 162.72, 83, 84, 16609968
0.91, 14.32, 11.65, 166.89, 83, 84, 16621800
0.91, 14.32, 11.73, 168.05, 83, 84, 16633620
0.91, 14.32, 11.57, 165.73, 83, 84, 16645444
0.91, 14.32, 11.68, 167.28, 83, 84, 16657264
0.91, 14.32, 11.73, 168.05, 83, 84, 16669088
0.91, 14.00, 11.65, 163.10, 83, 84, 16680920
0.91, 14.32, 11.60, 166.12, 83, 84, 16692736
0.91, 14.32, 11.60, 166.12, 84, 84, 16704584
0.92, 14.32, 11.60, 166.12, 84, 85, 16716384
0.92, 14.32, 11.54, 165.35, 84, 84, 16728216
0.92, 14.32, 11.63, 166.50, 84, 84, 16740032
0.92, 14.65, 11.65, 170.68, 84, 84, 16751864
0.92, 14.65, 11.57, 169.50, 84, 84, 16763684
0.92, 14.32, 11.65, 166.89, 84, 84, 16775512
0.92, 14.65, 11.60, 169.89, 84, 84, 16787336
0.92, 14.65, 11.57, 169.50, 84, 84, 16799156
0.93, 14.65, 11.57, 169.50, 84, 84, 16810984
0.93, 14.65, 11.60, 169.89, 84, 84, 16822804
0.93, 14.65, 11.60, 169.89, 84, 84, 16834636
0.93, 14.65, 11.60, 169.89, 84, 84, 16846472
0.93, 14.65, 11.57, 169.50, 84, 85, 16858284
0.93, 14.97, 11.60, 173.67, 84, 84, 16870100
0.93, 14.65, 11.63, 170.29, 84, 84, 16881932
0.93, 14.65, 11.54, 169.10, 84, 84, 16893748
0.93, 14.65, 11.54, 169.10, 85, 84, 16905568
0.93, 14.65, 11.60, 169.89, 85, 85, 16917396
0.93, 14.97, 11.52, 172.46, 85, 84, 16929224
0.93, 14.97, 11.57, 173.26, 85, 84, 16941056
0.93, 14.65, 11.63, 170.29, 85, 84, 16952876
0.93, 14.65, 11.60, 169.89, 85, 84, 16964720
0.94, 14.97, 11.65, 174.48, 85, 84, 16976524
0.94, 14.97, 11.68, 174.88, 85, 84, 16988352
0.94, 14.97, 11.54, 172.86, 85, 84, 17000168
0.94, 14.97, 11.63, 174.07, 85, 84, 17012000
0.94, 14.97, 11.63, 174.07, 85, 84, 17023816
0.94, 14.97, 11.63, 174.07, 85, 84, 17035644
0.94, 14.97, 11.63, 174.07, 85, 84, 17047464
0.94, 14.97, 11.57, 173.26, 85, 84, 17059292
0.94, 14.97, 11.52, 172.46, 85, 84, 17071120
0.94, 14.97, 11.68, 174.88, 85, 84, 17082936
0.94, 14.97, 11.54, 172.86, 85, 84, 17094764
0.94, 14.97, 11.49, 172.05, 86, 84, 17106604
0.94, 15.30, 11.57, 177.03, 86, 85, 17118416
0.94, 14.97, 11.65, 174.48, 86, 84, 17130232
0.95, 15.30, 11.46, 175.38, 86, 84, 17142064
0.95, 15.30, 11.54, 176.62, 86, 84, 17153880
0.95, 15.30, 11.54, 176.62, 86, 84, 17165704
0.95, 14.97, 11.54, 172.86, 86, 84, 17177536
0.95, 15.63, 11.57, 180.80, 86, 84, 17189352
0.95, 15.30, 11.52, 176.21, 86, 84, 17201184
0.95, 15.30, 11.52, 176.21, 86, 84, 17213004
0.95, 15.30, 11.57, 177.03, 86, 84, 17224836
0.95, 15.30, 11.57, 177.03, 86, 84, 17236652
0.96, 15.30, 11.54, 176.62, 86, 84, 17248484
0.96, 15.30, 11.65, 178.27, 86, 84, 17260300
0.96, 15.63, 11.60, 181.22, 86, 84, 17272128
0.96, 15.30, 11.57, 177.03, 86, 84, 17283944
0.96, 15.30, 11.60, 177.44, 86, 84, 17295772
0.96, 15.63, 11.63, 181.64, 87, 84, 17307600
0.96, 15.30, 11.57, 177.03, 87, 84, 17319420
0.96, 15.63, 11.63, 181.64, 87, 84, 17331248
0.96, 15.63, 11.54, 180.38, 87, 84, 17343068
0.96, 15.63, 11.52, 179.96, 87, 84, 17354896
0.96, 15.63, 11.54, 180.38, 87, 84, 17366724
0.96, 15.63, 11.49, 179.53, 87, 84, 17378544
0.96, 15.95, 11.52, 183.70, 87, 84, 17390368
0.97, 15.63, 11.63, 181.64, 87, 84, 17402192
0.97, 15.63, 11.54, 180.38, 87, 84, 17414020
0.97, 15.63, 11.57, 180.80, 87, 84, 17425844
0.97, 15.63, 11.49, 179.53, 87, 84, 17437676
0.97, 15.63, 11.60, 181.22, 87, 84, 17449492
0.97, 15.63, 11.57, 180.80, 87, 84, 17461328
0.97, 15.63, 11.46, 179.11, 87, 84, 17473148
0.97, 15.95, 11.54, 184.13, 87, 84, 17484976
0.97, 15.63, 11.49, 179.53, 87, 84, 17496800
0.97, 15.63, 11.52, 179.96, 88, 84, 17508632
0.97, 15.63, 11.60, 181.22, 88, 84, 17520452
0.97, 15.95, 11.52, 183.70, 88, 84, 17532276
0.97, 15.95, 11.52, 183.70, 88, 84, 17544100
0.97, 15.95, 11.60, 184.99, 88, 84, 17555928
0.98, 15.95, 11.54, 184.13, 88, 84, 17567756
0.98, 15.95, 11.52, 183.70, 88, 84, 17579572
0.98, 15.95, 11.52, 183.70, 88, 84, 17591400
0.98, 15.95, 11.60, 184.99, 88, 84, 17603220
0.98, 15.95, 11.60, 184.99, 88, 84, 17615048
0.98, 15.95, 11.54, 184.13, 88, 84, 17626864
0.98, 16.28, 11.54, 187.89, 88, 84, 17638692
0.98, 16.28, 11.57, 188.33, 88, 84, 17650508
0.98, 16.28, 11.52, 187.45, 88, 84, 17662336
0.98, 15.95, 11.54, 184.13, 88, 84, 17674156
0.98, 15.95, 11.57, 184.56, 88, 84, 17685984
0.98, 15.95, 11.54, 184.13, 88, 84, 17697816
0.99, 15.95, 11.49, 183.27, 89, 84, 17709636
0.98, 16.28, 11.63, 189.21, 89, 84, 17721464
0.99, 16.28, 11.46, 186.58, 89, 84, 17733284
0.99, 16.28, 11.60, 188.77, 89, 84, 17745116
0.99, 16.28, 11.46, 186.58, 89, 84, 17756936
0.99, 16.28, 11.46, 186.58, 89, 84, 17768772
0.99, 16.28, 11.60, 188.77, 89, 84, 17780592
0.99, 16.28, 11.57, 188.33, 89, 84, 17792416
0.99, 16.60, 11.49, 190.75, 89, 84, 17804248
0.99, 16.28, 11.46, 186.58, 89, 84, 17816068
1.00, 16.28, 11.46, 186.58, 89, 84, 17827900
1.00, 16.28, 11.52, 187.45, 89, 84, 17839720
1.00, 16.28, 11.49, 187.01, 89, 84, 17851552
1.00, 16.28, 11.54, 187.89, 89, 84, 17863368
1.00, 16.60, 11.46, 190.31, 89, 84, 17875204
1.00, 16.60, 11.52, 191.20, 89, 84, 17887020
1.00, 16.60, 11.46, 190.31, 89, 84, 17898848
1.00, 16.28, 11.46, 186.58, 90, 84, 17910672
1.00, 16.60, 11.52, 191.20, 90, 84, 17922492
1.00, 16.93, 11.60, 196.32, 90, 84, 17934324
1.00, 16.60, 11.52, 191.20, 90, 84, 17946144
1.01, 16.60, 11.54, 191.65, 90, 84, 17957976
1.01, 16.93, 11.52, 194.95, 90, 84, 17969788
1.01, 16.60, 11.46, 190.31, 90, 84, 17981620
1.01, 16.93, 11.57, 195.86, 90, 84, 17993440
1.01, 16.60, 11.44, 189.86, 90, 84, 18005268
1.01, 17.25, 11.52, 198.70, 90, 84, 18017092
1.01, 16.60, 11.46, 190.31, 90, 84, 18028916
1.01, 16.93, 11.57, 195.86, 90, 84, 18040744
1.01, 16.93, 11.65, 197.23, 90, 84, 18052572
1.01, 16.60, 11.44, 189.86, 90, 84, 18064400
1.01, 16.93, 11.46, 194.04, 90, 84, 18076220
1.01, 16.93, 11.54, 195.41, 90, 84, 18088048
1.01, 16.60, 11.52, 191.20, 90, 84, 18099872
1.01, 16.93, 11.46, 194.04, 91, 84, 18111700
1.01, 16.93, 11.52, 194.95, 91, 84, 18123520
1.01, 16.93, 11.49, 194.49, 91, 84, 18135356
1.02, 17.25, 11.52, 198.70, 91, 84, 18147172
1.02, 17.25, 11.52, 198.70, 91, 84, 18159000
1.02, 17.25, 11.49, 198.23, 91, 84, 18170832
1.02, 17.25, 11.49, 198.23, 91, 84, 18182652
1.02, 16.93, 11.44, 193.58, 91, 84, 18194484
1.02, 17.25, 11.54, 199.17, 91, 84, 18206304
1.02, 17.25, 11.46, 197.77, 91, 84, 18218136
1.02, 17.25, 11.44, 197.30, 91, 84, 18229952
1.02, 17.25, 11.52, 198.70, 91, 84, 18241784
1.02, 17.25, 11.57, 199.63, 91, 84, 18253604
1.03, 16.93, 11.44, 193.58, 91, 84, 18265432
1.03, 17.58, 11.52, 202.45, 91, 85, 18277260
1.03, 17.25, 11.54, 199.17, 91, 84, 18289084
1.03, 17.25, 11.52, 198.70, 91, 84, 18300916
1.03, 17.25, 11.49, 198.23, 92, 84, 18312736
1.03, 17.58, 11.49, 201.98, 92, 84, 18324564
1.03, 17.25, 11.38, 196.37, 92, 84, 18336384
1.03, 17.58, 11.54, 202.92, 92, 84, 18348212
1.03, 17.58, 11.52, 202.45, 92, 84, 18360032
1.03, 17.58, 11.52, 202.45, 92, 84, 18371864
1.03, 17.58, 11.44, 201.03, 92, 84, 18383684
1.04, 17.58, 11.41, 200.55, 92, 84, 18395508
1.04, 17.58, 11.44, 201.03, 92, 84, 18407332
1.04, 17.58, 11.38, 200.08, 92, 84, 18419160
1.04, 17.58, 11.41, 200.55, 92, 84, 18430992
1.04, 17.58, 11.41, 200.55, 92, 85, 18442808
1.04, 17.90, 11.52, 206.20, 92, 84, 18454640
1.04, 17.90, 11.57, 207.16, 92, 84, 18466464
1.04, 17.90, 11.46, 205.23, 92, 84, 18478292
1.04, 17.90, 11.54, 206.68, 92, 84, 18490112
1.04, 17.58, 11.41, 200.55, 92, 84, 18501948
1.04, 17.58, 11.41, 200.55, 93, 84, 18513764
1.04, 17.58, 11.60, 203.87, 93, 84, 18525588
1.04, 18.23, 11.44, 208.47, 93, 84, 18537416
1.04, 17.90, 11.46, 205.23, 93, 84, 18549232
1.04, 18.23, 11.54, 210.44, 93, 84, 18561068
1.05, 17.90, 11.41, 204.27, 93, 84, 18572884
1.05, 18.23, 11.52, 209.95, 93, 84, 18584732
1.05, 17.90, 11.44, 204.75, 93, 84, 18596536
1.05, 18.23, 11.52, 209.95, 93, 84, 18608372
1.05, 17.90, 11.46, 205.23, 93, 84, 18620192
1.05, 18.23, 11.41, 207.98, 93, 84, 18632016
1.05, 18.23, 11.46, 208.96, 93, 84, 18643840
1.05, 17.90, 11.38, 203.78, 93, 84, 18655668
1.05, 17.90, 11.41, 204.27, 93, 84, 18667500
1.05, 18.23, 11.52, 209.95, 93, 84, 18679316
1.05, 18.23, 11.63, 211.91, 93, 84, 18691144
1.05, 18.23, 11.54, 210.44, 93, 84, 18702960
1.05, 17.90, 11.38, 203.78, 94, 84, 18714788
1.05, 17.90, 11.38, 203.78, 94, 84, 18726612
1.05, 18.23, 11.41, 207.98, 94, 84, 18738436
1.05, 18.55, 11.41, 211.69, 94, 84, 18750256
1.06, 18.23, 11.38, 207.49, 94, 84, 18762080
1.06, 18.23, 11.36, 207.00, 94, 84, 18773904
1.06, 18.55, 11.54, 214.20, 94, 84, 18785728
1.06, 18.55, 11.46, 212.70, 94, 84, 18797556
1.06, 18.55, 11.36, 210.69, 94, 84, 18809376
1.07, 18.88, 11.38, 214.90, 94, 84, 18821208
1.07, 18.55, 11.54, 214.20, 94, 84, 18833024
1.07, 18.55, 11.38, 211.19, 94, 84, 18844868
1.07, 18.88, 11.44, 215.92, 94, 85, 18856668
1.07, 18.88, 11.54, 217.95, 94, 84, 18868500
1.07, 18.55, 11.38, 211.19, 94, 84, 18880320
1.07, 18.55, 11.38, 211.19, 94, 84, 18892144
1.07, 18.88, 11.46, 216.43, 94, 84, 18903964
1.08, 18.88, 11.46, 216.43, 95, 84, 18915792
1.08, 18.88, 11.57, 218.46, 95, 84, 18927616
1.08, 18.55, 11.36, 210.69, 95, 84, 18939436
1.08, 18.55, 11.41, 211.69, 95, 84, 18951268
1.08, 18.55, 11.38, 211.19, 95, 84, 18963084
1.08, 18.55, 11.36, 210.69, 95, 84, 18974912
1.08, 18.55, 11.38, 211.19, 95, 84, 18986752
1.08, 18.88, 11.38, 214.90, 95, 84, 18998560
1.08, 18.88, 11.46, 216.43, 95, 84, 19010376
1.08, 18.88, 11.41, 215.41, 95, 84, 19022204
1.08, 18.88, 11.49, 216.94, 95, 84, 19034024
1.08, 18.88, 11.44, 215.92, 95, 84, 19045852
1.08, 18.88, 11.49, 216.94, 95, 84, 19057680
1.08, 18.88, 11.46, 216.43, 95, 84, 19069496
1.08, 18.88, 11.52, 217.45, 95, 84, 19081328
1.08, 18.88, 11.44, 215.92, 95, 84, 19093148
1.08, 18.88, 11.46, 216.43, 95, 84, 19104992
1.08, 18.88, 11.49, 216.94, 96, 85, 19116796
1.08, 18.88, 11.52, 217.45, 96, 84, 19128628
1.08, 18.88, 11.46, 216.43, 96, 84, 19140448
1.08, 18.88, 11.57, 218.46, 96, 84, 19152272
1.08, 18.88, 11.49, 216.94, 96, 84, 19164108
1.08, 18.88, 11.57, 218.46, 96, 84, 19175920
1.08, 18.88, 11.46, 216.43, 96, 84, 19187756
1.08, 18.55, 11.46, 212.70, 96, 84, 19199572
1.08, 18.88, 11.49, 216.94, 96, 84, 19211404
1.08, 18.88, 11.54, 217.95, 96, 84, 19223220
1.08, 18.88, 11.38, 214.90, 96, 84, 19235052
1.08, 18.88, 11.57, 218.46, 96, 84, 19246892
1.08, 18.88, 11.49, 216.94, 96, 84, 19258700
1.08, 18.55, 11.49, 213.20, 96, 84, 19270520
1.08, 18.55, 11.38, 211.19, 96, 84, 19282348
1.08, 18.55, 11.44, 212.20, 96, 84, 19294180
1.08, 18.55, 11.38, 211.19, 96, 84, 19306004
1.08, 18.55, 11.36, 210.69, 97, 84, 19317832
1.08, 18.55, 11.38, 211.19, 97, 84, 19329656
1.08, 18.55, 11.36, 210.69, 97, 84, 19341484
1.08, 18.55, 11.41, 211.69, 97, 84, 19353308
1.08, 18.55, 11.36, 210.69, 97, 84, 19365152
1.08, 18.55, 11.44, 212.20, 97, 85, 19376956
1.08, 18.88, 11.41, 215.41, 97, 84, 19388780
1.08, 18.88, 11.46, 216.43, 97, 84, 19400608
1.08, 18.88, 11.44, 215.92, 97, 84, 19412432
1.08, 18.88, 11.49, 216.94, 97, 84, 19424264
1.08, 18.88, 11.46, 216.43, 97, 84, 19436080
1.08, 18.88, 11.57, 218.46, 97, 84, 19447908
1.08, 18.88, 11.46, 216.43, 97, 84, 19459728
1.08, 18.55, 11.36, 210.69, 97, 84, 19471556
1.08, 18.55, 11.41, 211.69, 97, 84, 19483372
1.07, 18.55, 11.38, 211.19, 97, 84, 19495204
1.08, 18.55, 11.41, 211.69, 97, 84, 19507040
1.08, 18.88, 11.46, 216.43, 98, 84, 19518844
1.08, 18.88, 11.57, 218.46, 98, 84, 19530668
1.07, 18.88, 11.46, 216.43, 98, 84, 19542492
1.08, 18.55, 11.33, 210.19, 98, 84, 19554324
1.07, 18.55, 11.41, 211.69, 98, 84, 19566140
1.07, 18.55, 11.38, 211.19, 98, 84, 19577972
1.07, 18.88, 11.46, 216.43, 98, 84, 19589788
1.07, 18.88, 11.44, 215.92, 98, 84, 19601620
1.07, 18.88, 11.57, 218.46, 98, 84, 19613436
1.08, 18.88, 11.46, 216.43, 98, 84, 19625272
1.07, 18.55, 11.38, 211.19, 98, 85, 19637084
1.07, 18.55, 11.46, 212.70, 98, 84, 19648908
1.07, 18.55, 11.41, 211.69, 98, 84, 19660740
1.07, 18.88, 11.54, 217.95, 98, 84, 19672560
1.07, 18.88, 11.49, 216.94, 98, 84, 19684392
1.07, 18.55, 11.36, 210.69, 98, 84, 19696216
1.07, 18.55, 11.41, 211.69, 98, 84, 19708040
1.07, 18.88, 11.41, 215.41, 99, 84, 19719860
1.07, 18.88, 11.54, 217.95, 99, 84, 19731692
1.07, 18.88, 11.44, 215.92, 99, 84, 19743508
1.07, 18.55, 11.36, 210.69, 99, 84, 19755340
1.07, 18.55, 11.38, 211.19, 99, 84, 19767180
1.07, 18.88, 11.44, 215.92, 99, 84, 19778984
1.07, 18.88, 11.57, 218.46, 99, 84, 19790816
1.07, 18.55, 11.38, 211.19, 99, 84, 19802636
1.07, 18.55, 11.36, 210.69, 99, 84, 19814468
1.07, 18.55, 11.44, 212.20, 99, 84, 19826288
1.07, 18.88, 11.44, 215.92, 99, 85, 19838116
1.07, 18.55, 11.44, 212.20, 99, 84, 19849940
1.07, 18.55, 11.38, 211.19, 99, 84, 19861768
1.07, 18.88, 11.41, 215.41, 99, 84, 19873592
1.07, 18.88, 11.57, 218.46, 99, 84, 19885416
1.07, 18.55, 11.38, 211.19, 99, 84, 19897244
1.07, 18.55, 11.38, 211.19, 99, 84, 19909068
1.07, 18.88, 11.46, 216.43, 100, 84, 19920900
1.07, 18.55, 11.49, 213.20, 100, 84, 19932720
1.07, 18.55, 11.36, 210.69, 100, 84, 19944552
1.07, 18.55, 11.44, 212.20, 100, 84, 19956368
1.07, 18.88, 11.44, 215.92, 100, 84, 19968200
1.07, 18.55, 11.46, 212.70, 100, 84, 19980020
1.07, 18.55, 11.41, 211.69, 100, 84, 19991852
1.07, 18.88, 11.44, 215.92, 100, 84, 20003676
1.07, 18.55, 11.57, 214.70, 100, 84, 20015496
1.07, 18.55, 11.36, 210.69, 100, 84, 20027352
1.07, 18.88, 11.41, 215.41, 100, 85, 20039152
1.07, 18.88, 11.54, 217.95, 100, 84, 20050984
1.07, 18.55, 11.38, 211.19, 100, 84, 20062804
1.07, 18.55, 11.41, 211.69, 100, 84, 20074632
1.07, 18.55, 11.57, 214.70, 100, 84, 20086448
1.07, 18.55, 11.38, 211.19, 100, 84, 20098280
1.07, 18.88, 11.41, 215.41, 100, 84, 20110096
1.07, 18.55, 11.57, 214.70, 100, 84, 20121928
1.07, 18.55, 11.44, 212.20, 100, 84, 20133748
1.07, 18.88, 11.49, 216.94, 100, 84, 20145572
1.07, 18.55, 11.36, 210.69, 100, 84, 20157400
1.07, 18.55, 11.44, 212.20, 100, 84, 20169220
1.07, 18.88, 11.46, 216.43, 100, 84, 20181048
1.07, 18.55, 11.36, 210.69, 100, 84, 20192864
1.07, 18.55, 11.46, 212.70, 100, 84, 20204696
1.07, 18.55, 11.46, 212.70, 100, 84, 20216516
1.07, 18.55, 11.38, 211.19, 100, 84, 20228348
1.07, 18.55, 11.57, 214.70, 100, 84, 20240164
1.07, 18.55, 11.41, 211.69, 100, 84, 20251984
1.07, 18.88, 11.44, 215.92, 100, 84, 20263808
1.07, 18.55, 11.44, 212.20, 100, 84, 20275632
1.07, 18.55, 11.44, 212.20, 100, 84, 20287464
1.07, 18.55, 11.49, 213.20, 100, 84, 20299280
1.07, 18.55, 11.38, 211.19, 100, 84, 20311108
1.07, 18.55, 11.54, 214.20, 100, 84, 20322928
1.07, 18.55, 11.38, 211.19, 100, 84, 20334760
1.07, 18.55, 11.41, 211.69, 100, 84, 20346580
1.07, 18.55, 11.46, 212.70, 100, 84, 20358412
1.07, 18.55, 11.44, 212.20, 100, 84, 20370232
1.07, 18.88, 11.49, 216.94, 100, 84, 20382056
1.07, 18.55, 11.38, 211.19, 100, 84, 20393884
1.07, 18.55, 11.54, 214.20, 100, 84, 20405712
1.07, 18.55, 11.38, 211.19, 100, 84, 20417540
1.07, 18.55, 11.41, 211.69, 100, 84, 20429360
1.07, 18.55, 11.46, 212.70, 100, 84, 20441196
1.07, 18.55, 11.46, 212.70, 100, 84, 20453012
1.07, 18.55, 11.46, 212.70, 100, 84, 20464844
1.07, 18.55, 11.38, 211.19, 100, 84, 20476664
1.07, 18.55, 11.57, 214.70, 100, 84, 20488496
1.07, 18.23, 11.44, 208.47, 100, 84, 20500316
1.07, 18.88, 11.44, 215.92, 100, 84, 20512140
1.07, 18.55, 11.36, 210.69, 100, 84, 20523972
1.07, 18.55, 11.52, 213.70, 100, 84, 20535792
1.07, 18.55, 11.38, 211.19, 100, 84, 20547624
1.07, 18.88, 11.46, 216.43, 100, 84, 20559444
1.07, 18.55, 11.36, 210.69, 100, 84, 20571276
1.07, 18.55, 11.49, 213.20, 100, 84, 20583096
1.07, 18.55, 11.38, 211.19, 100, 84, 20594928
1.07, 18.55, 11.38, 211.19, 100, 84, 20606748
1.07, 18.55, 11.36, 210.69, 100, 84, 20618572
1.07, 18.55, 11.49, 213.20, 100, 84, 20630400
1.07, 18.55, 11.38, 211.19, 100, 84, 20642224
1.07, 18.88, 11.46, 216.43, 100, 84, 20654052
1.07, 18.55, 11.38, 211.19, 100, 84, 20665872
1.07, 18.55, 11.52, 213.70, 100, 84, 20677704
1.07, 18.55, 11.41, 211.69, 100, 84, 20689516
1.07, 18.88, 11.44, 215.92, 100, 84, 20701348
1.07, 18.55, 11.38, 211.19, 100, 84, 20713168
1.07, 18.23, 11.46, 208.96, 100, 84, 20724996
1.07, 18.55, 11.49, 213.20, 100, 84, 20736812
1.06, 18.55, 11.38, 211.19, 100, 84, 20748636
1.06, 18.55, 11.44, 212.20, 100, 84, 20760464
1.06, 18.55, 11.36, 210.69, 100, 84, 20772288
1.06, 18.55, 11.54, 214.20, 100, 84, 20784124
1.07, 18.55, 11.41, 211.69, 100, 84, 20795940
1.06, 18.55, 11.46, 212.70, 100, 84, 20807772
1.07, 18.55, 11.38, 211.19, 100, 84, 20819592
1.06, 18.55, 11.44, 212.20, 100, 84, 20831424
1.06, 18.55, 11.52, 213.70, 100, 84, 20843244
1.06, 18.55, 11.38, 211.19, 100, 84, 20855076
1.06, 18.88, 11.49, 216.94, 100, 84, 20866892
1.06, 18.23, 11.38, 207.49, 100, 84, 20878724
1.06, 18.55, 11.44, 212.20, 100, 84, 20890556
1.06, 18.55, 11.46, 212.70, 100, 84, 20902372
1.06, 18.23, 11.38, 207.49, 100, 84, 20914204
STOP
1.06, 18.88, 11.95, 225.59, 0, 84, 20926044
1.06, 16.93, 12.14, 205.45, 0, 84, 20937856
1.05, 15.30, 12.14, 185.70, 0, 84, 20949680
1.00, 13.67, 12.16, 166.31, 0, 84, 20961508
0.95, 12.37, 12.16, 150.47, 0, 84, 20973328
0.89, 11.39, 12.16, 138.59, 0, 84, 20985176
0.85, 10.09, 12.16, 122.75, 0, 85, 20996976
0.80, 9.11, 12.16, 110.87, 0, 84, 21008804
0.76, 8.46, 12.16, 102.95, 0, 84, 21020636
0.72, 7.49, 12.16, 91.08, 0, 84, 21032452
0.68, 6.84, 12.16, 83.16, 0, 84, 21044284
0.65, 6.18, 12.16, 75.24, 0, 84, 21056100
0.62, 5.53, 12.16, 67.32, 0, 84, 21067932
0.59, 5.21, 12.16, 63.36, 0, 84, 21079748
0.57, 4.56, 12.16, 55.44, 0, 84, 21091580
0.55, 4.23, 12.16, 51.48, 0, 84, 21103400
0.52, 3.91, 12.16, 47.52, 0, 84, 21115224
0.50, 3.58, 12.16, 43.56, 0, 84, 21127052
0.48, 3.26, 12.16, 39.60, 0, 84, 21138876
0.46, 2.93, 12.16, 35.64, 0, 84, 21150712
0.44, 2.60, 12.16, 31.68, 0, 84, 21162532
0.43, 2.28, 12.16, 27.72, 0, 84, 21174360
0.41, 2.28, 12.16, 27.72, 0, 84, 21186204
0.39, 1.95, 12.16, 23.76, 0, 85, 21198012
0.38, 1.95, 12.16, 23.76, 0, 84, 21209832
0.37, 1.63, 12.16, 19.80, 0, 84, 21221664
0.35, 1.63, 12.16, 19.80, 0, 84, 21233484
0.34, 1.30, 12.16, 15.84, 0, 84, 21245324
0.33, 1.30, 12.16, 15.84, 0, 84, 21257140
0.32, 1.30, 12.16, 15.84, 0, 84, 21268964
0.31, 0.98, 12.16, 11.88, 0, 84, 21280796
0.30, 0.98, 12.16, 11.88, 0, 84, 21292612
0.29, 0.98, 12.16, 11.88, 0, 84, 21304444
0.28, 0.98, 12.16, 11.88, 0, 84, 21316264
0.27, 0.65, 12.16, 7.92, 0, 84, 21328096
0.26, 0.65, 12.16, 7.92, 0, 84, 21339912
0.26, 0.65, 12.16, 7.92, 0, 84, 21351740
0.25, 0.65, 12.16, 7.92, 0, 84, 21363560
0.24, 0.65, 12.16, 7.92, 0, 84, 21375384
0.23, 0.65, 12.16, 7.92, 0, 84, 21387216
0.23, 0.65, 12.16, 7.92, 0, 84, 21399036
0.22, 0.33, 12.16, 3.96, 0, 84, 21410868
0.21, 0.33, 12.16, 3.96, 0, 84, 21422688
0.21, 0.33, 12.16, 3.96, 0, 84, 21434512
0.20, 0.33, 12.16, 3.96, 0, 84, 21446352
0.20, 0.33, 12.16, 3.96, 0, 85, 21458160
0.19, 0.33, 12.16, 3.96, 0, 84, 21469980
0.19, 0.33, 12.16, 3.96, 0, 84, 21481808
0.18, 0.33, 12.16, 3.96, 0, 84, 21493632
0.17, 0.33, 12.16, 3.96, 0, 84, 21505468
0.17, 0.33, 12.16, 3.96, 0, 85, 21517284
0.17, 0.33, 12.19, 3.97, 0, 84, 21529104
0.16, 0.33, 12.16, 3.96, 0, 84, 21540936
0.16, 0.33, 12.16, 3.96, 0, 84, 21552756
0.15, 0.33, 12.16, 3.96, 0, 84, 21564588
0.15, 0.33, 12.19, 3.97, 0, 85, 21576408
0.15, 0.33, 12.16, 3.96, 0, 84, 21588240
0.14, 0.33, 12.19, 3.97, 0, 84, 21600060
0.14, 0.33, 12.19, 3.97, 0, 84, 21611884
0.14, 0.33, 12.19, 3.97, 0, 84, 21623708
0.13, 0.33, 12.16, 3.96, 0, 84, 21635536
0.13, -0.00, 12.19, -0.00, 0, 84, 21647368
0.12, 0.33, 12.19, 3.97, 0, 84, 21659184
0.12, 0.33, 12.16, 3.96, 0, 84, 21671020
0.12, 0.33, 12.19, 3.97, 0, 84, 21682836
0.12, -0.00, 12.19, -0.00, 0, 84, 21694672
0.11, 0.33, 12.16, 3.96, 0, 84, 21706508
0.11, 0.33, 12.16, 3.96, 0, 84, 21718320
0.11, 0.33, 12.19, 3.97, 0, 84, 21730140
0.11, -0.00, 12.19, -0.00, 0, 84, 21741964
0.10, 0.33, 12.19, 3.97, 0, 84, 21753800
0.10, -0.00, 12.19, -0.00, 0, 84, 21765632
0.10, -0.00, 12.19, -0.00, 0, 84, 21777452
0.10, -0.00, 12.19, -0.00, 0, 84, 21789272
0.10, -0.00, 12.19, -0.00, 0, 84, 21801100
0.09, -0.00, 12.19, -0.00, 0, 84, 21812920
0.09, 0.33, 12.19, 3.97, 0, 84, 21824748
0.09, 0.33, 12.19, 3.97, 0, 84, 21836572
0.09, -0.00, 12.19, -0.00, 0, 84, 21848396
0.09, -0.00, 12.19, -0.00, 0, 84, 21860220
0.08, 0.33, 12.19, 3.97, 0, 84, 21872048
0.08, -0.00, 12.19, -0.00, 0, 84, 21883876
0.08, -0.00, 12.19, -0.00, 0, 84, 21895700
0.08, 0.33, 12.19, 3.97, 0, 84, 21907532
0.08, 0.33, 12.19, 3.97, 0, 84, 21919352
0.07, -0.00, 12.19, -0.00, 0, 84, 21931180
0.07, -0.00, 12.19, -0.00, 0, 84, 21943000
0.07, 0.33, 12.19, 3.97, 0, 84, 21954832
0.07, -0.00, 12.19, -0.00, 0, 84, 21966648
0.07, -0.00, 12.19, -0.00, 0, 84, 21978472
0.07, -0.00, 12.19, -0.00, 0, 84, 21990292
0.06, -0.00, 12.19, -0.00, 0, 84, 22002120
0.07, -0.00, 12.19, -0.00, 0, 84, 22013948
0.06, -0.00, 12.19, -0.00, 0, 84, 22025768
0.06, -0.00, 12.19, -0.00, 0, 84, 22037600
0.06, -0.00, 12.19, -0.00, 0, 84, 22049420
0.06, -0.00, 12.19, -0.00, 0, 84, 22061252
0.06, -0.00, 12.19, -0.00, 0, 84, 22073072
0.06, -0.00, 12.19, -0.00, 0, 84, 22084900
0.06, -0.00, 12.19, -0.00, 0, 84, 22096724
0.05, -0.00, 12.19, -0.00, 0, 84, 22108548
0.05, -0.00, 12.19, -0.00, 0, 84, 22120368
0.05, -0.00, 12.19, -0.00, 0, 84, 22132196
0.05, -0.00, 12.19, -0.00, 0, 84, 22144024
0.05, -0.00, 12.19, -0.00, 0, 84, 22155844
0.05, 0.33, 12.19, 3.97, 0, 84, 22167672
0.05, -0.00, 12.19, -0.00, 0, 84, 22179488
0.05, 0.33, 12.19, 3.97, 0, 84, 22191320
0.05, -0.00, 12.19, -0.00, 0, 84, 22203136
0.05, -0.00, 12.19, -0.00, 0, 84, 22214968
0.05, -0.00, 12.19, -0.00, 0, 84, 22226784
0.04, -0.00, 12.19, -0.00, 0, 84, 22238608
0.04, -0.00, 12.19, -0.00, 0, 84, 22250444
0.04, -0.00, 12.19, -0.00, 0, 84, 22262260
0.04, -0.00, 12.19, -0.00, 0, 84, 22274096
0.04, -0.00, 12.19, -0.00, 0, 84, 22285912
0.04, -0.00, 12.19, -0.00, 0, 85, 22297740
0.04, -0.00, 12.19, -0.00, 0, 84, 22309560
0.04, -0.00, 12.19, -0.00, 0, 84, 22321392
0.04, -0.00, 12.19, -0.00, 0, 84, 22333208
0.04, -0.00, 12.19, -0.00, 0, 84, 22345036
0.04, -0.00, 12.19, -0.00, 0, 85, 22356856
0.04, -0.00, 12.19, -0.00, 0, 84, 22368680
0.04, -0.00, 12.19, -0.00, 0, 84, 22380508
0.04, -0.00, 12.19, -0.00, 0, 84, 22392332
0.04, 0.33, 12.19, 3.97, 0, 84, 22404160
0.03, -0.00, 12.19, -0.00, 0, 84, 22415980
0.03, -0.00, 12.19, -0.00, 0, 84, 22427812
0.03, 0.33, 12.19, 3.97, 0, 84, 22439632
0.03, -0.00, 12.19, -0.00, 0, 84, 22451464
0.03, -0.00, 12.19, -0.00, 0, 84, 22463288
0.03, -0.00, 12.19, -0.00, 0, 84, 22475108
0.03, -0.00, 12.19, -0.00, 0, 84, 22486936
0.03, -0.00, 12.19, -0.00, 0, 84, 22498760
0.03, -0.00, 12.19, -0.00, 0, 84, 22510588
0.03, -0.00, 12.19, -0.00, 0, 84, 22522408
0.03, -0.00, 12.19, -0.00, 0, 84, 22534236
0.03, -0.00, 12.19, -0.00, 0, 84, 22546052
0.03, 0.33, 12.19, 3.97, 0, 84, 22557884
0.03, -0.00, 12.19, -0.00, 0, 84, 22569700
0.03, -0.00, 12.19, -0.00, 0, 84, 22581532
0.03, -0.00, 12.19, -0.00, 0, 84, 22593348
0.03, -0.00, 12.19, -0.00, 0, 84, 22605172
0.03, -0.00, 12.19, -0.00, 0, 84, 22616996
0.03, -0.00, 12.19, -0.00, 0, 84, 22628820
0.03, -0.00, 12.19, -0.00, 0, 84, 22640652
0.03, -0.00, 12.19, -0.00, 0, 84, 22652472
0.02, -0.00, 12.19, -0.00, 0, 84, 22664300
0.02, -0.00, 12.19, -0.00, 0, 84, 22676120
0.02, 0.33, 12.19, 3.97, 0, 84, 22687948
0.02, -0.00, 12.19, -0.00, 0, 84, 22699768
0.02, -0.00, 12.19, -0.00, 0, 84, 22711600
0.02, -0.00, 12.19, -0.00, 0, 84, 22723416
0.02, -0.00, 12.19, -0.00, 0, 84, 22735240
0.02, -0.00, 12.19, -0.00, 0, 84, 22747072
0.02, -0.00, 12.19, -0.00, 0, 84, 22758896
0.02, -0.00, 12.19, -0.00, 0, 84, 22770728
0.02, -0.00, 12.19, -0.00, 0, 84, 22782544
0.02, -0.00, 12.19, -0.00, 0, 84, 22794376
0.02, -0.00, 12.19, -0.00, 0, 84, 22806192
0.02, -0.00, 12.19, -0.00, 0, 84, 22818028
0.02, -0.00, 12.19, -0.00, 0, 84, 22829848
0.02, -0.00, 12.19, -0.00, 0, 84, 22841676
0.02, -0.00, 12.19, -0.00, 0, 84, 22853496
0.02, -0.00, 12.19, -0.00, 0, 84, 22865324
0.02, -0.00, 12.19, -0.00, 0, 85, 22877152
0.02, -0.00, 12.19, -0.00, 0, 84, 22888972
0.02, -0.00, 12.19, -0.00, 0, 84, 22900804
0.02, -0.00, 12.19, -0.00, 0, 84, 22912628
0.02, 0.33, 12.19, 3.97, 0, 84, 22924456
0.02, -0.00, 12.19, -0.00, 0, 84, 22936272
0.02, -0.00, 12.19, -0.00, 0, 84, 22948104
0.02, -0.00, 12.19, -0.00, 0, 84, 22959924
0.02, -0.00, 12.19, -0.00, 0, 84, 22971748
0.02, -0.00, 12.19, -0.00, 0, 84, 22983572
0.02, -0.00, 12.19, -0.00, 0, 84, 22995400
0.02, -0.00, 12.19, -0.00, 0, 84, 23007232
0.02, -0.00, 12.19, -0.00, 0, 84, 23019048
0.02, -0.00, 12.19, -0.00, 0, 84, 23030884
0.02, -0.00, 12.19, -0.00, 0, 84, 23042696
0.02, -0.00, 12.19, -0.00, 0, 84, 23054528
0.02, -0.00, 12.19, -0.00, 0, 84, 23066348
0.02, -0.00, 12.19, -0.00, 0, 84, 23078180
0.02, -0.00, 12.19, -0.00, 0, 84, 23090000
0.02, -0.00, 12.19, -0.00, 0, 84, 23101824
0.02, -0.00, 12.19, -0.00, 0, 84, 23113656
0.02, -0.00, 12.19, -0.00, 0, 84, 23125476
0.02, 0.33, 12.19, 3.97, 0, 84, 23137308
0.02, -0.00, 12.19, -0.00, 0, 84, 23149124
0.02, -0.00, 12.19, -0.00, 0, 84, 23160956
0.02, -0.00, 12.19, -0.00, 0, 84, 23172776
0.02, -0.00, 12.19, -0.00, 0, 84, 23184608
0.02, -0.00, 12.19, -0.00, 0, 84, 23196428
0.02, -0.00, 12.19, -0.00, 0, 84, 23208260
0.02, -0.00, 12.19, -0.00, 0, 84, 23220084
0.02, -0.00, 12.19, -0.00, 0, 84, 23231908
0.02, -0.00, 12.19, -0.00, 0, 84, 23243740
0.01, -0.00, 12.19, -0.00, 0, 84, 23255560
0.01, -0.00, 12.19, -0.00, 0, 84, 23267392
0.01, -0.00, 12.19, -0.00, 0, 84, 23279208
0.01, -0.00, 12.19, -0.00, 0, 84, 23291040
0.01, -0.00, 12.19, -0.00, 0, 84, 23302860
0.01, -0.00, 12.19, -0.00, 0, 84, 23314696
0.01, -0.00, 12.19, -0.00, 0, 84, 23326532
0.01, -0.00, 12.19, -0.00, 0, 84, 23338336
0.01, -0.00, 12.19, -0.00, 0, 84, 23350164
0.01, -0.00, 12.22, -0.00, 0, 84, 23361988
0.01, -0.00, 12.19, -0.00, 0, 84, 23373820
0.01, -0.00, 12.19, -0.00, 0, 84, 23385656
0.01, -0.00, 12.19, -0.00, 0, 84, 23397472
0.01, -0.00, 12.19, -0.00, 0, 84, 23409292
0.01, 0.33, 12.19, 3.97, 0, 84, 23421124
0.01, -0.00, 12.19, -0.00, 0, 84, 23432944
0.01, -0.00, 12.19, -0.00, 0, 84, 23444776
0.01, -0.00, 12.19, -0.00, 0, 84, 23456596
0.01, -0.00, 12.19, -0.00, 0, 84, 23468420
0.01, -0.00, 12.22, -0.00, 0, 84, 23480256
0.01, -0.00, 12.19, -0.00, 0, 84, 23492076
0.01, -0.00, 12.19, -0.00, 0, 84, 23503908
0.01, -0.00, 12.22, -0.00, 0, 84, 23515728
0.01, -0.00, 12.19, -0.00, 0, 84, 23527560
0.01, -0.00, 12.19, -0.00, 0, 84, 23539384
0.01, 0.33, 12.19, 3.97, 0, 84, 23551216
0.01, -0.00, 12.19, -0.00, 0, 84, 23563032
0.01, -0.00, 12.19, -0.00, 0, 84, 23574864
0.01, -0.00, 12.19, -0.00, 0, 84, 23586704
0.01, -0.00, 12.19, -0.00, 0, 84, 23598512
0.01, -0.00, 12.19, -0.00, 0, 84, 23610344
0.01, -0.00, 12.19, -0.00, 0, 84, 23622160
0.01, -0.00, 12.19, -0.00, 0, 84, 23633996
0.01, -0.00, 12.19, -0.00, 0, 84, 23645828
0.01, -0.00, 12.19, -0.00, 0, 85, 23657644
0.01, 0.33, 12.19, 3.97, 0, 84, 23669460
0.01, -0.00, 12.19, -0.00, 0, 84, 23681288
0.01, -0.00, 12.22, -0.00, 0, 84, 23693108
0.01, -0.00, 12.19, -0.00, 0, 84, 23704932
0.01, -0.00, 12.19, -0.00, 0, 85, 23716756
0.01, -0.00, 12.19, -0.00, 0, 84, 23728576
0.01, -0.00, 12.19, -0.00, 0, 84, 23740408
0.01, -0.00, 12.19, -0.00, 0, 84, 23752228
0.01, -0.00, 12.22, -0.00, 0, 84, 23764056
0.01, -0.00, 12.19, -0.00, 0, 84, 23775876
0.01, -0.00, 12.19, -0.00, 0, 84, 23787708
0.01, -0.00, 12.19, -0.00, 0, 84, 23799528
0.01, -0.00, 12.19, -0.00, 0, 84, 23811360
0.01, -0.00, 12.19, -0.00, 0, 84, 23823176
0.01, -0.00, 12.19, -0.00, 0, 84, 23835004
0.01, -0.00, 12.19, -0.00, 0, 84, 23846856
0.01, -0.00, 12.19, -0.00, 0, 85, 23858656
0.01, -0.00, 12.19, -0.00, 0, 84, 23870488
0.01, -0.00, 12.22, -0.00, 0, 84, 23882304
0.01, -0.00, 12.22, -0.00, 0, 84, 23894132
0.01, -0.00, 12.19, -0.00, 0, 84, 23905968
0.01, -0.00, 12.22, -0.00, 0, 85, 23917784
0.01, -0.00, 12.22, -0.00, 0, 84, 23929600
0.01, -0.00, 12.19, -0.00, 0, 84, 23941432
0.01, 0.33, 12.19, 3.97, 0, 84, 23953252
0.01, -0.00, 12.22, -0.00, 0, 84, 23965076
0.01, -0.00, 12.19, -0.00, 0, 84, 23976904
0.01, -0.00, 12.22, -0.00, 0, 84, 23988724
0.01, -0.00, 12.22, -0.00, 0, 84, 24000556
0.01, -0.00, 12.22, -0.00, 0, 84, 24012372
0.01, -0.00, 12.22, -0.00, 0, 84, 24024204
0.01, -0.00, 12.19, -0.00, 0, 84, 24036016
0.01, -0.00, 12.22, -0.00, 0, 84, 24047852
0.01, -0.00, 12.19, -0.00, 0, 84, 24059668
0.01, -0.00, 12.19, -0.00, 0, 84, 24071500
0.01, -0.00, 12.22, -0.00, 0, 84, 24083316
0.01, -0.00, 12.22, -0.00, 0, 84, 24095140
0.01, -0.00, 12.19, -0.00, 0, 84, 24106992
0.01, -0.00, 12.22, -0.00, 0, 85, 24118792
0.01, -0.00, 12.22, -0.00, 0, 84, 24130620
0.01, -0.00, 12.19, -0.00, 0, 84, 24142440
0.01, -0.00, 12.19, -0.00, 0, 84, 24154268
0.01, -0.00, 12.22, -0.00, 0, 84, 24166088
0.01, -0.00, 12.22, -0.00, 0, 84, 24177916
0.01, -0.00, 12.19, -0.00, 0, 84, 24189736
0.01, -0.00, 12.19, -0.00, 0, 84, 24201564
0.01, -0.00, 12.22, -0.00, 0, 84, 24213388
0.01, -0.00, 12.22, -0.00, 0, 84, 24225212
0.01, -0.00, 12.22, -0.00, 0, 84, 24237044
0.01, -0.00, 12.22, -0.00, 0, 84, 24248864
0.01, -0.00, 12.22, -0.00, 0, 84, 24260692
0.01, -0.00, 12.22, -0.00, 0, 84, 24272516
0.01, -0.00, 12.19, -0.00, 0, 84, 24284344
0.01, -0.00, 12.22, -0.00, 0, 84, 24296164
0.01, -0.00, 12.19, -0.00, 0, 84, 24307996
0.01, -0.00, 12.22, -0.00, 0, 84, 24319812
0.01, -0.00, 12.22, -0.00, 0, 84, 24331640
0.01, -0.00, 12.22, -0.00, 0, 84, 24343464
0.01, -0.00, 12.22, -0.00, 0, 84, 24355284
0.01, -0.00, 12.22, -0.00, 0, 84, 24367116
0.01, -0.00, 12.22, -0.00, 0, 84, 24378936
0.01, -0.00, 12.22, -0.00, 0, 84, 24390768
0.01, -0.00, 12.22, -0.00, 0, 84, 24402584
0.01, -0.00, 12.22, -0.00, 0, 84, 24414416
0.01, -0.00, 12.22, -0.00, 0, 84, 24426236
0.01, -0.00, 12.22, -0.00, 0, 84, 24438068
0.01, -0.00, 12.22, -0.00, 0, 84, 24449888
0.01, -0.00, 12.22, -0.00, 0, 84, 24461712
0.01, -0.00, 12.22, -0.00, 0, 84, 24473544
0.01, -0.00, 12.22, -0.00, 0, 84, 24485364
0.01, -0.00, 12.22, -0.00, 0, 84, 24497200
0.01, -0.00, 12.22, -0.00, 0, 84, 24509016
0.01, -0.00, 12.22, -0.00, 0, 84, 24520844
0.01, -0.00, 12.22, -0.00, 0, 84, 24532664
0.01, -0.00, 12.22, -0.00, 0, 84, 24544496
0.01, -0.00, 12.22, -0.00, 0, 84, 24556312
0.01, -0.00, 12.22, -0.00, 0, 84, 24568144
0.01, -0.00, 12.22, -0.00, 0, 84, 24579960
0.01, -0.00, 12.22, -0.00, 0, 84, 24591788
0.00, -0.00, 12.22, -0.00, 0, 84, 24603616
0.00, -0.00, 12.22, -0.00, 0, 84, 24615436
0.00, -0.00, 12.22, -0.00, 0, 84, 24627268
0.01, -0.00, 12.22, -0.00, 0, 84, 24639084
0.00, -0.00, 12.22, -0.00, 0, 84, 24650920
0.00, -0.00, 12.22, -0.00, 0, 84, 24662736
0.00, -0.00, 12.22, -0.00, 0, 84, 24674568
0.00, -0.00, 12.22, -0.00, 0, 84, 24686384
0.00, -0.00, 12.22, -0.00, 0, 84, 24698212
0.00, -0.00, 12.22, -0.00, 0, 84, 24710036
0.01, -0.00, 12.22, -0.00, 0, 84, 24721864
0.00, -0.00, 12.22, -0.00, 0, 84, 24733696
0.01, -0.00, 12.22, -0.00, 0, 84, 24745516
0.00, -0.00, 12.22, -0.00, 0, 84, 24757344
0.00, -0.00, 12.22, -0.00, 0, 84, 24769160
0.00, -0.00, 12.22, -0.00, 0, 84, 24780996
0.00, -0.00, 12.22, -0.00, 0, 84, 24792812
0.00, -0.00, 12.22, -0.00, 0, 84, 24804644
0.00, -0.00, 12.22, -0.00, 0, 84, 24816464
0.00, -0.00, 12.22, -0.00, 0, 84, 24828288
0.00, -0.00, 12.22, -0.00, 0, 84, 24840120
0.00, -0.00, 12.22, -0.00, 0, 84, 24851940
0.00, -0.00, 12.22, -0.00, 0, 84, 24863776
0.00, -0.00, 12.22, -0.00, 0, 84, 24875596
0.00, -0.00, 12.22, -0.00, 0, 84, 24887424
0.00, -0.00, 12.22, -0.00, 0, 84, 24899244
0.00, -0.00, 12.22, -0.00, 0, 84, 24911072
0.00, -0.00, 12.22, -0.00, 0, 84, 24922892
0.00, -0.00, 12.22, -0.00, 0, 84, 24934724
0.00, -0.00, 12.22, -0.00, 0, 84, 24946540
0.00, -0.00, 12.22, -0.00, 0, 84, 24958364
0.00, -0.00, 12.22, -0.00, 0, 84, 24970196
0.00, -0.00, 12.22, -0.00, 0, 84, 24982016
0.00, -0.00, 12.22, -0.00, 0, 84, 24993844
0.00, -0.00, 12.22, -0.00, 0, 84, 25005660
0.00, -0.00, 12.22, -0.00, 0, 84, 25017492
0.00, -0.00, 12.22, -0.00, 0, 84, 25029312
0.00, -0.00, 12.22, -0.00, 0, 84, 25041144
0.00, -0.00, 12.22, -0.00, 0, 84, 25052964
0.00, -0.00, 12.22, -0.00, 0, 84, 25064792
0.00, -0.00, 12.22, -0.00, 0, 85, 25076612
0.00, -0.00, 12.22, -0.00, 0, 84, 25088436
0.00, -0.00, 12.22, -0.00, 0, 84, 25100272
0.00, -0.00, 12.22, -0.00, 0, 84, 25112092
0.00, -0.00, 12.22, -0.00, 0, 84, 25123924
0.00, -0.00, 12.22, -0.00, 0, 84, 25135744
0.00, -0.00, 12.22, -0.00, 0, 84, 25147576
0.00, -0.00, 12.22, -0.00, 0, 84, 25159396
0.00, -0.00, 12.22, -0.00, 0, 84, 25171228
0.00, -0.00, 12.22, -0.00, 0, 84, 25183048
0.00, -0.00, 12.22, -0.00, 0, 84, 25194868
0.00, -0.00, 12.22, -0.00, 0, 84, 25206696
0.00, -0.00, 12.22, -0.00, 0, 84, 25218520
0.00, -0.00, 12.22, -0.00, 0, 84, 25230352
0.00, -0.00, 12.22, -0.00, 0, 84, 25242168
0.00, -0.00, 12.22, -0.00, 0, 84, 25254000
0.00, -0.00, 12.22, -0.00, 0, 84, 25265820
0.00, -0.00, 12.22, -0.00, 0, 84, 25277648
0.00, -0.00, 12.22, -0.00, 0, 84, 25289464
0.00, -0.00, 12.22, -0.00, 0, 84, 25301292
0.00, -0.00, 12.22, -0.00, 0, 84, 25313116
0.00, -0.00, 12.22, -0.00, 0, 84, 25324940
0.00, -0.00, 12.22, -0.00, 0, 84, 25336768
0.00, -0.00, 12.22, -0.00, 0, 84, 25348592
0.00, -0.00, 12.22, -0.00, 0, 84, 25360420
0.00, -0.00, 12.22, -0.00, 0, 84, 25372244
0.00, -0.00, 12.22, -0.00, 0, 84, 25384072
0.00, -0.00, 12.22, -0.00, 0, 84, 25395892
0.00, -0.00, 12.22, -0.00, 0, 84, 25407720
0.00, -0.00, 12.22, -0.00, 0, 84, 25419540
0.00, -0.00, 12.22, -0.00, 0, 84, 25431376
0.00, -0.00, 12.22, -0.00, 0, 84, 25443192
0.00, -0.00, 12.22, -0.00, 0, 84, 25455020
0.00, -0.00, 12.22, -0.00, 0, 84, 25466872
0.00, -0.00, 12.22, -0.00, 0, 85, 25478672
0.00, -0.00, 12.22, -0.00, 0, 84, 25490504
0.00, -0.00, 12.22, -0.00, 0, 84, 25502320
0.00, -0.00, 12.22, -0.00, 0, 84, 25514152
0.00, -0.00, 12.22, -0.00, 0, 84, 25525988
0.00, -0.00, 12.22, -0.00, 0, 84, 25537808
0.00, -0.00, 12.22, -0.00, 0, 84, 25549628
0.00, -0.00, 12.22, -0.00, 0, 84, 25561452
0.00, -0.00, 12.22, -0.00, 0, 84, 25573276
0.00, -0.00, 12.22, -0.00, 0, 84, 25585104
0.00, -0.00, 12.22, -0.00, 0, 84, 25596932
0.00, -0.00, 12.22, -0.00, 0, 84, 25608752
0.00, -0.00, 12.22, -0.00, 0, 84, 25620580
0.00, -0.00, 12.22, -0.00, 0, 84, 25632400
0.00, -0.00, 12.22, -0.00, 0, 84, 25644232
0.00, -0.00, 12.22, -0.00, 0, 84, 25656048
0.00, -0.00, 12.22, -0.00, 0, 84, 25667880
0.00, -0.00, 12.22, -0.00, 0, 84, 25679696
0.00, -0.00, 12.22, -0.00, 0, 84, 25691520
0.00, -0.00, 12.22, -0.00, 0, 84, 25703344
0.00, -0.00, 12.22, -0.00, 0, 84, 25715172
0.00, -0.00, 12.22, -0.00, 0, 84, 25727020
0.00, -0.00, 12.22, -0.00, 0, 85, 25738820
0.00, -0.00, 12.22, -0.00, 0, 84, 25750652
0.00, -0.00, 12.22, -0.00, 0, 84, 25762468
0.00, -0.00, 12.22, -0.00, 0, 84, 25774300
0.00, -0.00, 12.22, -0.00, 0, 84, 25786132
0.00, -0.00, 12.22, -0.00, 0, 84, 25797952
0.00, -0.00, 12.22, -0.00, 0, 85, 25809764
0.00, -0.00, 12.22, -0.00, 0, 84, 25821592
0.00, -0.00, 12.22, -0.00, 0, 84, 25833420
0.00, -0.00, 12.22, -0.00, 0, 84, 25845236
0.00, -0.00, 12.22, -0.00, 0, 84, 25857068
0.00, -0.00, 12.22, -0.00, 0, 84, 25868888
0.00, -0.00, 12.22, -0.00, 0, 84, 25880720
0.00, -0.00, 12.22, -0.00, 0, 84, 25892536
0.00, -0.00, 12.22, -0.00, 0, 84, 25904368
0.00, -0.00, 12.22, -0.00, 0, 84, 25916188
0.00, -0.00, 12.22, -0.00, 0, 84, 25928016
0.00, -0.00, 12.22, -0.00, 0, 84, 25939840
0.00, -0.00, 12.22, -0.00, 0, 84, 25951668
0.00, -0.00, 12.22, -0.00, 0, 84, 25963496
0.00, -0.00, 12.22, -0.00, 0, 84, 25975316
0.00, -0.00, 12.22, -0.00, 0, 84, 25987168
0.00, -0.00, 12.22, -0.00, 0, 84, 25998968
0.00, -0.00, 12.22, -0.00, 0, 84, 26010800
0.00, -0.00, 12.22, -0.00, 0, 84, 26022620
0.00, -0.00, 12.22, -0.00, 0, 84, 26034452
