START
0.00, -0.00, 12.35, -0.00, 1, 19, 516
0.00, -0.00, 12.35, -0.00, 1, 149, 7260
0.00, -0.00, 12.35, -0.00, 1, 84, 19080
0.00, -0.00, 12.35, -0.00, 1, 84, 30908
0.00, -0.00, 12.35, -0.00, 1, 84, 42728
0.00, -0.00, 12.35, -0.00, 1, 84, 54556
0.00, -0.00, 12.35, -0.00, 1, 84, 66380
0.00, -0.00, 12.35, -0.00, 1, 84, 78204
0.00, -0.00, 12.35, -0.00, 1, 84, 90032
0.00, -0.00, 12.35, -0.00, 1, 84, 101852
0.00, -0.00, 12.35, -0.00, 1, 84, 113684
0.00, -0.00, 12.35, -0.00, 1, 84, 125504
0.00, -0.00, 12.35, -0.00, 1, 84, 137336
0.00, -0.00, 12.35, -0.00, 1, 84, 149160
0.00, -0.00, 12.35, -0.00, 1, 84, 161008
0.00, -0.00, 12.35, -0.00, 1, 85, 172808
0.00, -0.00, 12.35, -0.00, 1, 84, 184644
0.00, -0.00, 12.35, -0.00, 1, 84, 196464
0.00, -0.00, 12.35, -0.00, 1, 84, 208288
0.00, -0.00, 12.35, -0.00, 2, 84, 220136
0.00, -0.00, 12.35, -0.00, 2, 84, 231944
0.00, -0.00, 12.35, -0.00, 2, 84, 243772
0.00, -0.00, 12.35, -0.00, 2, 84, 255592
0.00, -0.00, 12.35, -0.00, 2, 84, 267424
0.00, -0.00, 12.35, -0.00, 2, 84, 279244
0.00, -0.00, 12.35, -0.00, 2, 84, 291076
0.00, -0.00, 12.35, -0.00, 2, 84, 302892
0.00, -0.00, 12.35, -0.00, 2, 84, 314716
0.00, -0.00, 12.35, -0.00, 2, 84, 326540
0.00, -0.00, 12.35, -0.00, 2, 84, 338368
0.00, -0.00, 12.35, -0.00, 2, 84, 350196
0.00, -0.00, 12.35, -0.00, 2, 84, 362012
0.00, -0.00, 12.35, -0.00, 2, 84, 373844
0.00, -0.00, 12.35, -0.00, 2, 84, 385660
0.00, -0.00, 12.35, -0.00, 2, 84, 397496
0.00, -0.00, 12.35, -0.00, 2, 84, 409312
0.00, -0.00, 12.35, -0.00, 3, 84, 421164
0.00, -0.00, 12.35, -0.00, 3, 85, 432968
0.00, -0.00, 12.35, -0.00, 3, 84, 444792
0.00, -0.00, 12.35, -0.00, 3, 84, 456620
0.00, -0.00, 12.35, -0.00, 3, 84, 468444
0.00, -0.00, 12.35, -0.00, 3, 84, 480296
0.00, -0.00, 12.35, -0.00, 3, 85, 492096
0.00, -0.00, 12.35, -0.00, 3, 84, 503924
0.00, -0.00, 12.35, -0.00, 3, 84, 515744
0.00, -0.00, 12.35, -0.00, 3, 84, 527572
0.00, -0.00, 12.35, -0.00, 3, 84, 539392
0.00, -0.00, 12.35, -0.00, 3, 84, 551228
0.00, -0.00, 12.35, -0.00, 3, 84, 563048
0.00, -0.00, 12.35, -0.00, 3, 84, 574868
0.00, -0.00, 12.35, -0.00, 3, 84, 586696
0.00, -0.00, 12.35, -0.00, 3, 84, 598516
0.00, -0.00, 12.35, -0.00, 3, 84, 610348
0.00, -0.00, 12.35, -0.00, 4, 84, 622168
0.00, -0.00, 12.35, -0.00, 4, 84, 634000
0.00, -0.00, 12.35, -0.00, 4, 84, 645816
0.00, -0.00, 12.35, -0.00, 4, 84, 657644
0.00, -0.00, 12.35, -0.00, 4, 84, 669460
0.00, -0.00, 12.35, -0.00, 4, 84, 681312
0.00, -0.00, 12.35, -0.00, 4, 85, 693116
0.00, -0.00, 12.35, -0.00, 4, 84, 704944
0.00, -0.00, 12.35, -0.00, 4, 84, 716772
0.00, -0.00, 12.35, -0.00, 4, 84, 728592
0.00, -0.00, 12.35, -0.00, 4, 84, 740436
0.00, -0.00, 12.35, -0.00, 4, 85, 752240
0.00, -0.00, 12.35, -0.00, 4, 84, 764068
0.00, -0.00, 12.35, -0.00, 4, 84, 775888
0.00, -0.00, 12.35, -0.00, 4, 84, 787720
0.00, -0.00, 12.35, -0.00, 4, 84, 799532
0.00, -0.00, 12.35, -0.00, 4, 84, 811360
0.00, -0.00, 12.35, -0.00, 5, 84, 823184
0.00, -0.00, 12.35, -0.00, 5, 84, 835012
0.00, -0.00, 12.35, -0.00, 5, 84, 846840
0.00, -0.00, 12.35, -0.00, 5, 84, 858660
0.00, -0.00, 12.35, -0.00, 5, 84, 870488
0.00, -0.00, 12.35, -0.00, 5, 84, 882304
0.00, -0.00, 12.35, -0.00, 5, 84, 894136
0.00, -0.00, 12.35, -0.00, 5, 84, 905952
0.00, -0.00, 12.35, -0.00, 5, 84, 917784
0.00, -0.00, 12.35, -0.00, 5, 84, 929600
0.00, -0.00, 12.35, -0.00, 5, 84, 941444
0.00, -0.00, 12.35, -0.00, 5, 85, 953248
0.00, -0.00, 12.35, -0.00, 5, 84, 965076
0.00, -0.00, 12.35, -0.00, 5, 84, 976908
0.00, -0.00, 12.35, -0.00, 5, 84, 988728
0.00, -0.00, 12.35, -0.00, 5, 84, 1000560
0.00, -0.00, 12.35, -0.00, 5, 85, 1012380
0.00, -0.00, 12.35, -0.00, 6, 84, 1024208
0.00, -0.00, 12.35, -0.00, 6, 84, 1036028
0.00, -0.00, 12.35, -0.00, 6, 84, 1047856
0.00, -0.00, 12.35, -0.00, 6, 84, 1059676
0.00, -0.00, 12.35, -0.00, 6, 84, 1071496
0.00, -0.00, 12.35, -0.00, 6, 84, 1083328
0.00, -0.00, 12.35, -0.00, 6, 84, 1095148
0.00, -0.00, 12.35, -0.00, 6, 84, 1106980
0.00, -0.00, 12.35, -0.00, 6, 84, 1118800
0.00, -0.00, 12.35, -0.00, 6, 84, 1130628
0.00, -0.00, 12.35, -0.00, 6, 84, 1142452
0.00, -0.00, 12.35, -0.00, 6, 84, 1154284
0.00, -0.00, 12.35, -0.00, 6, 84, 1166100
0.00, -0.00, 12.35, -0.00, 6, 84, 1177932
0.00, -0.00, 12.35, -0.00, 6, 84, 1189756
0.00, -0.00, 12.35, -0.00, 6, 84, 1201580
0.00, -0.00, 12.35, -0.00, 6, 84, 1213412
0.00, -0.00, 12.35, -0.00, 7, 84, 1225232
0.00, -0.00, 12.35, -0.00, 7, 84, 1237064
0.00, -0.00, 12.35, -0.00, 7, 84, 1248880
-0.00, -0.00, 12.35, -0.00, 7, 84, 1260716
0.01, 0.33, 12.30, 4.00, 7, 84, 1272532
-0.00, 0.33, 12.35, 4.02, 7, 84, 1284368
0.00, 0.33, 12.35, 4.02, 7, 84, 1296188
0.00, 0.33, 12.35, 4.02, 7, 84, 1308012
-0.00, 0.33, 12.35, 4.02, 7, 84, 1319840
0.01, 0.33, 12.33, 4.01, 7, 85, 1331664
-0.01, 0.33, 12.35, 4.02, 7, 84, 1343492
0.01, 0.33, 12.35, 4.02, 7, 84, 1355312
-0.00, 0.33, 12.35, 4.02, 7, 84, 1367140
0.00, 0.33, 12.35, 4.02, 7, 84, 1378960
0.00, 0.33, 12.30, 4.00, 7, 84, 1390792
-0.00, 0.33, 12.33, 4.01, 7, 84, 1402608
0.01, 0.33, 12.35, 4.02, 7, 84, 1414436
-0.00, 0.33, 12.35, 4.02, 8, 84, 1426256
0.01, 0.33, 12.35, 4.02, 8, 84, 1438076
-0.00, 0.33, 12.33, 4.01, 8, 84, 1449904
0.01, 0.33, 12.33, 4.01, 8, 84, 1461724
0.00, 0.33, 12.35, 4.02, 8, 84, 1473556
0.01, 0.33, 12.35, 4.02, 8, 84, 1485376
0.01, 0.33, 12.35, 4.02, 8, 84, 1497208
0.00, 0.33, 12.33, 4.01, 8, 84, 1509024
0.01, 0.33, 12.33, 4.01, 8, 84, 1520856
0.00, 0.33, 12.35, 4.02, 8, 84, 1532676
0.01, 0.33, 12.35, 4.02, 8, 84, 1544508
0.00, 0.33, 12.35, 4.02, 8, 84, 1556328
0.01, 0.33, 12.33, 4.01, 8, 84, 1568156
0.01, 0.33, 12.33, 4.01, 8, 84, 1579984
0.01, 0.33, 12.35, 4.02, 8, 84, 1591800
0.01, 0.33, 12.33, 4.01, 8, 84, 1603632
0.01, 0.33, 12.35, 4.02, 8, 84, 1615448
0.01, 0.33, 12.35, 4.02, 9, 84, 1627280
0.01, 0.33, 12.33, 4.01, 9, 84, 1639100
0.01, 0.33, 12.33, 4.01, 9, 84, 1650928
0.01, 0.33, 12.35, 4.02, 9, 84, 1662748
0.01, 0.33, 12.35, 4.02, 9, 84, 1674572
0.01, 0.33, 12.33, 4.01, 9, 84, 1686400
0.02, 0.33, 12.35, 4.02, 9, 84, 1698220
0.01, 0.33, 12.35, 4.02, 9, 84, 1710052
0.01, 0.33, 12.33, 4.01, 9, 84, 1721872
0.01, 0.33, 12.33, 4.01, 9, 84, 1733700
0.01, 0.33, 12.35, 4.02, 9, 84, 1745520
0.02, 0.33, 12.35, 4.02, 9, 84, 1757352
0.02, 0.33, 12.35, 4.02, 9, 84, 1769168
0.02, 0.33, 12.35, 4.02, 9, 84, 1780996
0.01, 0.33, 12.33, 4.01, 9, 85, 1792816
0.01, 0.33, 12.35, 4.02, 9, 84, 1804640
0.01, 0.33, 12.35, 4.02, 9, 84, 1816468
0.02, 0.33, 12.33, 4.01, 10, 84, 1828292
0.02, 0.33, 12.33, 4.01, 10, 84, 1840128
0.02, 0.33, 12.33, 4.01, 10, 84, 1851944
0.02, 0.33, 12.35, 4.02, 10, 84, 1863776
0.01, 0.33, 12.33, 4.01, 10, 84, 1875596
0.02, 0.33, 12.35, 4.02, 10, 84, 1887420
0.02, 0.33, 12.35, 4.02, 10, 84, 1899244
0.02, 0.33, 12.35, 4.02, 10, 84, 1911072
0.02, 0.33, 12.33, 4.01, 10, 84, 1922888
0.02, 0.33, 12.33, 4.01, 10, 84, 1934712
0.02, 0.33, 12.35, 4.02, 10, 84, 1946536
0.02, 0.33, 12.35, 4.02, 10, 84, 1958364
0.03, 0.33, 12.35, 4.02, 10, 84, 1970196
0.03, 0.33, 12.33, 4.01, 10, 84, 1982020
0.02, 0.33, 12.33, 4.01, 10, 84, 1993852
0.02, 0.33, 12.33, 4.01, 10, 84, 2005668
0.02, 0.33, 12.33, 4.01, 10, 84, 2017504
0.03, 0.33, 12.35, 4.02, 11, 84, 2029320
0.03, 0.33, 12.33, 4.01, 11, 84, 2041152
0.02, 0.33, 12.33, 4.01, 11, 85, 2052972
0.02, 0.33, 12.35, 4.02, 11, 84, 2064796
0.02, 0.33, 12.33, 4.01, 11, 84, 2076628
0.03, 0.33, 12.35, 4.02, 11, 84, 2088444
0.03, 0.33, 12.35, 4.02, 11, 84, 2100292
0.02, 0.33, 12.35, 4.02, 11, 84, 2112096
0.02, 0.33, 12.33, 4.01, 11, 84, 2123924
0.03, 0.33, 12.35, 4.02, 11, 84, 2135744
0.03, 0.33, 12.35, 4.02, 11, 84, 2147572
0.03, 0.33, 12.35, 4.02, 11, 84, 2159392
0.02, 0.33, 12.33, 4.01, 11, 84, 2171216
0.02, 0.33, 12.33, 4.01, 11, 84, 2183040
0.03, 0.33, 12.33, 4.01, 11, 84, 2194864
0.04, 0.33, 12.35, 4.02, 11, 84, 2206696
0.03, 0.33, 12.35, 4.02, 11, 84, 2218512
0.02, 0.33, 12.35, 4.02, 12, 84, 2230344
0.03, 0.33, 12.33, 4.01, 12, 84, 2242160
0.04, 0.33, 12.33, 4.01, 12, 84, 2253992
0.03, 0.33, 12.35, 4.02, 12, 84, 2265808
0.03, 0.33, 12.35, 4.02, 12, 84, 2277640
0.03, 0.33, 12.33, 4.01, 12, 84, 2289460
0.04, 0.33, 12.35, 4.02, 12, 84, 2301288
0.04, 0.33, 12.35, 4.02, 12, 84, 2313108
0.03, 0.33, 12.33, 4.01, 12, 84, 2324940
0.03, 0.33, 12.35, 4.02, 12, 84, 2336772
0.03, 0.33, 12.35, 4.02, 12, 84, 2348588
0.04, 0.33, 12.33, 4.01, 12, 84, 2360436
0.04, 0.33, 12.35, 4.02, 12, 85, 2372240
0.03, 0.33, 12.33, 4.01, 12, 84, 2384068
0.03, 0.33, 12.33, 4.01, 12, 84, 2395892
0.04, 0.33, 12.33, 4.01, 12, 84, 2407724
0.04, 0.33, 12.35, 4.02, 12, 84, 2419544
0.03, 0.33, 12.35, 4.02, 13, 84, 2431368
0.03, 0.33, 12.33, 4.01, 13, 84, 2443200
0.04, 0.33, 12.33, 4.01, 13, 84, 2455020
0.04, 0.33, 12.35, 4.02, 13, 84, 2466852
0.04, 0.33, 12.35, 4.02, 13, 84, 2478672
0.03, 0.33, 12.35, 4.02, 13, 84, 2490500
0.04, 0.33, 12.35, 4.02, 13, 84, 2502324
0.04, 0.33, 12.33, 4.01, 13, 84, 2514156
0.04, 0.33, 12.33, 4.01, 13, 84, 2525972
0.03, 0.33, 12.33, 4.01, 13, 84, 2537804
0.04, 0.33, 12.33, 4.01, 13, 84, 2549624
0.05, 0.33, 12.33, 4.01, 13, 84, 2561452
0.04, 0.33, 12.33, 4.01, 13, 84, 2573280
0.03, 0.33, 12.33, 4.01, 13, 84, 2585104
0.04, 0.33, 12.33, 4.01, 13, 84, 2596936
0.05, 0.33, 12.35, 4.02, 13, 84, 2608756
0.04, 0.33, 12.33, 4.01, 13, 84, 2620604
0.04, 0.33, 12.35, 4.02, 14, 85, 2632408
0.04, 0.33, 12.33, 4.01, 14, 84, 2644240
0.05, 0.33, 12.33, 4.01, 14, 84, 2656060
0.04, 0.65, 12.35, 8.04, 14, 84, 2667884
0.04, 0.33, 12.33, 4.01, 14, 84, 2679708
0.05, 0.65, 12.33, 8.02, 14, 84, 2691540
0.05, 0.33, 12.33, 4.01, 14, 84, 2703368
0.04, 0.65, 12.33, 8.02, 14, 84, 2715184
0.04, 0.33, 12.33, 4.01, 14, 84, 2727020
0.05, 0.33, 12.33, 4.01, 14, 84, 2738836
0.05, 0.65, 12.35, 8.04, 14, 84, 2750664
0.04, 0.33, 12.35, 4.02, 14, 84, 2762484
0.05, 0.65, 12.33, 8.02, 14, 84, 2774312
0.05, 0.65, 12.35, 8.04, 14, 84, 2786128
0.06, 0.33, 12.33, 4.01, 14, 84, 2797956
0.04, 0.65, 12.35, 8.04, 14, 84, 2809776
0.05, 0.65, 12.33, 8.02, 14, 84, 2821620
0.05, 0.65, 12.33, 8.02, 15, 84, 2833432
0.05, 0.33, 12.35, 4.02, 15, 84, 2845252
0.04, 0.65, 12.33, 8.02, 15, 84, 2857080
0.06, 0.65, 12.33, 8.02, 15, 84, 2868900
0.05, 0.33, 12.33, 4.01, 15, 84, 2880744
0.05, 0.65, 12.35, 8.04, 15, 85, 2892548
0.05, 0.65, 12.33, 8.02, 15, 84, 2904380
0.06, 0.65, 12.33, 8.02, 15, 84, 2916196
0.06, 0.65, 12.33, 8.02, 15, 84, 2928016
0.04, 0.65, 12.33, 8.02, 15, 84, 2939852
0.06, 0.65, 12.33, 8.02, 15, 85, 2951668
0.06, 0.65, 12.33, 8.02, 15, 84, 2963496
0.06, 0.65, 12.33, 8.02, 15, 84, 2975316
0.05, 0.65, 12.33, 8.02, 15, 84, 2987148
0.06, 0.65, 12.33, 8.02, 15, 84, 2998964
0.06, 0.65, 12.33, 8.02, 15, 84, 3010792
0.05, 0.65, 12.33, 8.02, 15, 84, 3022608
0.06, 0.65, 12.33, 8.02, 16, 84, 3034440
0.06, 0.65, 12.33, 8.02, 16, 84, 3046260
0.06, 0.65, 12.33, 8.02, 16, 84, 3058088
0.05, 0.65, 12.33, 8.02, 16, 84, 3069920
0.07, 0.65, 12.33, 8.02, 16, 84, 3081760
0.06, 0.65, 12.33, 8.02, 16, 84, 3093572
0.05, 0.65, 12.33, 8.02, 16, 84, 3105392
0.06, 0.65, 12.33, 8.02, 16, 84, 3117224
0.07, 0.65, 12.33, 8.02, 16, 84, 3129044
0.06, 0.65, 12.33, 8.02, 16, 84, 3140876
0.06, 0.65, 12.33, 8.02, 16, 84, 3152692
0.07, 0.65, 12.33, 8.02, 16, 84, 3164516
0.06, 0.65, 12.33, 8.02, 16, 84, 3176340
0.06, 0.65, 12.33, 8.02, 16, 84, 3188164
0.07, 0.65, 12.33, 8.02, 16, 84, 3199992
0.07, 0.65, 12.33, 8.02, 16, 84, 3211808
0.06, 0.65, 12.33, 8.02, 16, 84, 3223640
0.07, 0.65, 12.30, 8.01, 17, 84, 3235456
0.07, 0.65, 12.33, 8.02, 17, 84, 3247288
0.06, 0.65, 12.33, 8.02, 17, 84, 3259108
0.06, 0.65, 12.33, 8.02, 17, 84, 3270940
0.07, 0.65, 12.33, 8.02, 17, 84, 3282760
0.06, 0.65, 12.35, 8.04, 17, 84, 3294584
0.06, 0.65, 12.33, 8.02, 17, 84, 3306408
0.08, 0.65, 12.33, 8.02, 17, 84, 3318232
0.07, 0.65, 12.33, 8.02, 17, 84, 3330060
0.06, 0.65, 12.33, 8.02, 17, 84, 3341900
0.08, 0.65, 12.33, 8.02, 17, 84, 3353712
0.07, 0.65, 12.35, 8.04, 17, 84, 3365532
0.06, 0.65, 12.33, 8.02, 17, 84, 3377364
0.08, 0.65, 12.33, 8.02, 17, 84, 3389184
0.07, 0.65, 12.33, 8.02, 17, 84, 3401016
0.07, 0.65, 12.33, 8.02, 17, 84, 3412836
0.08, 0.65, 12.33, 8.02, 17, 84, 3424660
0.08, 0.65, 12.33, 8.02, 18, 84, 3436492
0.07, 0.65, 12.33, 8.02, 18, 84, 3448308
0.07, 0.65, 12.33, 8.02, 18, 84, 3460140
0.08, 0.65, 12.33, 8.02, 18, 84, 3471960
0.07, 0.65, 12.33, 8.02, 18, 84, 3483788
0.07, 0.65, 12.30, 8.01, 18, 84, 3495608
0.08, 0.65, 12.33, 8.02, 18, 84, 3507440
0.07, 0.65, 12.33, 8.02, 18, 84, 3519256
0.08, 0.65, 12.33, 8.02, 18, 84, 3531084
0.09, 0.65, 12.33, 8.02, 18, 84, 3542908
0.07, 0.65, 12.33, 8.02, 18, 84, 3554732
0.08, 0.65, 12.33, 8.02, 18, 84, 3566564
0.09, 0.65, 12.33, 8.02, 18, 84, 3578376
0.07, 0.65, 12.33, 8.02, 18, 84, 3590208
0.08, 0.65, 12.33, 8.02, 18, 84, 3602048
0.09, 0.65, 12.33, 8.02, 18, 85, 3613856
0.07, 0.65, 12.33, 8.02, 18, 84, 3625680
0.08, 0.65, 12.33, 8.02, 19, 84, 3637508
0.09, 0.65, 12.33, 8.02, 19, 84, 3649324
0.07, 0.65, 12.33, 8.02, 19, 84, 3661152
0.08, 0.65, 12.33, 8.02, 19, 85, 3672972
0.09, 0.65, 12.33, 8.02, 19, 84, 3684800
0.08, 0.65, 12.33, 8.02, 19, 84, 3696628
0.08, 0.65, 12.33, 8.02, 19, 84, 3708448
0.09, 0.65, 12.33, 8.02, 19, 84, 3720280
0.08, 0.65, 12.35, 8.04, 19, 84, 3732100
0.09, 0.65, 12.33, 8.02, 19, 84, 3743932
0.09, 0.98, 12.33, 12.04, 19, 84, 3755752
0.08, 0.98, 12.33, 12.04, 19, 84, 3767584
0.09, 0.65, 12.30, 8.01, 19, 84, 3779404
0.09, 0.98, 12.33, 12.04, 19, 84, 3791228
0.08, 0.65, 12.33, 8.02, 19, 84, 3803056
0.09, 0.65, 12.33, 8.02, 19, 84, 3814880
0.09, 0.65, 12.30, 8.01, 19, 84, 3826712
0.08, 0.98, 12.30, 12.01, 20, 84, 3838532
0.10, 0.98, 12.30, 12.01, 20, 84, 3850364
0.09, 0.65, 12.33, 8.02, 20, 84, 3862204
0.09, 0.98, 12.33, 12.04, 20, 84, 3874016
0.10, 0.98, 12.33, 12.04, 20, 84, 3885836
0.09, 0.98, 12.30, 12.01, 20, 84, 3897668
0.09, 0.98, 12.33, 12.04, 20, 84, 3909488
0.10, 0.98, 12.30, 12.01, 20, 84, 3921316
0.09, 0.98, 12.33, 12.04, 20, 84, 3933144
0.10, 0.98, 12.33, 12.04, 20, 84, 3944964
0.10, 0.98, 12.33, 12.04, 20, 84, 3956796
0.09, 0.98, 12.30, 12.01, 20, 84, 3968616
0.10, 0.98, 12.33, 12.04, 20, 84, 3980448
0.10, 0.98, 12.30, 12.01, 20, 84, 3992264
0.09, 0.98, 12.33, 12.04, 20, 84, 4004092
0.10, 0.98, 12.33, 12.04, 20, 84, 4015912
0.09, 0.98, 12.30, 12.01, 20, 84, 4027736
0.10, 0.98, 12.33, 12.04, 21, 84, 4039560
0.10, 0.98, 12.30, 12.01, 21, 84, 4051384
0.09, 0.98, 12.33, 12.04, 21, 84, 4063216
0.11, 0.98, 12.30, 12.01, 21, 84, 4075032
0.10, 0.98, 12.30, 12.01, 21, 84, 4086864
0.10, 0.98, 12.30, 12.01, 21, 84, 4098680
0.11, 0.98, 12.33, 12.04, 21, 84, 4110512
0.10, 0.98, 12.30, 12.01, 21, 84, 4122328
0.10, 0.98, 12.30, 12.01, 21, 84, 4134160
0.11, 0.98, 12.33, 12.04, 21, 84, 4145980
0.10, 0.98, 12.30, 12.01, 21, 84, 4157804
0.11, 0.98, 12.30, 12.01, 21, 84, 4169628
0.10, 0.98, 12.33, 12.04, 21, 84, 4181452
0.10, 0.98, 12.30, 12.01, 21, 84, 4193284
0.11, 0.98, 12.30, 12.01, 21, 84, 4205100
0.10, 0.98, 12.30, 12.01, 21, 84, 4216932
0.11, 0.98, 12.33, 12.04, 21, 84, 4228752
0.11, 0.98, 12.33, 12.04, 22, 84, 4240584
0.10, 0.98, 12.27, 11.98, 22, 84, 4252408
0.11, 0.98, 12.30, 12.01, 22, 84, 4264236
0.10, 0.98, 12.33, 12.04, 22, 84, 4276056
0.11, 0.98, 12.33, 12.04, 22, 84, 4287880
0.11, 0.98, 12.33, 12.04, 22, 84, 4299712
0.11, 0.98, 12.30, 12.01, 22, 85, 4311532
0.12, 0.98, 12.30, 12.01, 22, 84, 4323360
0.11, 0.98, 12.33, 12.04, 22, 84, 4335180
0.12, 0.98, 12.33, 12.04, 22, 84, 4347008
0.12, 0.98, 12.30, 12.01, 22, 84, 4358828
0.11, 0.98, 12.33, 12.04, 22, 84, 4370660
0.12, 0.98, 12.30, 12.01, 22, 84, 4382476
0.11, 0.98, 12.33, 12.04, 22, 84, 4394308
0.12, 0.98, 12.33, 12.04, 22, 84, 4406128
0.12, 0.98, 12.30, 12.01, 22, 84, 4417952
0.11, 0.98, 12.33, 12.04, 22, 84, 4429780
0.12, 0.98, 12.30, 12.01, 23, 84, 4441600
0.11, 0.98, 12.30, 12.01, 23, 84, 4453428
0.12, 0.98, 12.30, 12.01, 23, 84, 4465248
0.12, 0.98, 12.30, 12.01, 23, 84, 4477076
0.11, 1.30, 12.30, 16.01, 23, 84, 4488896
0.13, 0.98, 12.33, 12.04, 23, 84, 4500740
0.11, 1.30, 12.33, 16.05, 23, 84, 4512540
0.13, 1.30, 12.33, 16.05, 23, 84, 4524368
0.12, 1.30, 12.30, 16.01, 23, 84, 4536192
0.12, 1.30, 12.33, 16.05, 23, 84, 4548016
0.13, 1.30, 12.33, 16.05, 23, 84, 4559848
0.12, 1.30, 12.30, 16.01, 23, 84, 4571664
0.13, 1.30, 12.30, 16.01, 23, 84, 4583496
0.12, 1.30, 12.33, 16.05, 23, 84, 4595312
0.13, 1.30, 12.33, 16.05, 23, 84, 4607144
0.13, 1.30, 12.30, 16.01, 23, 84, 4618964
0.12, 1.30, 12.33, 16.05, 23, 84, 4630792
0.13, 1.30, 12.30, 16.01, 24, 84, 4642608
0.12, 1.30, 12.27, 15.98, 24, 84, 4654432
0.13, 1.30, 12.30, 16.01, 24, 84, 4666260
0.12, 1.30, 12.33, 16.05, 24, 84, 4678080
0.13, 1.30, 12.30, 16.01, 24, 84, 4689912
0.13, 1.30, 12.33, 16.05, 24, 84, 4701728
0.12, 1.30, 12.30, 16.01, 24, 84, 4713560
0.14, 1.30, 12.27, 15.98, 24, 84, 4725380
0.12, 1.30, 12.30, 16.01, 24, 84, 4737208
0.14, 1.30, 12.33, 16.05, 24, 84, 4749028
0.13, 1.30, 12.30, 16.01, 24, 84, 4760872
0.13, 1.30, 12.33, 16.05, 24, 84, 4772676
0.14, 1.30, 12.33, 16.05, 24, 84, 4784500
0.13, 1.30, 12.30, 16.01, 24, 84, 4796324
0.14, 1.30, 12.27, 15.98, 24, 84, 4808148
0.13, 1.30, 12.30, 16.01, 24, 84, 4819976
0.14, 1.30, 12.30, 16.01, 24, 84, 4831792
0.13, 1.30, 12.30, 16.01, 25, 84, 4843624
0.14, 1.30, 12.27, 15.98, 25, 84, 4855444
0.14, 1.30, 12.27, 15.98, 25, 84, 4867276
0.13, 1.30, 12.30, 16.01, 25, 84, 4879096
0.14, 1.30, 12.33, 16.05, 25, 84, 4890928
0.13, 1.30, 12.30, 16.01, 25, 84, 4902748
0.15, 1.30, 12.30, 16.01, 25, 84, 4914572
0.13, 1.30, 12.30, 16.01, 25, 84, 4926400
0.14, 1.30, 12.30, 16.01, 25, 84, 4938220
0.14, 1.30, 12.30, 16.01, 25, 84, 4950052
0.14, 1.30, 12.30, 16.01, 25, 84, 4961868
0.14, 1.30, 12.30, 16.01, 25, 84, 4973700
0.14, 1.30, 12.33, 16.05, 25, 84, 4985516
0.15, 1.30, 12.30, 16.01, 25, 84, 4997344
0.14, 1.30, 12.30, 16.01, 25, 84, 5009164
0.15, 1.30, 12.27, 15.98, 25, 84, 5021012
0.14, 1.30, 12.30, 16.01, 25, 85, 5032816
0.15, 1.30, 12.30, 16.01, 26, 84, 5044640
0.14, 1.30, 12.27, 15.98, 26, 84, 5056472
0.15, 1.30, 12.27, 15.98, 26, 84, 5068288
0.15, 1.30, 12.33, 16.05, 26, 84, 5080120
0.14, 1.30, 12.27, 15.98, 26, 84, 5091940
0.15, 1.63, 12.30, 20.02, 26, 84, 5103772
0.14, 1.30, 12.27, 15.98, 26, 84, 5115592
0.16, 1.63, 12.30, 20.02, 26, 84, 5127424
0.14, 1.63, 12.27, 19.97, 26, 84, 5139244
0.16, 1.63, 12.30, 20.02, 26, 84, 5151068
0.14, 1.63, 12.27, 19.97, 26, 84, 5162896
0.16, 1.63, 12.30, 20.02, 26, 84, 5174720
0.15, 1.63, 12.30, 20.02, 26, 84, 5186552
0.16, 1.63, 12.27, 19.97, 26, 84, 5198372
0.15, 1.63, 12.27, 19.97, 26, 84, 5210204
0.15, 1.63, 12.33, 20.06, 26, 84, 5222020
0.16, 1.63, 12.30, 20.02, 26, 84, 5233852
0.15, 1.63, 12.30, 20.02, 27, 84, 5245672
0.16, 1.63, 12.27, 19.97, 27, 84, 5257504
0.15, 1.63, 12.30, 20.02, 27, 84, 5269324
0.16, 1.63, 12.27, 19.97, 27, 84, 5281164
0.15, 1.63, 12.30, 20.02, 27, 85, 5292972
0.17, 1.63, 12.30, 20.02, 27, 84, 5304800
0.15, 1.63, 12.25, 19.93, 27, 84, 5316628
0.17, 1.63, 12.27, 19.97, 27, 84, 5328448
0.15, 1.63, 12.30, 20.02, 27, 84, 5340280
0.17, 1.63, 12.27, 19.97, 27, 84, 5352096
0.15, 1.63, 12.27, 19.97, 27, 84, 5363928
0.17, 1.63, 12.30, 20.02, 27, 84, 5375744
0.16, 1.63, 12.27, 19.97, 27, 84, 5387576
0.17, 1.63, 12.30, 20.02, 27, 84, 5399396
0.16, 1.63, 12.27, 19.97, 27, 84, 5411220
0.16, 1.63, 12.30, 20.02, 27, 84, 5423052
0.16, 1.63, 12.30, 20.02, 27, 84, 5434868
0.16, 1.63, 12.30, 20.02, 28, 84, 5446700
0.17, 1.63, 12.27, 19.97, 28, 84, 5458516
0.16, 1.63, 12.27, 19.97, 28, 84, 5470348
0.17, 1.63, 12.30, 20.02, 28, 84, 5482188
0.16, 1.63, 12.30, 20.02, 28, 85, 5494000
0.18, 1.63, 12.27, 19.97, 28, 84, 5505820
0.16, 1.63, 12.30, 20.02, 28, 84, 5517648
0.18, 1.63, 12.30, 20.02, 28, 84, 5529472
0.16, 1.63, 12.27, 19.97, 28, 84, 5541300
0.18, 1.63, 12.30, 20.02, 28, 84, 5553132
0.16, 1.95, 12.27, 23.97, 28, 84, 5564948
0.18, 1.63, 12.33, 20.06, 28, 84, 5576780
0.16, 1.63, 12.25, 19.93, 28, 84, 5588600
0.18, 1.95, 12.27, 23.97, 28, 84, 5600432
0.17, 1.63, 12.30, 20.02, 28, 84, 5612252
0.18, 1.63, 12.25, 19.93, 28, 84, 5624084
0.16, 1.63, 12.30, 20.02, 28, 84, 5635904
0.19, 1.95, 12.27, 23.97, 29, 84, 5647728
0.17, 1.95, 12.25, 23.92, 29, 84, 5659556
0.19, 1.95, 12.30, 24.02, 29, 84, 5671384
0.17, 1.95, 12.27, 23.97, 29, 84, 5683216
0.19, 1.95, 12.27, 23.97, 29, 84, 5695032
0.17, 1.95, 12.27, 23.97, 29, 84, 5706868
0.19, 1.95, 12.25, 23.92, 29, 84, 5718688
0.17, 1.95, 12.30, 24.02, 29, 84, 5730520
0.19, 1.95, 12.27, 23.97, 29, 84, 5742356
0.17, 1.95, 12.30, 24.02, 29, 84, 5754168
0.19, 1.95, 12.27, 23.97, 29, 84, 5765988
0.18, 1.95, 12.27, 23.97, 29, 84, 5777812
0.20, 1.95, 12.30, 24.02, 29, 84, 5789644
0.18, 1.95, 12.27, 23.97, 29, 84, 5801460
0.20, 1.95, 12.27, 23.97, 29, 84, 5813288
0.18, 1.95, 12.30, 24.02, 29, 84, 5825108
0.20, 1.95, 12.27, 23.97, 29, 84, 5836940
0.18, 1.95, 12.30, 24.02, 30, 84, 5848760
0.20, 1.95, 12.27, 23.97, 30, 84, 5860592
0.18, 1.95, 12.25, 23.92, 30, 84, 5872412
0.20, 1.95, 12.27, 23.97, 30, 84, 5884236
0.18, 1.95, 12.27, 23.97, 30, 84, 5896068
0.20, 1.95, 12.27, 23.97, 30, 84, 5907892
0.19, 1.95, 12.27, 23.97, 30, 84, 5919720
0.20, 1.95, 12.27, 23.97, 30, 84, 5931540
0.19, 1.95, 12.27, 23.97, 30, 84, 5943372
0.20, 1.95, 12.27, 23.97, 30, 84, 5955192
0.19, 1.95, 12.27, 23.97, 30, 84, 5967024
0.19, 1.95, 12.27, 23.97, 30, 84, 5978848
0.20, 1.95, 12.25, 23.92, 30, 84, 5990680
0.19, 1.95, 12.27, 23.97, 30, 84, 6002516
0.20, 1.95, 12.27, 23.97, 30, 84, 6014324
0.19, 1.95, 12.30, 24.02, 30, 84, 6026148
0.20, 2.28, 12.27, 27.96, 30, 84, 6037972
0.19, 1.95, 12.30, 24.02, 31, 84, 6049804
0.20, 1.95, 12.25, 23.92, 31, 84, 6061628
0.19, 2.28, 12.25, 27.90, 31, 84, 6073456
0.21, 2.28, 12.27, 27.96, 31, 84, 6085280
0.19, 2.28, 12.27, 27.96, 31, 84, 6097112
0.21, 2.28, 12.30, 28.03, 31, 84, 6108932
0.19, 2.28, 12.27, 27.96, 31, 84, 6120764
0.21, 2.28, 12.25, 27.90, 31, 85, 6132580
0.20, 2.28, 12.25, 27.90, 31, 84, 6144404
0.21, 2.28, 12.30, 28.03, 31, 84, 6156236
0.20, 2.28, 12.27, 27.96, 31, 84, 6168056
0.21, 2.28, 12.27, 27.96, 31, 84, 6179892
0.21, 2.28, 12.27, 27.96, 31, 84, 6191712
0.20, 2.28, 12.25, 27.90, 31, 84, 6203540
0.21, 2.28, 12.30, 28.03, 31, 84, 6215364
0.20, 2.28, 12.27, 27.96, 31, 84, 6227192
0.21, 2.28, 12.25, 27.90, 31, 84, 6239012
0.20, 2.28, 12.30, 28.03, 32, 84, 6250836
0.21, 2.28, 12.30, 28.03, 32, 84, 6262684
0.20, 2.28, 12.27, 27.96, 32, 85, 6274488
0.21, 2.28, 12.25, 27.90, 32, 84, 6286324
0.20, 2.28, 12.25, 27.90, 32, 84, 6298140
0.21, 2.28, 12.27, 27.96, 32, 84, 6309972
0.21, 2.28, 12.27, 27.96, 32, 84, 6321788
0.21, 2.28, 12.25, 27.90, 32, 85, 6333620
0.21, 2.28, 12.27, 27.96, 32, 84, 6345440
0.21, 2.28, 12.25, 27.90, 32, 84, 6357264
0.22, 2.28, 12.27, 27.96, 32, 84, 6369088
0.20, 2.28, 12.30, 28.03, 32, 84, 6380908
0.22, 2.28, 12.22, 27.84, 32, 84, 6392736
0.20, 2.28, 12.25, 27.90, 32, 84, 6404552
0.22, 2.28, 12.22, 27.84, 32, 84, 6416388
0.21, 2.28, 12.25, 27.90, 32, 84, 6428200
0.22, 2.28, 12.27, 27.96, 32, 84, 6440040
0.21, 2.28, 12.22, 27.84, 33, 84, 6451856
0.21, 2.28, 12.25, 27.90, 33, 84, 6463688
0.22, 2.28, 12.30, 28.03, 33, 84, 6475508
0.21, 2.28, 12.25, 27.90, 33, 84, 6487340
0.22, 2.28, 12.25, 27.90, 33, 84, 6499156
0.21, 2.60, 12.27, 31.96, 33, 84, 6510984
0.23, 2.60, 12.27, 31.96, 33, 84, 6522820
0.21, 2.60, 12.27, 31.96, 33, 85, 6534632
0.23, 2.60, 12.25, 31.89, 33, 84, 6546464
0.22, 2.60, 12.25, 31.89, 33, 84, 6558280
0.22, 2.60, 12.27, 31.96, 33, 84, 6570112
0.22, 2.60, 12.22, 31.82, 33, 84, 6581928
0.22, 2.60, 12.25, 31.89, 33, 84, 6593764
0.23, 2.60, 12.27, 31.96, 33, 84, 6605580
0.22, 2.60, 12.19, 31.75, 33, 84, 6617412
0.23, 2.60, 12.25, 31.89, 33, 84, 6629224
0.22, 2.60, 12.27, 31.96, 33, 84, 6641048
0.23, 2.60, 12.25, 31.89, 34, 84, 6652880
0.22, 2.60, 12.25, 31.89, 34, 84, 6664696
0.22, 2.60, 12.25, 31.89, 34, 84, 6676532
0.23, 2.60, 12.25, 31.89, 34, 84, 6688348
0.22, 2.60, 12.27, 31.96, 34, 84, 6700176
0.23, 2.60, 12.25, 31.89, 34, 84, 6711996
0.23, 2.60, 12.22, 31.82, 34, 84, 6723824
0.23, 2.60, 12.25, 31.89, 34, 84, 6735644
0.23, 2.60, 12.25, 31.89, 34, 84, 6747472
0.23, 2.60, 12.22, 31.82, 34, 84, 6759296
0.23, 2.60, 12.27, 31.96, 34, 84, 6771124
0.23, 2.60, 12.25, 31.89, 34, 84, 6782952
0.23, 2.60, 12.25, 31.89, 34, 84, 6794776
0.23, 2.60, 12.27, 31.96, 34, 84, 6806604
0.24, 2.60, 12.25, 31.89, 34, 84, 6818424
0.23, 2.60, 12.25, 31.89, 34, 84, 6830256
0.24, 2.60, 12.22, 31.82, 34, 84, 6842072
0.24, 2.60, 12.25, 31.89, 35, 84, 6853904
0.23, 2.60, 12.19, 31.75, 35, 84, 6865724
0.24, 2.60, 12.25, 31.89, 35, 84, 6877552
0.24, 2.60, 12.22, 31.82, 35, 84, 6889376
0.24, 2.60, 12.25, 31.89, 35, 84, 6901220
0.24, 2.60, 12.25, 31.89, 35, 84, 6913032
0.24, 2.93, 12.19, 35.72, 35, 84, 6924852
0.24, 2.93, 12.25, 35.88, 35, 84, 6936684
0.24, 2.93, 12.25, 35.88, 35, 84, 6948504
0.24, 2.60, 12.25, 31.89, 35, 84, 6960340
0.24, 2.93, 12.22, 35.80, 35, 84, 6972152
0.24, 2.93, 12.19, 35.72, 35, 84, 6983988
0.25, 2.93, 12.22, 35.80, 35, 84, 6995808
0.25, 2.93, 12.27, 35.95, 35, 84, 7007632
0.25, 2.93, 12.22, 35.80, 35, 84, 7019468
0.25, 2.93, 12.22, 35.80, 35, 84, 7031284
0.24, 2.93, 12.22, 35.80, 35, 84, 7043116
0.25, 2.93, 12.22, 35.80, 36, 84, 7054936
0.24, 2.93, 12.22, 35.80, 36, 84, 7066768
0.25, 2.93, 12.19, 35.72, 36, 84, 7078588
0.25, 2.93, 12.22, 35.80, 36, 84, 7090420
0.25, 2.93, 12.30, 36.03, 36, 84, 7102240
0.25, 2.93, 12.27, 35.95, 36, 84, 7114064
0.25, 2.93, 12.25, 35.88, 36, 84, 7125884
0.25, 2.93, 12.22, 35.80, 36, 84, 7137712
0.25, 2.93, 12.19, 35.72, 36, 84, 7149540
0.25, 2.93, 12.27, 35.95, 36, 84, 7161372
0.25, 2.93, 12.25, 35.88, 36, 84, 7173192
0.25, 2.93, 12.22, 35.80, 36, 84, 7185012
0.25, 2.93, 12.25, 35.88, 36, 84, 7196840
0.26, 2.93, 12.25, 35.88, 36, 84, 7208660
0.25, 2.93, 12.25, 35.88, 36, 84, 7220496
0.26, 2.93, 12.27, 35.95, 36, 84, 7232316
0.25, 2.93, 12.22, 35.80, 36, 84, 7244140
0.26, 2.93, 12.22, 35.80, 37, 84, 7255968
0.26, 2.93, 12.22, 35.80, 37, 84, 7267792
0.26, 2.93, 12.22, 35.80, 37, 84, 7279624
0.26, 2.93, 12.25, 35.88, 37, 84, 7291440
0.26, 2.93, 12.16, 35.64, 37, 84, 7303268
0.26, 3.26, 12.27, 39.95, 37, 84, 7315088
0.26, 3.26, 12.22, 39.77, 37, 84, 7326916
0.26, 3.26, 12.22, 39.77, 37, 84, 7338736
0.26, 3.26, 12.19, 39.69, 37, 84, 7350568
0.26, 3.26, 12.22, 39.77, 37, 84, 7362384
0.26, 3.26, 12.27, 39.95, 37, 84, 7374208
0.26, 3.26, 12.22, 39.77, 37, 84, 7386036
0.26, 3.26, 12.22, 39.77, 37, 84, 7397860
0.27, 3.26, 12.25, 39.86, 37, 84, 7409692
0.26, 3.26, 12.25, 39.86, 37, 84, 7421520
0.27, 3.26, 12.22, 39.77, 37, 84, 7433336
0.27, 3.26, 12.16, 39.60, 37, 84, 7445156
0.26, 3.26, 12.25, 39.86, 38, 84, 7456984
0.27, 3.26, 12.22, 39.77, 38, 84, 7468800
0.27, 3.26, 12.14, 39.51, 38, 84, 7480632
0.27, 3.26, 12.22, 39.77, 38, 85, 7492448
0.27, 3.26, 12.27, 39.95, 38, 84, 7504276
0.27, 3.26, 12.19, 39.69, 38, 84, 7516104
0.27, 3.26, 12.16, 39.60, 38, 84, 7527924
0.27, 3.26, 12.25, 39.86, 38, 84, 7539756
0.27, 3.26, 12.22, 39.77, 38, 84, 7551572
0.28, 3.26, 12.19, 39.69, 38, 84, 7563404
0.27, 3.26, 12.27, 39.95, 38, 84, 7575220
0.27, 3.26, 12.22, 39.77, 38, 84, 7587052
0.28, 3.26, 12.22, 39.77, 38, 84, 7598872
0.27, 3.26, 12.25, 39.86, 38, 84, 7610704
0.27, 3.26, 12.25, 39.86, 38, 84, 7622520
0.28, 3.26, 12.22, 39.77, 38, 84, 7634348
0.28, 3.26, 12.22, 39.77, 38, 84, 7646176
0.28, 3.26, 12.25, 39.86, 39, 84, 7657992
0.27, 3.26, 12.16, 39.60, 39, 84, 7669824
0.28, 3.26, 12.25, 39.86, 39, 84, 7681656
0.28, 3.26, 12.16, 39.60, 39, 85, 7693468
0.28, 3.58, 12.19, 43.65, 39, 84, 7705292
0.28, 3.58, 12.16, 43.56, 39, 84, 7717124
0.28, 3.58, 12.22, 43.75, 39, 84, 7728944
0.28, 3.58, 12.19, 43.65, 39, 84, 7740772
0.29, 3.58, 12.22, 43.75, 39, 84, 7752596
0.28, 3.58, 12.19, 43.65, 39, 84, 7764420
0.29, 3.58, 12.22, 43.75, 39, 84, 7776252
0.29, 3.58, 12.22, 43.75, 39, 84, 7788064
0.29, 3.58, 12.16, 43.56, 39, 84, 7799900
0.29, 3.58, 12.25, 43.85, 39, 84, 7811716
0.29, 3.58, 12.22, 43.75, 39, 84, 7823544
0.29, 3.58, 12.19, 43.65, 39, 84, 7835364
0.29, 3.58, 12.19, 43.65, 39, 84, 7847192
0.29, 3.58, 12.19, 43.65, 40, 84, 7859016
0.29, 3.58, 12.16, 43.56, 40, 84, 7870840
0.29, 3.58, 12.19, 43.65, 40, 84, 7882668
0.29, 3.58, 12.22, 43.75, 40, 84, 7894492
0.29, 3.58, 12.19, 43.65, 40, 84, 7906324
0.30, 3.58, 12.19, 43.65, 40, 84, 7918144
0.30, 3.58, 12.19, 43.65, 40, 84, 7929980
0.30, 3.58, 12.19, 43.65, 40, 84, 7941796
0.30, 3.58, 12.16, 43.56, 40, 84, 7953632
0.30, 3.58, 12.19, 43.65, 40, 84, 7965452
0.30, 3.58, 12.22, 43.75, 40, 84, 7977284
0.30, 3.58, 12.22, 43.75, 40, 84, 7989108
0.30, 3.58, 12.19, 43.65, 40, 84, 8000936
0.30, 3.58, 12.22, 43.75, 40, 84, 8012772
0.30, 3.58, 12.25, 43.85, 40, 84, 8024596
0.30, 3.58, 12.16, 43.56, 40, 84, 8036428
0.30, 3.58, 12.22, 43.75, 40, 84, 8048256
0.30, 3.91, 12.22, 47.73, 41, 84, 8060092
0.30, 3.91, 12.16, 47.52, 41, 84, 8071912
0.30, 3.91, 12.16, 47.52, 41, 84, 8083748
0.30, 3.91, 12.22, 47.73, 41, 84, 8095568
0.31, 3.91, 12.14, 47.41, 41, 84, 8107400
0.31, 3.91, 12.16, 47.52, 41, 84, 8119236
0.31, 3.91, 12.19, 47.62, 41, 84, 8131056
0.31, 3.91, 12.14, 47.41, 41, 84, 8142908
0.31, 3.91, 12.16, 47.52, 41, 85, 8154712
0.31, 3.91, 12.19, 47.62, 41, 84, 8166548
0.31, 3.91, 12.14, 47.41, 41, 84, 8178368
0.31, 3.91, 12.19, 47.62, 41, 84, 8190204
0.31, 3.91, 12.22, 47.73, 41, 84, 8202024
0.31, 3.91, 12.16, 47.52, 41, 84, 8213852
0.31, 3.91, 12.22, 47.73, 41, 84, 8225684
0.31, 3.91, 12.14, 47.41, 41, 84, 8237512
0.32, 3.91, 12.22, 47.73, 41, 84, 8249348
0.31, 3.91, 12.19, 47.62, 42, 84, 8261168
0.32, 3.91, 12.22, 47.73, 42, 84, 8273000
0.32, 3.91, 12.16, 47.52, 42, 84, 8284820
0.32, 3.91, 12.22, 47.73, 42, 84, 8296656
0.32, 3.91, 12.14, 47.41, 42, 84, 8308476
0.32, 4.23, 12.22, 51.71, 42, 84, 8320312
0.32, 4.23, 12.19, 51.59, 42, 85, 8332132
0.32, 3.91, 12.16, 47.52, 42, 84, 8343964
0.33, 4.23, 12.11, 51.25, 42, 84, 8355796
0.33, 4.23, 12.22, 51.71, 42, 84, 8367616
0.32, 4.23, 12.14, 51.36, 42, 84, 8379452
0.33, 4.23, 12.19, 51.59, 42, 84, 8391272
0.32, 4.23, 12.19, 51.59, 42, 84, 8403124
0.33, 4.23, 12.16, 51.48, 42, 84, 8414924
0.33, 4.23, 12.19, 51.59, 42, 84, 8426756
0.33, 4.23, 12.11, 51.25, 42, 84, 8438576
0.33, 4.23, 12.16, 51.48, 42, 84, 8450404
0.33, 4.23, 12.14, 51.36, 43, 84, 8462236
0.33, 4.23, 12.19, 51.59, 43, 85, 8474060
0.33, 4.23, 12.16, 51.48, 43, 84, 8485892
0.33, 4.23, 12.16, 51.48, 43, 84, 8497712
0.33, 4.23, 12.11, 51.25, 43, 84, 8509548
0.33, 4.23, 12.22, 51.71, 43, 84, 8521368
0.34, 4.23, 12.19, 51.59, 43, 84, 8533204
0.34, 4.23, 12.14, 51.36, 43, 84, 8545028
0.34, 4.23, 12.19, 51.59, 43, 84, 8556864
0.34, 4.23, 12.11, 51.25, 43, 84, 8568688
0.34, 4.23, 12.19, 51.59, 43, 84, 8580520
0.34, 4.23, 12.11, 51.25, 43, 84, 8592356
0.34, 4.23, 12.19, 51.59, 43, 84, 8604180
0.34, 4.23, 12.14, 51.36, 43, 84, 8616012
0.34, 4.56, 12.25, 55.81, 43, 84, 8627836
0.34, 4.23, 12.14, 51.36, 43, 84, 8639672
0.34, 4.56, 12.16, 55.44, 43, 84, 8651496
0.34, 4.23, 12.11, 51.25, 44, 84, 8663328
0.34, 4.56, 12.16, 55.44, 44, 84, 8675152
0.34, 4.56, 12.22, 55.68, 44, 84, 8686976
0.35, 4.56, 12.16, 55.44, 44, 84, 8698804
0.35, 4.56, 12.14, 55.31, 44, 84, 8710632
0.35, 4.56, 12.19, 55.56, 44, 84, 8722464
0.35, 4.56, 12.14, 55.31, 44, 84, 8734288
0.35, 4.56, 12.16, 55.44, 44, 84, 8746120
0.35, 4.56, 12.11, 55.19, 44, 84, 8757944
0.35, 4.56, 12.16, 55.44, 44, 84, 8769780
0.35, 4.56, 12.11, 55.19, 44, 84, 8781616
0.35, 4.56, 12.14, 55.31, 44, 84, 8793428
0.36, 4.56, 12.14, 55.31, 44, 84, 8805260
0.36, 4.56, 12.16, 55.44, 44, 84, 8817084
0.36, 4.56, 12.11, 55.19, 44, 84, 8828916
0.35, 4.56, 12.14, 55.31, 44, 84, 8840736
0.36, 4.56, 12.19, 55.56, 44, 84, 8852572
0.36, 4.56, 12.08, 55.07, 45, 84, 8864392
0.36, 4.56, 12.19, 55.56, 45, 84, 8876224
0.36, 4.88, 12.08, 59.00, 45, 84, 8888052
0.36, 4.88, 12.22, 59.66, 45, 84, 8899884
0.36, 4.88, 12.16, 59.40, 45, 84, 8911708
0.36, 4.88, 12.06, 58.87, 45, 84, 8923540
0.37, 4.88, 12.22, 59.66, 45, 84, 8935372
0.36, 4.88, 12.08, 59.00, 45, 84, 8947196
0.37, 4.88, 12.19, 59.53, 45, 84, 8959032
0.37, 4.88, 12.11, 59.13, 45, 84, 8970856
0.37, 4.88, 12.25, 59.79, 45, 84, 8982692
0.37, 4.88, 12.19, 59.53, 45, 84, 8994516
0.37, 4.88, 12.08, 59.00, 45, 84, 9006348
0.37, 4.88, 12.14, 59.27, 45, 84, 9018172
0.37, 4.88, 12.25, 59.79, 45, 84, 9030000
0.37, 4.88, 12.16, 59.40, 45, 84, 9041852
0.37, 4.88, 12.14, 59.27, 45, 85, 9053660
0.37, 4.88, 12.19, 59.53, 46, 84, 9065496
0.37, 4.88, 12.19, 59.53, 46, 84, 9077316
0.37, 4.88, 12.14, 59.27, 46, 84, 9089152
0.37, 4.88, 12.03, 58.74, 46, 84, 9100976
0.37, 4.88, 12.19, 59.53, 46, 84, 9112812
0.38, 4.88, 12.19, 59.53, 46, 84, 9124632
0.38, 5.21, 12.11, 63.08, 46, 84, 9136464
0.38, 5.21, 12.14, 63.22, 46, 84, 9148288
0.38, 4.88, 12.11, 59.13, 46, 84, 9160120
0.38, 5.21, 12.22, 63.64, 46, 84, 9171952
0.38, 5.21, 12.16, 63.36, 46, 84, 9183776
0.38, 5.21, 12.14, 63.22, 46, 84, 9195608
0.38, 5.21, 12.11, 63.08, 46, 84, 9207436
0.38, 5.21, 12.19, 63.50, 46, 84, 9219272
0.38, 5.21, 12.14, 63.22, 46, 84, 9231096
0.38, 5.21, 12.16, 63.36, 46, 84, 9242928
0.38, 5.21, 12.14, 63.22, 46, 84, 9254752
0.39, 5.21, 12.19, 63.50, 47, 84, 9266576
0.38, 5.21, 12.16, 63.36, 47, 84, 9278412
0.38, 5.21, 12.08, 62.94, 47, 84, 9290236
0.38, 5.21, 12.16, 63.36, 47, 84, 9302068
0.39, 5.21, 12.14, 63.22, 47, 85, 9313888
0.39, 5.21, 12.14, 63.22, 47, 84, 9325724
0.39, 5.21, 12.06, 62.79, 47, 84, 9337548
0.39, 5.21, 12.08, 62.94, 47, 84, 9349380
0.39, 5.21, 12.14, 63.22, 47, 84, 9361204
0.39, 5.21, 12.06, 62.79, 47, 84, 9373028
0.39, 5.53, 12.14, 67.17, 47, 84, 9384860
0.39, 5.21, 12.11, 63.08, 47, 84, 9396684
0.40, 5.53, 12.14, 67.17, 47, 84, 9408520
0.40, 5.53, 12.14, 67.17, 47, 84, 9420340
0.40, 5.53, 12.08, 66.87, 47, 84, 9432172
0.40, 5.53, 12.03, 66.57, 47, 84, 9443992
0.40, 5.53, 12.11, 67.02, 47, 84, 9455828
0.39, 5.53, 12.11, 67.02, 48, 84, 9467648
0.40, 5.53, 12.25, 67.76, 48, 84, 9479484
0.40, 5.53, 12.08, 66.87, 48, 84, 9491304
0.40, 5.53, 12.14, 67.17, 48, 84, 9503152
0.40, 5.53, 12.11, 67.02, 48, 84, 9514972
0.40, 5.53, 12.16, 67.32, 48, 84, 9526792
0.41, 5.53, 12.11, 67.02, 48, 84, 9538628
0.41, 5.53, 12.08, 66.87, 48, 84, 9550452
0.40, 5.53, 12.08, 66.87, 48, 84, 9562284
0.41, 5.53, 12.11, 67.02, 48, 84, 9574104
0.41, 5.53, 12.11, 67.02, 48, 84, 9585936
0.41, 5.53, 12.11, 67.02, 48, 84, 9597760
0.41, 5.53, 12.19, 67.47, 48, 84, 9609584
0.41, 5.53, 12.08, 66.87, 48, 84, 9621412
0.41, 5.53, 12.11, 67.02, 48, 84, 9633240
0.41, 5.53, 12.14, 67.17, 48, 84, 9645072
0.41, 5.53, 12.08, 66.87, 48, 84, 9656892
0.41, 5.53, 12.11, 67.02, 49, 84, 9668728
0.41, 5.86, 12.06, 70.64, 49, 84, 9680548
0.41, 5.86, 12.19, 71.43, 49, 84, 9692384
0.41, 5.86, 12.16, 71.28, 49, 84, 9704208
0.42, 5.86, 12.08, 70.80, 49, 84, 9716044
0.42, 5.86, 12.11, 70.96, 49, 84, 9727864
0.42, 5.86, 12.03, 70.49, 49, 84, 9739692
0.42, 5.86, 12.06, 70.64, 49, 84, 9751528
0.42, 5.86, 12.14, 71.12, 49, 84, 9763372
0.42, 5.86, 12.11, 70.96, 49, 84, 9775188
0.42, 5.86, 12.11, 70.96, 49, 84, 9787008
0.42, 5.86, 12.08, 70.80, 49, 84, 9798844
0.42, 5.86, 12.14, 71.12, 49, 84, 9810660
0.42, 5.86, 12.06, 70.64, 49, 84, 9822496
0.42, 5.86, 12.11, 70.96, 49, 85, 9834316
0.42, 5.86, 12.16, 71.28, 49, 84, 9846144
0.42, 5.86, 12.11, 70.96, 49, 84, 9857968
0.42, 5.86, 12.08, 70.80, 50, 84, 9869796
0.42, 5.86, 12.08, 70.80, 50, 84, 9881628
0.42, 5.86, 12.06, 70.64, 50, 84, 9893452
0.43, 6.18, 12.11, 74.90, 50, 84, 9905284
0.43, 6.18, 12.08, 74.74, 50, 84, 9917108
0.43, 5.86, 12.14, 71.12, 50, 84, 9928940
0.43, 6.18, 12.11, 74.90, 50, 84, 9940760
0.43, 6.18, 12.11, 74.90, 50, 84, 9952592
0.43, 5.86, 12.14, 71.12, 50, 84, 9964416
0.43, 6.18, 12.11, 74.90, 50, 84, 9976248
0.43, 6.18, 12.06, 74.57, 50, 84, 9988080
0.43, 6.18, 12.14, 75.07, 50, 84, 9999904
0.44, 6.18, 12.06, 74.57, 50, 84, 10011740
0.44, 6.18, 12.06, 74.57, 50, 84, 10023576
0.43, 6.18, 12.00, 74.23, 50, 84, 10035392
0.43, 6.18, 12.08, 74.74, 50, 84, 10047212
0.43, 6.18, 12.06, 74.57, 50, 84, 10059048
0.43, 6.18, 12.00, 74.23, 51, 84, 10070868
0.43, 6.18, 12.14, 75.07, 51, 84, 10082696
0.44, 6.18, 12.00, 74.23, 51, 84, 10094528
0.44, 6.18, 12.03, 74.40, 51, 84, 10106348
0.44, 6.18, 12.14, 75.07, 51, 84, 10118184
0.44, 6.18, 12.06, 74.57, 51, 84, 10130000
0.44, 6.18, 12.11, 74.90, 51, 84, 10141852
0.44, 6.51, 12.16, 79.20, 51, 84, 10153656
0.45, 6.51, 12.08, 78.67, 51, 84, 10165488
0.45, 6.51, 12.06, 78.49, 51, 84, 10177312
0.44, 6.51, 11.98, 77.97, 51, 84, 10189144
0.45, 6.51, 12.11, 78.84, 51, 84, 10200968
0.45, 6.51, 12.06, 78.49, 51, 84, 10212800
0.45, 6.51, 12.06, 78.49, 51, 84, 10224632
0.45, 6.51, 12.06, 78.49, 51, 84, 10236452
0.45, 6.51, 12.03, 78.32, 51, 84, 10248284
0.45, 6.51, 12.03, 78.32, 51, 84, 10260108
0.45, 6.51, 12.06, 78.49, 52, 84, 10271940
0.45, 6.51, 12.14, 79.02, 52, 84, 10283760
0.45, 6.51, 12.06, 78.49, 52, 84, 10295596
0.45, 6.51, 12.08, 78.67, 52, 84, 10307416
0.45, 6.51, 12.06, 78.49, 52, 84, 10319240
0.45, 6.51, 12.11, 78.84, 52, 84, 10331080
0.45, 6.51, 12.06, 78.49, 52, 84, 10342900
0.46, 6.51, 12.03, 78.32, 52, 84, 10354736
0.46, 6.84, 12.03, 82.23, 52, 84, 10366560
0.46, 6.51, 12.16, 79.20, 52, 84, 10378396
0.46, 6.84, 12.06, 82.42, 52, 84, 10390220
0.46, 6.51, 12.08, 78.67, 52, 84, 10402064
0.46, 6.51, 12.11, 78.84, 52, 84, 10413872
0.46, 6.51, 12.03, 78.32, 52, 84, 10425696
0.46, 6.84, 12.03, 82.23, 52, 84, 10437528
0.46, 6.84, 12.03, 82.23, 52, 84, 10449352
0.46, 6.51, 12.19, 79.37, 52, 84, 10461184
0.46, 6.84, 12.08, 82.60, 53, 85, 10473004
0.46, 6.84, 12.03, 82.23, 53, 84, 10484840
0.46, 6.84, 12.11, 82.79, 53, 84, 10496660
0.46, 6.84, 12.00, 82.05, 53, 84, 10508496
0.46, 6.84, 12.00, 82.05, 53, 84, 10520316
0.46, 6.84, 12.00, 82.05, 53, 84, 10532148
0.47, 6.84, 12.08, 82.60, 53, 84, 10543968
0.47, 6.84, 12.00, 82.05, 53, 84, 10555800
0.47, 6.84, 12.11, 82.79, 53, 84, 10567632
0.47, 6.84, 11.89, 81.31, 53, 84, 10579456
0.47, 6.84, 12.11, 82.79, 53, 84, 10591292
0.47, 6.84, 12.11, 82.79, 53, 84, 10603116
0.47, 6.84, 12.08, 82.60, 53, 84, 10614948
0.47, 6.84, 12.00, 82.05, 53, 84, 10626776
0.47, 7.16, 12.11, 86.73, 53, 84, 10638608
0.47, 6.84, 12.08, 82.60, 53, 84, 10650432
0.47, 6.84, 12.14, 82.97, 53, 84, 10662260
0.47, 7.16, 12.00, 85.96, 54, 84, 10674088
0.47, 7.16, 12.11, 86.73, 54, 84, 10685920
0.47, 6.84, 12.14, 82.97, 54, 84, 10697756
0.47, 7.16, 12.08, 86.54, 54, 84, 10709576
0.48, 7.16, 11.98, 85.76, 54, 84, 10721412
0.48, 7.16, 12.03, 86.15, 54, 84, 10733236
0.48, 7.16, 12.03, 86.15, 54, 84, 10745072
0.48, 7.16, 12.00, 85.96, 54, 84, 10756892
0.48, 7.16, 12.03, 86.15, 54, 84, 10768724
0.48, 7.16, 12.14, 86.92, 54, 84, 10780552
0.48, 7.16, 12.16, 87.12, 54, 84, 10792380
0.48, 7.16, 12.14, 86.92, 54, 84, 10804220
0.49, 7.16, 12.00, 85.96, 54, 84, 10816036
0.48, 7.16, 12.06, 86.34, 54, 84, 10827876
0.48, 7.16, 12.06, 86.34, 54, 84, 10839696
0.48, 7.16, 11.98, 85.76, 54, 84, 10851532
0.49, 7.16, 12.03, 86.15, 54, 84, 10863352
0.48, 7.16, 12.08, 86.54, 55, 84, 10875188
0.48, 7.16, 12.03, 86.15, 55, 84, 10887012
0.49, 7.16, 12.08, 86.54, 55, 84, 10898836
0.48, 7.16, 11.95, 85.57, 55, 84, 10910668
0.49, 7.49, 12.03, 90.07, 55, 84, 10922492
0.49, 7.49, 11.95, 89.46, 55, 84, 10934324
0.49, 7.49, 12.03, 90.07, 55, 84, 10946148
0.49, 7.49, 11.98, 89.66, 55, 84, 10957984
0.49, 7.49, 12.00, 89.86, 55, 84, 10969804
0.49, 7.49, 11.98, 89.66, 55, 84, 10981632
0.49, 7.49, 11.98, 89.66, 55, 84, 10993456
0.49, 7.49, 12.08, 90.47, 55, 84, 11005284
0.49, 7.49, 12.14, 90.87, 55, 84, 11017112
0.50, 7.49, 11.98, 89.66, 55, 84, 11028944
0.50, 7.49, 12.00, 89.86, 55, 84, 11040776
0.50, 7.49, 11.98, 89.66, 55, 84, 11052600
0.50, 7.49, 12.00, 89.86, 55, 84, 11064436
0.49, 7.49, 12.11, 90.67, 56, 84, 11076256
0.49, 7.49, 12.00, 89.86, 56, 84, 11088092
0.50, 7.49, 11.95, 89.46, 56, 84, 11099916
0.50, 7.81, 12.06, 94.19, 56, 84, 11111752
0.50, 7.81, 12.11, 94.61, 56, 84, 11123592
0.50, 7.81, 12.03, 93.98, 56, 85, 11135404
0.50, 7.81, 11.95, 93.35, 56, 84, 11147240
0.50, 7.81, 11.98, 93.56, 56, 84, 11159064
0.50, 7.81, 11.95, 93.35, 56, 84, 11170900
0.50, 7.81, 12.08, 94.40, 56, 84, 11182720
0.50, 7.81, 11.92, 93.14, 56, 84, 11194556
0.51, 7.81, 12.03, 93.98, 56, 84, 11206380
0.50, 7.81, 11.95, 93.35, 56, 84, 11218216
0.51, 7.81, 11.95, 93.35, 56, 84, 11230036
0.51, 7.81, 12.11, 94.61, 56, 84, 11241868
0.51, 7.81, 12.03, 93.98, 56, 84, 11253700
0.51, 7.81, 12.16, 95.03, 56, 84, 11265524
0.51, 7.81, 12.14, 94.82, 57, 84, 11277356
0.51, 7.81, 12.11, 94.61, 57, 84, 11289176
0.51, 7.81, 11.95, 93.35, 57, 84, 11301008
0.51, 7.81, 12.11, 94.61, 57, 84, 11312828
0.51, 7.81, 11.98, 93.56, 57, 84, 11324664
0.51, 7.81, 11.92, 93.14, 57, 84, 11336484
0.51, 8.14, 12.11, 98.56, 57, 84, 11348312
0.51, 8.14, 11.98, 97.46, 57, 84, 11360144
0.51, 8.14, 11.95, 97.24, 57, 84, 11371968
0.52, 8.14, 12.00, 97.68, 57, 84, 11383820
0.52, 8.14, 11.98, 97.46, 57, 85, 11395620
0.52, 8.14, 11.92, 97.02, 57, 84, 11407460
0.52, 8.14, 12.03, 97.90, 57, 84, 11419280
0.52, 8.14, 11.89, 96.80, 57, 84, 11431116
0.52, 8.14, 12.14, 98.78, 57, 84, 11442936
0.52, 8.14, 11.95, 97.24, 57, 84, 11454772
0.52, 8.14, 12.11, 98.56, 57, 84, 11466596
0.52, 8.14, 12.00, 97.68, 58, 84, 11478424
0.52, 8.14, 11.87, 96.58, 58, 84, 11490264
0.52, 8.14, 11.98, 97.46, 58, 84, 11502100
0.52, 8.14, 12.16, 98.99, 58, 84, 11513920
0.52, 8.14, 11.95, 97.24, 58, 84, 11525740
0.52, 8.46, 12.00, 101.58, 58, 84, 11537572
0.52, 8.46, 12.06, 102.04, 58, 84, 11549400
0.52, 8.46, 12.03, 101.81, 58, 84, 11561232
0.53, 8.46, 11.98, 101.36, 58, 84, 11573052
0.53, 8.46, 11.92, 100.90, 58, 84, 11584876
0.53, 8.46, 12.03, 101.81, 58, 84, 11596704
0.53, 8.46, 11.95, 101.13, 58, 84, 11608532
0.53, 8.46, 11.92, 100.90, 58, 84, 11620368
0.53, 8.46, 11.98, 101.36, 58, 84, 11632188
0.53, 8.46, 11.95, 101.13, 58, 84, 11644024
0.53, 8.46, 12.00, 101.58, 58, 84, 11655848
0.53, 8.46, 12.14, 102.73, 58, 84, 11667680
0.53, 8.46, 11.92, 100.90, 59, 84, 11679504
0.53, 8.46, 12.03, 101.81, 59, 84, 11691340
0.53, 8.46, 11.95, 101.13, 59, 84, 11703164
0.53, 8.46, 11.92, 100.90, 59, 84, 11714996
0.53, 8.46, 12.03, 101.81, 59, 84, 11726828
0.54, 8.46, 11.92, 100.90, 59, 84, 11738648
0.53, 8.46, 11.92, 100.90, 59, 84, 11750484
0.54, 8.46, 11.92, 100.90, 59, 84, 11762324
0.54, 8.79, 12.00, 105.49, 59, 84, 11774144
0.54, 8.79, 12.03, 105.73, 59, 84, 11785964
0.54, 8.46, 11.92, 100.90, 59, 84, 11797804
0.54, 8.79, 12.00, 105.49, 59, 84, 11809624
0.54, 8.46, 11.87, 100.44, 59, 84, 11821456
0.54, 8.79, 12.08, 106.20, 59, 84, 11833292
0.54, 8.79, 12.03, 105.73, 59, 84, 11845116
0.54, 8.79, 11.89, 104.54, 59, 84, 11856948
0.54, 8.79, 11.89, 104.54, 59, 84, 11868768
0.54, 8.79, 11.98, 105.25, 60, 84, 11880604
0.54, 8.46, 11.98, 101.36, 60, 84, 11892428
0.54, 8.79, 11.95, 105.02, 60, 84, 11904256
0.54, 8.79, 11.92, 104.78, 60, 84, 11916080
0.54, 8.79, 12.03, 105.73, 60, 84, 11927912
0.55, 8.79, 11.95, 105.02, 60, 84, 11939740
0.55, 8.79, 11.95, 105.02, 60, 84, 11951568
0.55, 8.79, 11.81, 103.83, 60, 84, 11963404
0.55, 8.79, 12.16, 106.91, 60, 85, 11975228
0.55, 8.79, 11.95, 105.02, 60, 84, 11987064
0.55, 8.79, 12.06, 105.97, 60, 84, 11998888
0.55, 8.79, 11.95, 105.02, 60, 84, 12010720
0.55, 8.79, 11.95, 105.02, 60, 84, 12022544
0.55, 8.79, 12.00, 105.49, 60, 84, 12034380
0.55, 8.79, 11.92, 104.78, 60, 84, 12046200
0.55, 9.11, 12.00, 109.40, 60, 84, 12058028
0.55, 9.11, 11.92, 108.66, 60, 84, 12069864
0.55, 9.11, 11.95, 108.91, 61, 84, 12081688
0.55, 8.79, 11.87, 104.31, 61, 84, 12093524
0.55, 9.11, 11.95, 108.91, 61, 84, 12105344
0.56, 9.11, 11.84, 107.92, 61, 84, 12117184
0.56, 9.11, 12.00, 109.40, 61, 84, 12129004
0.56, 9.11, 12.00, 109.40, 61, 84, 12140840
0.56, 9.11, 11.89, 108.42, 61, 84, 12152664
0.56, 9.11, 11.98, 109.15, 61, 84, 12164492
0.56, 9.11, 11.84, 107.92, 61, 84, 12176324
0.56, 9.11, 11.98, 109.15, 61, 84, 12188148
0.56, 9.11, 11.95, 108.91, 61, 84, 12199980
0.56, 9.11, 11.92, 108.66, 61, 84, 12211800
0.56, 9.44, 11.98, 113.05, 61, 84, 12223636
0.57, 9.44, 11.84, 111.78, 61, 84, 12235456
0.57, 9.44, 11.95, 112.80, 61, 84, 12247292
0.57, 9.44, 11.95, 112.80, 61, 84, 12259112
0.57, 9.44, 11.81, 111.52, 61, 84, 12270940
0.57, 9.11, 11.95, 108.91, 62, 84, 12282768
0.57, 9.44, 11.95, 112.80, 62, 85, 12294596
0.56, 9.44, 11.87, 112.03, 62, 84, 12306428
0.57, 9.44, 11.89, 112.29, 62, 84, 12318252
0.57, 9.44, 11.87, 112.03, 62, 84, 12330088
0.57, 9.44, 12.14, 114.58, 62, 84, 12341912
0.57, 9.44, 11.98, 113.05, 62, 84, 12353744
0.57, 9.44, 11.87, 112.03, 62, 84, 12365572
0.57, 9.44, 11.98, 113.05, 62, 84, 12377404
0.58, 9.44, 12.11, 114.32, 62, 84, 12389228
0.58, 9.44, 11.89, 112.29, 62, 84, 12401056
0.58, 9.44, 11.89, 112.29, 62, 84, 12412888
0.58, 9.44, 12.08, 114.07, 62, 84, 12424712
0.58, 9.44, 11.89, 112.29, 62, 84, 12436544
0.58, 9.44, 11.87, 112.03, 62, 84, 12448364
0.58, 9.44, 12.00, 113.31, 62, 84, 12460196
0.58, 9.44, 11.89, 112.29, 62, 84, 12472024
0.58, 9.44, 11.98, 113.05, 63, 84, 12483876
0.58, 9.44, 11.87, 112.03, 63, 84, 12495680
0.58, 9.77, 11.84, 115.63, 63, 84, 12507504
0.58, 9.77, 11.95, 116.69, 63, 84, 12519332
0.58, 9.77, 11.87, 115.90, 63, 84, 12531160
0.58, 9.77, 11.98, 116.95, 63, 84, 12542988
0.58, 9.77, 11.95, 116.69, 63, 84, 12554816
0.58, 9.77, 11.89, 116.16, 63, 84, 12566648
0.59, 10.09, 11.98, 120.85, 63, 84, 12578468
0.58, 9.77, 11.98, 116.95, 63, 84, 12590300
0.59, 9.77, 11.89, 116.16, 63, 84, 12602124
0.59, 9.77, 11.81, 115.37, 63, 84, 12613956
0.59, 9.77, 12.06, 117.74, 63, 84, 12625784
0.59, 9.77, 11.92, 116.42, 63, 84, 12637612
0.59, 9.77, 11.87, 115.90, 63, 84, 12649448
0.59, 10.09, 11.98, 120.85, 63, 84, 12661272
0.59, 9.77, 12.03, 117.48, 63, 84, 12673108
0.59, 9.77, 11.92, 116.42, 64, 84, 12684928
0.59, 9.77, 11.81, 115.37, 64, 84, 12696764
0.59, 10.09, 11.87, 119.76, 64, 84, 12708588
0.59, 10.09, 11.89, 120.03, 64, 84, 12720424
0.59, 10.09, 11.87, 119.76, 64, 84, 12732248
0.60, 10.09, 11.87, 119.76, 64, 84, 12744096
0.60, 10.09, 11.87, 119.76, 64, 84, 12755912
0.60, 10.09, 11.89, 120.03, 64, 84, 12767736
0.60, 10.09, 11.84, 119.49, 64, 84, 12779564
0.60, 10.09, 11.87, 119.76, 64, 84, 12791388
0.60, 10.09, 11.81, 119.21, 64, 84, 12803228
0.60, 10.09, 11.84, 119.49, 64, 84, 12815048
0.60, 10.09, 11.89, 120.03, 64, 84, 12826884
0.60, 10.09, 11.79, 118.94, 64, 84, 12838708
0.60, 10.09, 11.92, 120.30, 64, 84, 12850540
0.60, 10.09, 11.81, 119.21, 64, 84, 12862380
0.60, 10.09, 11.84, 119.49, 64, 84, 12874196
0.60, 10.09, 12.06, 121.66, 65, 84, 12886032
0.60, 10.09, 11.89, 120.03, 65, 84, 12897856
0.60, 10.42, 11.87, 123.62, 65, 84, 12909692
0.60, 10.09, 11.79, 118.94, 65, 84, 12921512
0.61, 10.42, 12.03, 125.31, 65, 84, 12933348
0.61, 10.42, 11.89, 123.90, 65, 84, 12945172
0.61, 10.42, 11.81, 123.06, 65, 84, 12957008
0.61, 10.42, 12.03, 125.31, 65, 84, 12968832
0.61, 10.42, 11.89, 123.90, 65, 84, 12980656
0.61, 10.42, 11.84, 123.34, 65, 84, 12992492
0.61, 10.42, 11.89, 123.90, 65, 84, 13004308
0.61, 10.42, 11.76, 122.50, 65, 84, 13016144
0.61, 10.42, 12.08, 125.87, 65, 84, 13027968
0.61, 10.42, 11.89, 123.90, 65, 84, 13039804
0.61, 10.42, 11.81, 123.06, 65, 84, 13051624
0.61, 10.42, 11.92, 124.18, 65, 84, 13063460
0.61, 10.42, 11.87, 123.62, 65, 84, 13075284
0.61, 10.42, 11.89, 123.90, 66, 84, 13087112
0.61, 10.42, 11.89, 123.90, 66, 84, 13098948
0.61, 10.42, 11.87, 123.62, 66, 84, 13110776
0.62, 10.74, 11.87, 127.49, 66, 84, 13122624
0.62, 10.74, 11.87, 127.49, 66, 85, 13134432
0.62, 10.42, 12.00, 125.03, 66, 84, 13146264
0.62, 10.74, 11.89, 127.78, 66, 84, 13158084
0.62, 10.74, 11.81, 126.91, 66, 84, 13169920
0.62, 10.74, 11.89, 127.78, 66, 84, 13181740
0.62, 10.74, 12.00, 128.93, 66, 84, 13193564
0.63, 10.74, 11.81, 126.91, 66, 84, 13205392
0.63, 11.07, 11.84, 131.05, 66, 84, 13217220
0.63, 10.74, 12.00, 128.93, 66, 84, 13229052
0.63, 10.74, 11.81, 126.91, 66, 84, 13240876
0.63, 10.74, 11.87, 127.49, 66, 84, 13252712
0.63, 10.74, 11.76, 126.33, 66, 84, 13264532
0.63, 10.74, 11.87, 127.49, 66, 84, 13276364
0.62, 10.74, 12.08, 129.80, 67, 84, 13288188
0.62, 10.74, 11.68, 125.46, 67, 84, 13300020
0.62, 10.74, 11.81, 126.91, 67, 84, 13311844
0.63, 10.74, 11.68, 125.46, 67, 84, 13323672
0.63, 11.07, 11.81, 130.75, 67, 84, 13335508
0.63, 11.07, 11.87, 131.35, 67, 84, 13347328
0.63, 11.07, 11.79, 130.45, 67, 84, 13359164
0.63, 11.07, 11.84, 131.05, 67, 84, 13370980
0.63, 11.07, 11.95, 132.24, 67, 84, 13382820
0.63, 11.07, 11.98, 132.54, 67, 84, 13394644
0.63, 11.07, 11.98, 132.54, 67, 84, 13406480
0.64, 11.07, 11.87, 131.35, 67, 84, 13418300
0.63, 11.07, 11.81, 130.75, 67, 84, 13430128
0.64, 11.07, 11.84, 131.05, 67, 84, 13441956
0.64, 11.07, 11.79, 130.45, 67, 84, 13453788
0.64, 11.07, 11.84, 131.05, 67, 84, 13465624
0.64, 11.07, 11.95, 132.24, 67, 84, 13477444
0.64, 11.07, 11.89, 131.65, 68, 84, 13489284
0.64, 11.39, 11.87, 135.21, 68, 84, 13501104
0.64, 11.07, 11.79, 130.45, 68, 84, 13512940
0.65, 11.39, 11.89, 135.52, 68, 84, 13524764
0.64, 11.39, 11.73, 133.68, 68, 84, 13536592
0.65, 11.39, 11.79, 134.29, 68, 84, 13548420
0.65, 11.72, 11.92, 139.71, 68, 84, 13560252
0.65, 11.39, 11.79, 134.29, 68, 84, 13572084
0.65, 11.39, 11.95, 136.13, 68, 84, 13583908
0.65, 11.39, 11.79, 134.29, 68, 84, 13595740
0.65, 11.39, 11.87, 135.21, 68, 84, 13607568
0.65, 11.39, 11.76, 133.98, 68, 84, 13619400
0.65, 11.39, 11.89, 135.52, 68, 84, 13631224
0.65, 11.39, 11.89, 135.52, 68, 84, 13643060
0.65, 11.39, 11.79, 134.29, 68, 85, 13654876
0.65, 11.39, 11.79, 134.29, 68, 84, 13666704
0.65, 11.39, 11.92, 135.83, 68, 84, 13678540
0.65, 11.39, 11.76, 133.98, 69, 84, 13690360
0.65, 11.72, 11.84, 138.76, 69, 84, 13702196
0.65, 11.72, 11.87, 139.08, 69, 84, 13714016
0.66, 11.72, 11.79, 138.13, 69, 84, 13725848
0.66, 11.72, 11.84, 138.76, 69, 84, 13737672
0.66, 11.72, 11.87, 139.08, 69, 84, 13749508
0.66, 11.72, 11.79, 138.13, 69, 84, 13761324
0.66, 11.72, 11.87, 139.08, 69, 84, 13773152
0.66, 12.04, 11.76, 141.64, 69, 84, 13784984
0.66, 11.72, 11.84, 138.76, 69, 84, 13796808
0.66, 11.72, 11.84, 138.76, 69, 84, 13808644
0.66, 11.72, 11.76, 137.81, 69, 84, 13820468
0.66, 12.04, 11.89, 143.26, 69, 84, 13832304
0.66, 11.72, 11.84, 138.76, 69, 84, 13844148
0.66, 11.72, 11.76, 137.81, 69, 84, 13855960
0.67, 12.04, 11.81, 142.29, 69, 84, 13867784
0.66, 11.72, 11.71, 137.18, 69, 84, 13879620
0.66, 11.72, 11.81, 138.44, 70, 84, 13891440
0.67, 12.04, 11.79, 141.96, 70, 84, 13903272
0.67, 12.04, 11.76, 141.64, 70, 84, 13915104
0.67, 12.04, 11.79, 141.96, 70, 84, 13926928
0.67, 12.04, 11.81, 142.29, 70, 84, 13938764
0.67, 12.04, 11.68, 140.66, 70, 84, 13950584
0.68, 12.04, 11.87, 142.94, 70, 84, 13962436
0.67, 12.04, 11.73, 141.31, 70, 85, 13974240
0.67, 12.04, 11.76, 141.64, 70, 84, 13986072
0.67, 12.04, 12.00, 144.56, 70, 84, 13997892
0.67, 12.37, 11.95, 147.80, 70, 84, 14009724
0.67, 12.37, 11.79, 145.80, 70, 84, 14021552
0.68, 12.37, 11.79, 145.80, 70, 84, 14033384
0.68, 12.37, 11.81, 146.13, 70, 84, 14045220
0.67, 12.04, 11.81, 142.29, 70, 84, 14057044
0.67, 12.37, 11.89, 147.14, 70, 84, 14068876
0.67, 12.04, 11.71, 140.99, 70, 84, 14080700
0.67, 12.04, 11.71, 140.99, 71, 84, 14092536
0.67, 12.37, 11.79, 145.80, 71, 84, 14104380
0.68, 12.04, 11.73, 141.31, 71, 84, 14116188
0.68, 12.04, 11.81, 142.29, 71, 84, 14128020
0.68, 12.37, 11.79, 145.80, 71, 84, 14139848
0.68, 12.37, 11.89, 147.14, 71, 84, 14151684
0.68, 12.37, 11.73, 145.13, 71, 84, 14163508
0.68, 12.37, 11.71, 144.80, 71, 84, 14175344
0.68, 12.70, 11.89, 151.01, 71, 84, 14187168
0.68, 12.37, 11.73, 145.13, 71, 84, 14199000
0.69, 12.37, 11.87, 146.80, 71, 84, 14210820
0.68, 12.37, 11.73, 145.13, 71, 84, 14222668
0.69, 12.37, 11.95, 147.80, 71, 85, 14234476
0.69, 12.70, 11.79, 149.64, 71, 84, 14246304
0.68, 12.37, 11.84, 146.47, 71, 84, 14258136
0.69, 12.70, 11.73, 148.95, 71, 84, 14269960
0.69, 12.70, 11.98, 152.03, 71, 84, 14281796
0.69, 12.70, 11.81, 149.98, 72, 84, 14293616
0.69, 12.70, 11.81, 149.98, 72, 84, 14305448
0.69, 12.70, 11.79, 149.64, 72, 84, 14317268
0.69, 12.70, 11.76, 149.30, 72, 84, 14329100
0.69, 12.70, 11.71, 148.61, 72, 84, 14340924
0.69, 12.70, 11.79, 149.64, 72, 84, 14352752
0.69, 12.70, 11.68, 148.27, 72, 84, 14364608
0.70, 12.70, 11.65, 147.93, 72, 85, 14376408
0.70, 13.02, 11.81, 153.83, 72, 84, 14388244
0.70, 13.02, 11.87, 154.53, 72, 84, 14400068
0.69, 12.70, 11.84, 150.32, 72, 84, 14411900
0.70, 12.70, 11.79, 149.64, 72, 84, 14423724
0.69, 13.02, 11.76, 153.12, 72, 84, 14435560
0.70, 13.02, 11.73, 152.77, 72, 84, 14447384
0.70, 12.70, 11.76, 149.30, 72, 84, 14459216
0.70, 13.02, 11.98, 155.93, 72, 84, 14471040
0.70, 13.02, 11.79, 153.47, 72, 84, 14482884
0.70, 13.02, 11.84, 154.18, 73, 84, 14494708
0.70, 13.02, 11.76, 153.12, 73, 84, 14506528
0.70, 13.02, 11.65, 151.72, 73, 84, 14518364
0.70, 13.02, 11.79, 153.47, 73, 84, 14530188
0.70, 13.02, 11.63, 151.37, 73, 84, 14542020
0.70, 13.02, 11.73, 152.77, 73, 84, 14553840
0.71, 13.02, 11.76, 153.12, 73, 84, 14565672
0.70, 13.02, 11.63, 151.37, 73, 84, 14577492
0.71, 13.02, 11.87, 154.53, 73, 84, 14589324
0.71, 13.35, 11.87, 158.39, 73, 84, 14601152
0.71, 13.02, 11.92, 155.23, 73, 84, 14612980
0.71, 13.02, 11.79, 153.47, 73, 84, 14624812
0.71, 13.35, 11.65, 155.51, 73, 84, 14636628
0.71, 13.35, 11.73, 156.59, 73, 84, 14648464
0.71, 13.02, 11.71, 152.42, 73, 84, 14660288
0.71, 13.35, 11.81, 157.67, 73, 84, 14672124
0.71, 13.02, 11.84, 154.18, 73, 84, 14683944
0.71, 13.35, 11.71, 156.23, 74, 84, 14695776
0.71, 13.35, 11.71, 156.23, 74, 84, 14707604
0.71, 13.35, 11.76, 156.95, 74, 84, 14719432
0.71, 13.35, 12.00, 160.19, 74, 84, 14731268
0.71, 13.35, 11.68, 155.87, 74, 84, 14743092
0.72, 13.35, 11.71, 156.23, 74, 84, 14754924
0.72, 13.35, 11.84, 158.03, 74, 84, 14766748
0.72, 13.67, 11.71, 160.04, 74, 84, 14778584
0.72, 13.67, 11.92, 162.99, 74, 84, 14790408
0.72, 13.67, 11.60, 158.57, 74, 84, 14802240
0.72, 13.35, 11.79, 157.31, 74, 85, 14814056
0.73, 13.67, 11.73, 160.41, 74, 84, 14825884
0.73, 13.67, 11.68, 159.67, 74, 84, 14837720
0.73, 13.67, 11.73, 160.41, 74, 84, 14849540
0.73, 13.67, 11.87, 162.25, 74, 84, 14861372
0.73, 13.67, 11.71, 160.04, 74, 84, 14873196
0.73, 13.67, 11.79, 161.15, 74, 84, 14885032
0.73, 13.67, 11.63, 158.94, 75, 84, 14896848
0.73, 13.67, 11.79, 161.15, 75, 84, 14908684
0.73, 13.67, 11.73, 160.41, 75, 84, 14920504
0.73, 13.67, 11.76, 160.78, 75, 84, 14932332
0.73, 13.67, 11.73, 160.41, 75, 84, 14944160
0.73, 14.00, 11.68, 163.47, 75, 84, 14955984
0.74, 14.00, 11.76, 164.61, 75, 84, 14967820
0.73, 14.00, 11.73, 164.23, 75, 84, 14979640
0.74, 14.00, 11.68, 163.47, 75, 84, 14991476
0.74, 14.00, 11.79, 164.99, 75, 84, 15003296
0.74, 14.00, 11.73, 164.23, 75, 84, 15015132
0.74, 14.00, 11.76, 164.61, 75, 84, 15026956
0.74, 14.00, 11.81, 165.36, 75, 84, 15038788
0.74, 14.00, 11.71, 163.85, 75, 84, 15050608
0.74, 14.00, 11.68, 163.47, 75, 84, 15062436
0.74, 14.00, 11.73, 164.23, 75, 84, 15074268
0.75, 14.32, 11.81, 169.21, 75, 84, 15086092
0.74, 14.00, 11.89, 166.50, 76, 84, 15097924
0.74, 14.00, 11.87, 166.12, 76, 84, 15109744
0.74, 14.00, 11.71, 163.85, 76, 84, 15121580
0.74, 14.32, 11.63, 166.50, 76, 84, 15133404
0.74, 14.00, 11.60, 162.34, 76, 84, 15145236
0.75, 14.32, 11.68, 167.28, 76, 84, 15157064
0.75, 14.32, 11.84, 169.59, 76, 84, 15168888
0.75, 14.32, 11.65, 166.89, 76, 84, 15180720
0.75, 14.32, 11.87, 169.98, 76, 84, 15192548
0.75, 14.32, 11.79, 168.82, 76, 84, 15204404
0.75, 14.32, 11.68, 167.28, 76, 85, 15216208
0.75, 14.32, 11.73, 168.05, 76, 84, 15228040
0.76, 14.32, 11.63, 166.50, 76, 84, 15239864
0.75, 14.32, 11.68, 167.28, 76, 84, 15251700
0.75, 14.32, 11.71, 167.66, 76, 84, 15263524
0.75, 14.32, 11.68, 167.28, 76, 84, 15275352
0.75, 14.32, 11.81, 169.21, 76, 84, 15287184
0.76, 14.32, 11.79, 168.82, 77, 84, 15299012
0.76, 14.32, 11.68, 167.28, 77, 84, 15310848
0.76, 14.32, 11.57, 165.73, 77, 84, 15322684
0.76, 14.65, 11.73, 171.87, 77, 84, 15334504
0.76, 14.65, 11.79, 172.66, 77, 84, 15346328
0.76, 14.65, 11.65, 170.68, 77, 84, 15358160
0.77, 14.65, 11.79, 172.66, 77, 84, 15369980
0.77, 14.65, 11.60, 169.89, 77, 84, 15381812
0.76, 14.65, 11.65, 170.68, 77, 84, 15393636
0.77, 14.65, 11.84, 173.45, 77, 84, 15405460
0.77, 14.65, 11.68, 171.08, 77, 84, 15417296
0.77, 14.65, 11.79, 172.66, 77, 84, 15429116
0.77, 14.65, 11.57, 169.50, 77, 84, 15440952
0.77, 14.65, 11.65, 170.68, 77, 84, 15452772
0.77, 14.97, 11.68, 174.88, 77, 84, 15464628
0.77, 14.65, 11.87, 173.84, 77, 84, 15476432
0.77, 14.65, 11.71, 171.47, 77, 84, 15488264
0.77, 14.65, 11.79, 172.66, 78, 84, 15500092
0.77, 14.65, 11.73, 171.87, 78, 84, 15511916
0.77, 14.65, 11.71, 171.47, 78, 84, 15523752
0.77, 14.97, 11.65, 174.48, 78, 84, 15535576
0.77, 14.97, 11.81, 176.90, 78, 84, 15547412
0.77, 14.97, 11.63, 174.07, 78, 84, 15559232
0.77, 14.97, 11.60, 173.67, 78, 84, 15571064
0.77, 14.97, 11.73, 175.69, 78, 84, 15582900
0.77, 14.97, 11.76, 176.09, 78, 84, 15594720
0.78, 14.97, 11.71, 175.28, 78, 84, 15606544
0.77, 14.97, 11.65, 174.48, 78, 84, 15618380
0.78, 14.97, 11.81, 176.90, 78, 84, 15630200
0.77, 14.97, 11.68, 174.88, 78, 84, 15642028
0.77, 15.30, 11.65, 178.27, 78, 84, 15653860
0.77, 15.30, 11.79, 180.33, 78, 84, 15665680
0.77, 14.97, 11.63, 174.07, 78, 84, 15677516
0.77, 15.30, 11.68, 178.68, 78, 84, 15689336
0.77, 15.30, 11.60, 177.44, 79, 84, 15701168
0.77, 15.30, 11.68, 178.68, 79, 84, 15712992
0.77, 14.97, 11.73, 175.69, 79, 84, 15724844
0.77, 15.30, 11.76, 179.92, 79, 85, 15736652
0.78, 15.30, 11.73, 179.51, 79, 84, 15748480
0.78, 15.30, 11.79, 180.33, 79, 84, 15760316
0.78, 15.30, 11.52, 176.21, 79, 84, 15772140
0.78, 15.30, 11.71, 179.09, 79, 84, 15783976
0.78, 15.30, 11.52, 176.21, 79, 85, 15795796
0.79, 15.30, 11.54, 176.62, 79, 84, 15807632
0.79, 15.30, 11.52, 176.21, 79, 84, 15819452
0.79, 15.30, 11.76, 179.92, 79, 84, 15831288
0.79, 15.30, 11.65, 178.27, 79, 84, 15843124
0.79, 15.63, 11.76, 183.75, 79, 84, 15854936
0.78, 15.30, 11.68, 178.68, 79, 84, 15866764
0.78, 15.30, 11.65, 178.27, 79, 84, 15878588
0.79, 15.63, 11.79, 184.17, 79, 84, 15890424
0.78, 15.63, 11.68, 182.48, 80, 84, 15902244
0.79, 15.63, 11.76, 183.75, 80, 84, 15914076
0.79, 15.95, 11.71, 186.72, 80, 84, 15925900
0.79, 15.63, 11.57, 180.80, 80, 84, 15937732
0.79, 15.63, 11.52, 179.96, 80, 84, 15949552
0.80, 15.63, 11.52, 179.96, 80, 84, 15961388
0.80, 15.95, 11.65, 185.86, 80, 84, 15973212
0.80, 15.95, 11.79, 188.01, 80, 84, 15985036
0.80, 15.63, 11.52, 179.96, 80, 84, 15996872
0.80, 15.63, 11.71, 182.91, 80, 84, 16008692
0.81, 15.95, 11.79, 188.01, 80, 84, 16020528
0.81, 15.95, 11.52, 183.70, 80, 84, 16032348
0.80, 15.63, 11.68, 182.48, 80, 84, 16044184
0.80, 15.95, 11.57, 184.56, 80, 84, 16056004
0.81, 15.95, 11.65, 185.86, 80, 84, 16067836
0.81, 15.95, 11.68, 186.29, 80, 84, 16079656
0.81, 15.95, 11.63, 185.42, 80, 84, 16091488
0.81, 15.95, 11.65, 185.86, 81, 84, 16103316
0.81, 15.95, 11.65, 185.86, 81, 84, 16115140
0.80, 15.95, 11.73, 187.15, 81, 84, 16126976
0.81, 15.95, 11.63, 185.42, 81, 84, 16138800
0.81, 15.95, 11.68, 186.29, 81, 84, 16150632
0.81, 16.28, 11.60, 188.77, 81, 84, 16162452
0.81, 16.28, 11.68, 190.09, 81, 84, 16174288
0.81, 16.28, 11.60, 188.77, 81, 84, 16186108
0.81, 16.28, 11.60, 188.77, 81, 84, 16197944
0.81, 15.95, 11.71, 186.72, 81, 84, 16209768
0.81, 16.28, 11.63, 189.21, 81, 84, 16221596
0.81, 16.28, 11.63, 189.21, 81, 84, 16233428
0.82, 16.28, 11.63, 189.21, 81, 84, 16245252
0.81, 16.28, 11.63, 189.21, 81, 84, 16257084
0.81, 16.28, 11.68, 190.09, 81, 84, 16268912
0.81, 16.28, 11.54, 187.89, 81, 84, 16280744
0.81, 16.28, 11.63, 189.21, 81, 84, 16292568
0.81, 16.28, 11.79, 191.84, 82, 84, 16304400
0.81, 16.28, 11.65, 189.65, 82, 84, 16316228
0.81, 16.28, 11.63, 189.21, 82, 84, 16328056
0.82, 16.60, 11.46, 190.31, 82, 84, 16339884
0.82, 16.60, 11.54, 191.65, 82, 84, 16351712
0.82, 16.60, 11.63, 192.99, 82, 84, 16363548
0.82, 16.60, 11.65, 193.44, 82, 84, 16375376
0.82, 16.60, 11.63, 192.99, 82, 84, 16387212
0.82, 16.60, 11.68, 193.89, 82, 84, 16399032
0.82, 16.60, 11.49, 190.75, 82, 84, 16410864
0.82, 16.60, 11.54, 191.65, 82, 84, 16422684
0.82, 16.60, 11.63, 192.99, 82, 84, 16434512
0.83, 16.93, 11.68, 197.69, 82, 84, 16446344
0.82, 16.60, 11.71, 194.34, 82, 84, 16458168
0.82, 16.60, 11.71, 194.34, 82, 84, 16470004
0.82, 16.93, 11.68, 197.69, 82, 84, 16481824
0.82, 16.60, 11.63, 192.99, 82, 84, 16493656
0.83, 16.93, 11.44, 193.58, 83, 84, 16505484
0.83, 16.93, 11.54, 195.41, 83, 84, 16517316
0.83, 16.93, 11.52, 194.95, 83, 84, 16529140
0.83, 16.93, 11.60, 196.32, 83, 84, 16540976
0.83, 16.93, 11.49, 194.49, 83, 84, 16552796
0.83, 16.93, 11.49, 194.49, 83, 84, 16564628
0.83, 16.93, 11.57, 195.86, 83, 84, 16576464
0.83, 16.93, 11.57, 195.86, 83, 84, 16588284
0.83, 16.93, 11.54, 195.41, 83, 84, 16600116
0.84, 16.93, 11.63, 196.78, 83, 84, 16611940
0.83, 16.93, 11.68, 197.69, 83, 84, 16623772
0.84, 17.25, 11.54, 199.17, 83, 84, 16635596
0.84, 17.25, 11.54, 199.17, 83, 84, 16647428
0.83, 17.25, 11.60, 200.10, 83, 84, 16659252
0.84, 17.25, 11.54, 199.17, 83, 84, 16671080
0.84, 16.93, 11.57, 195.86, 83, 84, 16682920
0.84, 16.93, 11.60, 196.32, 83, 84, 16694732
0.84, 17.25, 11.68, 201.49, 84, 84, 16706568
0.84, 17.25, 11.54, 199.17, 84, 84, 16718392
0.83, 17.25, 11.46, 197.77, 84, 84, 16730228
0.84, 17.25, 11.60, 200.10, 84, 84, 16742052
0.85, 17.25, 11.63, 200.56, 84, 84, 16753884
0.84, 17.25, 11.46, 197.77, 84, 84, 16765708
0.85, 17.58, 11.63, 204.35, 84, 84, 16777548
0.85, 17.58, 11.76, 206.72, 84, 84, 16789368
0.85, 17.58, 11.52, 202.45, 84, 84, 16801196
0.84, 17.25, 11.65, 201.03, 84, 84, 16813028
0.84, 17.58, 11.52, 202.45, 84, 84, 16824872
0.84, 17.58, 11.52, 202.45, 84, 84, 16836684
0.84, 17.58, 11.60, 203.87, 84, 84, 16848512
0.84, 17.58, 11.52, 202.45, 84, 84, 16860348
0.84, 17.58, 11.52, 202.45, 84, 84, 16872168
0.85, 17.58, 11.71, 205.77, 84, 84, 16884000
0.85, 17.58, 11.46, 201.50, 84, 84, 16895820
0.85, 17.90, 11.57, 207.16, 85, 84, 16907652
0.85, 17.58, 11.52, 202.45, 85, 84, 16919484
0.85, 17.58, 11.65, 204.82, 85, 84, 16931304
0.85, 17.90, 11.54, 206.68, 85, 84, 16943156
0.85, 17.58, 11.54, 202.92, 85, 85, 16954964
0.86, 17.90, 11.49, 205.72, 85, 84, 16966796
0.86, 17.90, 11.60, 207.65, 85, 84, 16978620
0.86, 17.90, 11.44, 204.75, 85, 84, 16990452
0.86, 17.90, 11.63, 208.13, 85, 84, 17002276
0.86, 17.90, 11.63, 208.13, 85, 84, 17014104
0.86, 17.90, 11.46, 205.23, 85, 84, 17025936
0.87, 17.90, 11.65, 208.61, 85, 84, 17037764
0.87, 17.90, 11.65, 208.61, 85, 84, 17049600
0.86, 17.90, 11.49, 205.72, 85, 84, 17061420
0.86, 17.90, 11.63, 208.13, 85, 84, 17073260
0.87, 17.90, 11.60, 207.65, 85, 84, 17085100
0.86, 18.23, 11.44, 208.47, 85, 84, 17096916
0.86, 18.23, 11.54, 210.44, 86, 84, 17108736
0.87, 17.90, 11.60, 207.65, 86, 84, 17120572
0.87, 18.23, 11.57, 210.93, 86, 84, 17132392
0.87, 18.23, 11.38, 207.49, 86, 84, 17144220
0.87, 18.23, 11.46, 208.96, 86, 84, 17156052
0.87, 18.23, 11.60, 211.42, 86, 84, 17167876
0.87, 18.23, 11.52, 209.95, 86, 84, 17179712
0.87, 18.23, 11.65, 212.41, 86, 84, 17191532
0.87, 18.23, 11.57, 210.93, 86, 84, 17203380
0.87, 18.23, 11.63, 211.91, 86, 84, 17215188
0.88, 18.23, 11.54, 210.44, 86, 84, 17227020
0.87, 18.55, 11.65, 216.20, 86, 84, 17238844
0.87, 18.55, 11.44, 212.20, 86, 84, 17250676
0.87, 18.23, 11.44, 208.47, 86, 84, 17262508
0.87, 18.55, 11.52, 213.70, 86, 84, 17274332
0.87, 18.55, 11.54, 214.20, 86, 84, 17286172
0.87, 18.55, 11.57, 214.70, 86, 84, 17297992
0.87, 18.55, 11.54, 214.20, 87, 84, 17309828
0.87, 18.55, 11.44, 212.20, 87, 84, 17321644
0.87, 18.55, 11.57, 214.70, 87, 84, 17333480
0.88, 18.55, 11.63, 215.70, 87, 84, 17345308
0.87, 18.55, 11.65, 216.20, 87, 84, 17357136
0.87, 18.88, 11.60, 218.97, 87, 84, 17368956
0.87, 18.55, 11.57, 214.70, 87, 84, 17380784
0.87, 18.88, 11.52, 217.45, 87, 84, 17392616
0.87, 18.55, 11.44, 212.20, 87, 84, 17404436
0.87, 18.55, 11.52, 213.70, 87, 84, 17416272
0.87, 18.88, 11.57, 218.46, 87, 84, 17428092
0.88, 18.55, 11.54, 214.20, 87, 84, 17439928
0.88, 18.55, 11.57, 214.70, 87, 84, 17451744
0.88, 18.55, 11.60, 215.20, 87, 84, 17463584
0.88, 18.88, 11.46, 216.43, 87, 84, 17475404
0.89, 18.55, 11.44, 212.20, 87, 84, 17487232
0.89, 18.55, 11.36, 210.69, 87, 84, 17499064
0.89, 18.55, 11.54, 214.20, 88, 84, 17510888
0.88, 18.88, 11.41, 215.41, 88, 84, 17522720
0.88, 18.88, 11.49, 216.94, 88, 85, 17534540
0.89, 18.88, 11.41, 215.41, 88, 84, 17546376
0.89, 18.88, 11.54, 217.95, 88, 84, 17558196
0.89, 19.21, 11.54, 221.71, 88, 84, 17570028
0.90, 19.21, 11.41, 219.12, 88, 84, 17581852
0.90, 18.88, 11.54, 217.95, 88, 84, 17593680
0.90, 19.21, 11.49, 220.68, 88, 84, 17605508
0.89, 19.21, 11.54, 221.71, 88, 84, 17617336
0.89, 19.21, 11.57, 222.23, 88, 84, 17629172
0.89, 19.21, 11.49, 220.68, 88, 84, 17640996
0.90, 19.21, 11.49, 220.68, 88, 84, 17652828
0.89, 19.21, 11.46, 220.16, 88, 84, 17664652
0.89, 19.21, 11.54, 221.71, 88, 84, 17676484
0.90, 19.53, 11.65, 227.58, 88, 84, 17688304
0.90, 19.21, 11.41, 219.12, 88, 84, 17700140
0.90, 19.21, 11.54, 221.71, 89, 84, 17711960
0.89, 19.21, 11.38, 218.60, 89, 84, 17723788
0.90, 19.53, 11.57, 226.00, 89, 84, 17735624
0.90, 19.53, 11.46, 223.89, 89, 84, 17747448
0.90, 19.53, 11.54, 225.47, 89, 84, 17759280
0.90, 19.53, 11.44, 223.36, 89, 84, 17771104
0.90, 19.53, 11.46, 223.89, 89, 84, 17782944
0.91, 19.53, 11.41, 222.84, 89, 84, 17794768
0.91, 19.53, 11.38, 222.31, 89, 84, 17806600
0.90, 19.53, 11.41, 222.84, 89, 84, 17818420
0.91, 19.53, 11.52, 224.94, 89, 84, 17830248
0.90, 19.53, 11.38, 222.31, 89, 84, 17842076
0.91, 19.53, 11.46, 223.89, 89, 84, 17853904
0.90, 19.53, 11.52, 224.94, 89, 84, 17865744
0.91, 19.53, 11.54, 225.47, 89, 84, 17877564
0.91, 19.53, 11.46, 223.89, 89, 84, 17889400
0.90, 19.53, 11.49, 224.42, 89, 84, 17901224
0.90, 19.53, 11.44, 223.36, 90, 84, 17913060
0.91, 19.53, 11.52, 224.94, 90, 84, 17924884
0.91, 19.86, 11.49, 228.16, 90, 84, 17936716
0.91, 19.86, 11.38, 226.01, 90, 84, 17948544
0.91, 19.86, 11.52, 228.69, 90, 84, 17960372
0.91, 19.86, 11.54, 229.23, 90, 84, 17972208
0.91, 19.86, 11.49, 228.16, 90, 84, 17984032
0.91, 19.86, 11.36, 225.48, 90, 84, 17995868
0.91, 19.86, 11.46, 227.62, 90, 84, 18007692
0.92, 19.86, 11.46, 227.62, 90, 84, 18019528
0.92, 20.18, 11.57, 233.53, 90, 84, 18031352
0.92, 19.86, 11.46, 227.62, 90, 84, 18043204
0.91, 19.86, 11.38, 226.01, 90, 85, 18055012
0.92, 20.18, 11.49, 231.90, 90, 84, 18066840
0.92, 19.86, 11.52, 228.69, 90, 84, 18078676
0.92, 19.86, 11.36, 225.48, 90, 84, 18090500
0.92, 19.86, 11.38, 226.01, 90, 84, 18102336
0.91, 20.18, 11.38, 229.72, 91, 84, 18114160
0.92, 19.86, 11.41, 226.55, 91, 84, 18125996
0.92, 20.18, 11.49, 231.90, 91, 84, 18137820
0.92, 20.18, 11.49, 231.90, 91, 84, 18149656
0.92, 20.18, 11.49, 231.90, 91, 84, 18161480
0.92, 20.51, 11.44, 234.53, 91, 84, 18173308
0.92, 20.18, 11.33, 228.63, 91, 84, 18185160
0.93, 20.18, 11.33, 228.63, 91, 84, 18196968
0.92, 20.51, 11.46, 235.08, 91, 84, 18208804
0.92, 20.51, 11.46, 235.08, 91, 84, 18220620
0.92, 20.51, 11.49, 235.64, 91, 84, 18232456
0.93, 20.18, 11.38, 229.72, 91, 84, 18244276
0.93, 20.51, 11.49, 235.64, 91, 84, 18256112
0.92, 20.51, 11.41, 233.98, 91, 84, 18267932
0.92, 20.51, 11.33, 232.32, 91, 84, 18279760
0.92, 20.51, 11.49, 235.64, 91, 84, 18291588
0.92, 20.51, 11.65, 238.96, 91, 84, 18303428
0.93, 20.51, 11.46, 235.08, 92, 84, 18315248
0.93, 20.51, 11.52, 236.19, 92, 84, 18327068
0.92, 20.83, 11.36, 236.57, 92, 84, 18338904
0.93, 20.51, 11.36, 232.87, 92, 84, 18350724
0.92, 20.51, 11.36, 232.87, 92, 84, 18362556
0.93, 20.83, 11.52, 239.94, 92, 84, 18374380
0.93, 20.83, 11.33, 236.01, 92, 84, 18386216
0.93, 20.83, 11.38, 237.13, 92, 84, 18398036
0.94, 21.16, 11.44, 241.98, 92, 84, 18409864
0.94, 20.83, 11.30, 235.44, 92, 84, 18421700
0.94, 20.83, 11.36, 236.57, 92, 84, 18433524
0.94, 20.83, 11.41, 237.69, 92, 84, 18445380
0.93, 21.16, 11.44, 241.98, 92, 84, 18457184
0.94, 21.16, 11.49, 243.12, 92, 84, 18469024
0.94, 20.83, 11.33, 236.01, 92, 84, 18480844
0.94, 20.83, 11.57, 241.06, 92, 84, 18492680
0.94, 20.83, 11.41, 237.69, 92, 84, 18504504
0.94, 20.83, 11.46, 238.82, 93, 84, 18516332
0.94, 21.16, 11.36, 240.26, 93, 84, 18528160
0.94, 20.83, 11.27, 234.88, 93, 84, 18539992
0.94, 21.16, 11.36, 240.26, 93, 84, 18551828
0.94, 21.16, 11.27, 238.55, 93, 84, 18563648
0.93, 21.16, 11.46, 242.55, 93, 84, 18575488
0.93, 21.16, 11.44, 241.98, 93, 84, 18587308
0.94, 21.48, 11.44, 245.70, 93, 84, 18599148
0.94, 21.16, 11.49, 243.12, 93, 84, 18610968
0.94, 21.16, 11.46, 242.55, 93, 84, 18622796
0.95, 21.48, 11.49, 246.86, 93, 84, 18634632
0.94, 21.16, 11.36, 240.26, 93, 84, 18646460
0.95, 21.16, 11.33, 239.69, 93, 84, 18658296
0.95, 21.48, 11.36, 243.96, 93, 84, 18670120
0.95, 21.48, 11.41, 245.12, 93, 84, 18681952
0.95, 21.48, 11.36, 243.96, 93, 84, 18693776
0.95, 21.48, 11.33, 243.38, 93, 84, 18705612
0.95, 21.48, 11.44, 245.70, 94, 84, 18717432
0.95, 21.48, 11.30, 242.80, 94, 84, 18729268
0.96, 21.48, 11.46, 246.28, 94, 84, 18741088
0.95, 21.48, 11.44, 245.70, 94, 84, 18752916
0.96, 21.81, 11.30, 246.48, 94, 84, 18764756
0.96, 21.81, 11.30, 246.48, 94, 84, 18776580
0.97, 21.81, 11.33, 247.07, 94, 84, 18788416
0.97, 21.81, 11.30, 246.48, 94, 84, 18800240
0.98, 21.81, 11.44, 249.42, 94, 84, 18812080
0.97, 21.81, 11.46, 250.01, 94, 84, 18823900
0.98, 22.14, 11.38, 251.95, 94, 84, 18835736
0.98, 22.14, 11.30, 250.16, 94, 84, 18847560
0.98, 22.14, 11.46, 253.74, 94, 84, 18859388
0.98, 22.14, 11.38, 251.95, 94, 84, 18871216
0.97, 22.14, 11.30, 250.16, 94, 84, 18883044
0.98, 21.81, 11.27, 245.89, 94, 84, 18894880
0.98, 22.14, 11.41, 252.55, 94, 84, 18906704
0.99, 22.14, 11.36, 251.35, 95, 84, 18918540
0.98, 22.14, 11.44, 253.15, 95, 84, 18930364
0.98, 21.81, 11.38, 248.25, 95, 84, 18942200
0.98, 22.14, 11.33, 250.76, 95, 84, 18954024
0.97, 22.14, 11.46, 253.74, 95, 84, 18965852
0.96, 22.14, 11.41, 252.55, 95, 84, 18977680
0.97, 22.14, 11.33, 250.76, 95, 84, 18989508
0.97, 22.14, 11.27, 249.56, 95, 84, 19001344
0.96, 22.14, 11.27, 249.56, 95, 84, 19013164
0.98, 22.14, 11.41, 252.55, 95, 84, 19024996
0.97, 22.14, 11.38, 251.95, 95, 85, 19036816
0.97, 22.14, 11.36, 251.35, 95, 84, 19048652
0.98, 22.14, 11.30, 250.16, 95, 84, 19060472
0.97, 22.14, 11.41, 252.55, 95, 84, 19072308
0.98, 22.14, 11.38, 251.95, 95, 84, 19084128
0.98, 22.14, 11.33, 250.76, 95, 84, 19095956
0.99, 22.14, 11.41, 252.55, 95, 84, 19107792
0.99, 22.14, 11.38, 251.95, 96, 84, 19119616
0.98, 22.14, 11.30, 250.16, 96, 84, 19131452
0.98, 22.14, 11.27, 249.56, 96, 84, 19143272
0.97, 22.14, 11.44, 253.15, 96, 84, 19155108
0.98, 22.14, 11.41, 252.55, 96, 84, 19166932
0.96, 22.14, 11.36, 251.35, 96, 84, 19178768
0.97, 22.14, 11.30, 250.16, 96, 84, 19190592
0.98, 22.14, 11.41, 252.55, 96, 84, 19202420
0.97, 22.14, 11.41, 252.55, 96, 84, 19214248
0.97, 22.14, 11.38, 251.95, 96, 84, 19226080
0.97, 22.14, 11.30, 250.16, 96, 84, 19237916
0.97, 22.14, 11.46, 253.74, 96, 84, 19249740
0.97, 22.14, 11.44, 253.15, 96, 84, 19261572
0.96, 22.14, 11.44, 253.15, 96, 84, 19273392
0.97, 22.14, 11.38, 251.95, 96, 84, 19285228
0.98, 22.14, 11.33, 250.76, 96, 84, 19297052
0.98, 22.14, 11.30, 250.16, 96, 84, 19308880
0.98, 22.14, 11.27, 249.56, 97, 84, 19320704
0.98, 22.14, 11.25, 248.97, 97, 84, 19332532
0.97, 21.81, 11.25, 245.30, 97, 84, 19344368
0.97, 22.14, 11.41, 252.55, 97, 85, 19356192
0.98, 22.14, 11.41, 252.55, 97, 84, 19368028
0.98, 22.14, 11.41, 252.55, 97, 84, 19379852
0.98, 22.14, 11.38, 251.95, 97, 84, 19391684
0.97, 21.81, 11.36, 247.66, 97, 84, 19403524
0.97, 21.81, 11.36, 247.66, 97, 84, 19415340
0.97, 21.81, 11.36, 247.66, 97, 84, 19427164
0.97, 21.81, 11.30, 246.48, 97, 84, 19438992
0.97, 22.14, 11.30, 250.16, 97, 84, 19450828
0.97, 21.81, 11.46, 250.01, 97, 84, 19462656
0.97, 21.81, 11.44, 249.42, 97, 84, 19474488
0.97, 21.81, 11.46, 250.01, 97, 84, 19486316
0.98, 21.81, 11.38, 248.25, 97, 84, 19498152
0.98, 21.81, 11.41, 248.83, 97, 84, 19509972
0.98, 21.81, 11.38, 248.25, 98, 84, 19521808
0.97, 21.81, 11.36, 247.66, 98, 84, 19533632
0.98, 22.14, 11.33, 250.76, 98, 84, 19545480
0.96, 21.81, 11.38, 248.25, 98, 84, 19557292
0.97, 22.14, 11.36, 251.35, 98, 84, 19569124
0.97, 22.14, 11.33, 250.76, 98, 84, 19580956
0.98, 22.14, 11.36, 251.35, 98, 84, 19592780
0.97, 22.14, 11.33, 250.76, 98, 84, 19604616
0.97, 22.14, 11.30, 250.16, 98, 84, 19616440
0.98, 22.14, 11.44, 253.15, 98, 84, 19628280
0.98, 22.14, 11.44, 253.15, 98, 84, 19640100
0.98, 22.14, 11.41, 252.55, 98, 84, 19651928
0.98, 21.81, 11.44, 249.42, 98, 84, 19663776
0.98, 22.14, 11.44, 253.15, 98, 84, 19675588
0.98, 21.81, 11.44, 249.42, 98, 84, 19687424
0.98, 22.14, 11.41, 252.55, 98, 84, 19699248
0.96, 21.81, 11.44, 249.42, 98, 84, 19711080
0.96, 21.81, 11.41, 248.83, 99, 84, 19722900
0.97, 21.81, 11.44, 249.42, 99, 84, 19734736
0.97, 21.81, 11.44, 249.42, 99, 84, 19746556
0.97, 21.81, 11.46, 250.01, 99, 84, 19758388
0.96, 22.14, 11.33, 250.76, 99, 84, 19770212
0.96, 22.14, 11.30, 250.16, 99, 84, 19782036
0.96, 22.14, 11.36, 251.35, 99, 84, 19793872
0.97, 22.14, 11.33, 250.76, 99, 84, 19805716
0.97, 21.81, 11.38, 248.25, 99, 84, 19817532
0.97, 21.81, 11.41, 248.83, 99, 84, 19829356
0.98, 21.81, 11.44, 249.42, 99, 84, 19841192
0.98, 21.81, 11.41, 248.83, 99, 84, 19853016
0.97, 21.81, 11.46, 250.01, 99, 84, 19864852
0.97, 21.81, 11.30, 246.48, 99, 84, 19876676
0.96, 21.81, 11.33, 247.07, 99, 84, 19888504
0.95, 21.81, 11.41, 248.83, 99, 84, 19900332
0.95, 22.14, 11.41, 252.55, 99, 84, 19912164
0.96, 21.81, 11.25, 245.30, 100, 84, 19923996
0.95, 21.81, 11.27, 245.89, 100, 84, 19935820
0.95, 21.81, 11.30, 246.48, 100, 84, 19947656
0.95, 21.81, 11.36, 247.66, 100, 84, 19959480
0.97, 21.81, 11.41, 248.83, 100, 84, 19971312
0.96, 21.81, 11.46, 250.01, 100, 84, 19983132
0.96, 21.81, 11.33, 247.07, 100, 84, 19994960
0.95, 21.81, 11.38, 248.25, 100, 84, 20006784
0.96, 21.81, 11.44, 249.42, 100, 84, 20018612
0.96, 21.81, 11.30, 246.48, 100, 84, 20030448
0.95, 21.81, 11.38, 248.25, 100, 84, 20042268
0.96, 21.81, 11.44, 249.42, 100, 84, 20054104
0.96, 21.81, 11.25, 245.30, 100, 84, 20065928
0.96, 21.81, 11.27, 245.89, 100, 84, 20077764
0.95, 22.14, 11.36, 251.35, 100, 84, 20089588
0.96, 21.81, 11.36, 247.66, 100, 84, 20101424
0.95, 21.81, 11.44, 249.42, 100, 84, 20113244
0.95, 21.81, 11.36, 247.66, 100, 84, 20125072
0.95, 21.81, 11.41, 248.83, 100, 84, 20136904
0.96, 21.81, 11.33, 247.07, 100, 84, 20148728
0.96, 21.81, 11.44, 249.42, 100, 84, 20160564
0.95, 21.81, 11.25, 245.30, 100, 84, 20172388
0.95, 21.81, 11.27, 245.89, 100, 84, 20184224
0.96, 21.81, 11.33, 247.07, 100, 84, 20196048
0.96, 21.81, 11.41, 248.83, 100, 84, 20207884
0.97, 22.14, 11.30, 250.16, 100, 84, 20219708
0.96, 21.81, 11.41, 248.83, 100, 84, 20231536
0.96, 21.81, 11.30, 246.48, 100, 84, 20243364
0.96, 21.81, 11.38, 248.25, 100, 84, 20255192
0.96, 21.81, 11.44, 249.42, 100, 84, 20267024
0.95, 21.81, 11.27, 245.89, 100, 84, 20278848
0.96, 21.81, 11.33, 247.07, 100, 84, 20290680
0.96, 21.81, 11.46, 250.01, 100, 84, 20302504
0.96, 21.81, 11.33, 247.07, 100, 84, 20314336
0.96, 21.81, 11.38, 248.25, 100, 84, 20326160
0.96, 21.81, 11.33, 247.07, 100, 84, 20337996
0.96, 21.81, 11.38, 248.25, 100, 84, 20349816
0.96, 21.81, 11.27, 245.89, 100, 84, 20361648
0.95, 21.81, 11.33, 247.07, 100, 84, 20373484
0.96, 21.81, 11.44, 249.42, 100, 84, 20385308
0.96, 21.81, 11.41, 248.83, 100, 84, 20397140
0.95, 21.81, 11.33, 247.07, 100, 84, 20408960
0.95, 21.81, 11.38, 248.25, 100, 84, 20420796
0.94, 21.81, 11.30, 246.48, 100, 84, 20432616
0.94, 21.81, 11.46, 250.01, 100, 84, 20444452
0.93, 21.81, 11.41, 248.83, 100, 84, 20456272
0.94, 21.81, 11.38, 248.25, 100, 84, 20468096
0.94, 21.81, 11.27, 245.89, 100, 84, 20479932
0.94, 21.81, 11.41, 248.83, 100, 84, 20491756
0.94, 21.81, 11.46, 250.01, 100, 84, 20503600
0.95, 21.81, 11.30, 246.48, 100, 84, 20515408
0.94, 21.81, 11.33, 247.07, 100, 84, 20527244
0.94, 21.81, 11.33, 247.07, 100, 84, 20539064
0.95, 21.81, 11.27, 245.89, 100, 84, 20550896
0.95, 21.81, 11.44, 249.42, 100, 84, 20562720
0.95, 21.81, 11.38, 248.25, 100, 84, 20574548
0.95, 21.81, 11.27, 245.89, 100, 84, 20586372
0.95, 21.81, 11.44, 249.42, 100, 84, 20598204
0.95, 21.81, 11.38, 248.25, 100, 84, 20610036
0.94, 21.81, 11.38, 248.25, 100, 84, 20621856
0.94, 21.81, 11.27, 245.89, 100, 84, 20633688
0.94, 21.81, 11.38, 248.25, 100, 84, 20645512
0.95, 21.81, 11.33, 247.07, 100, 84, 20657348
0.95, 21.81, 11.33, 247.07, 100, 84, 20669168
0.94, 21.81, 11.25, 245.30, 100, 84, 20681000
0.95, 21.81, 11.41, 248.83, 100, 84, 20692820
0.95, 21.81, 11.36, 247.66, 100, 84, 20704648
0.95, 21.81, 11.30, 246.48, 100, 84, 20716484
0.95, 21.81, 11.25, 245.30, 100, 84, 20728304
0.95, 21.81, 11.33, 247.07, 100, 84, 20740136
0.95, 21.81, 11.36, 247.66, 100, 84, 20751960
0.94, 21.48, 11.30, 242.80, 100, 84, 20763804
0.95, 21.81, 11.27, 245.89, 100, 84, 20775612
0.96, 21.81, 11.44, 249.42, 100, 84, 20787448
0.96, 21.81, 11.41, 248.83, 100, 84, 20799272
0.96, 21.81, 11.38, 248.25, 100, 84, 20811100
0.96, 21.81, 11.27, 245.89, 100, 84, 20822924
0.95, 21.81, 11.41, 248.83, 100, 84, 20834756
0.94, 21.81, 11.27, 245.89, 100, 84, 20846588
0.95, 21.81, 11.25, 245.30, 100, 84, 20858412
0.95, 21.81, 11.30, 246.48, 100, 84, 20870252
0.94, 21.81, 11.33, 247.07, 100, 84, 20882076
0.95, 21.81, 11.36, 247.66, 100, 84, 20893908
0.95, 21.81, 11.25, 245.30, 100, 84, 20905752
0.94, 21.81, 11.46, 250.01, 100, 84, 20917568
STOP
0.94, 20.83, 12.14, 252.86, 0, 84, 20929392
0.95, 18.88, 12.19, 230.18, 0, 84, 20941216
0.90, 16.93, 12.19, 206.37, 0, 84, 20953052
0.79, 15.30, 12.19, 186.52, 0, 84, 20964892
0.70, 13.67, 12.19, 166.68, 0, 84, 20976708
0.62, 12.37, 12.19, 150.81, 0, 84, 20988532
0.56, 11.39, 12.19, 138.90, 0, 84, 21000368
0.51, 10.09, 12.19, 123.03, 0, 84, 21012192
0.46, 9.11, 12.22, 111.37, 0, 84, 21024044
0.42, 8.46, 12.19, 103.18, 0, 85, 21035848
0.38, 7.49, 12.19, 91.28, 0, 84, 21047684
0.36, 6.84, 12.22, 83.52, 0, 84, 21059520
0.33, 6.18, 12.19, 75.40, 0, 84, 21071344
0.31, 5.53, 12.19, 67.47, 0, 84, 21083176
0.28, 5.21, 12.22, 63.64, 0, 84, 21094996
0.26, 4.56, 12.22, 55.68, 0, 84, 21106832
0.24, 4.23, 12.22, 51.71, 0, 84, 21118656
0.23, 3.91, 12.22, 47.73, 0, 84, 21130492
0.22, 3.58, 12.22, 43.75, 0, 84, 21142316
0.20, 3.26, 12.22, 39.77, 0, 84, 21154144
0.19, 2.93, 12.22, 35.80, 0, 84, 21165972
0.18, 2.60, 12.22, 31.82, 0, 84, 21177800
0.17, 2.28, 12.22, 27.84, 0, 84, 21189636
0.15, 2.28, 12.22, 27.84, 0, 84, 21201460
0.16, 1.95, 12.22, 23.86, 0, 84, 21213296
0.14, 1.63, 12.22, 19.89, 0, 84, 21225116
0.14, 1.63, 12.22, 19.89, 0, 84, 21236952
0.12, 1.63, 12.22, 19.89, 0, 84, 21248768
0.13, 1.30, 12.22, 15.91, 0, 84, 21260604
0.12, 1.30, 12.22, 15.91, 0, 84, 21272424
0.11, 0.98, 12.22, 11.93, 0, 84, 21284252
0.11, 0.98, 12.22, 11.93, 0, 84, 21296088
0.09, 0.98, 12.22, 11.93, 0, 84, 21307908
0.10, 0.98, 12.22, 11.93, 0, 84, 21319744
0.09, 0.98, 12.22, 11.93, 0, 84, 21331564
0.08, 0.65, 12.22, 7.95, 0, 84, 21343404
0.09, 0.65, 12.22, 7.95, 0, 84, 21355224
0.08, 0.65, 12.22, 7.95, 0, 84, 21367060
0.07, 0.65, 12.22, 7.95, 0, 84, 21378884
0.08, 0.65, 12.22, 7.95, 0, 84, 21390712
0.06, 0.65, 12.22, 7.95, 0, 84, 21402540
0.07, 0.33, 12.22, 3.98, 0, 84, 21414368
0.07, 0.65, 12.22, 7.95, 0, 84, 21426200
0.06, 0.33, 12.22, 3.98, 0, 84, 21438024
0.06, 0.33, 12.22, 3.98, 0, 84, 21449860
0.07, 0.33, 12.22, 3.98, 0, 84, 21461680
0.05, 0.33, 12.22, 3.98, 0, 84, 21473516
0.05, 0.33, 12.22, 3.98, 0, 84, 21485336
0.06, 0.33, 12.22, 3.98, 0, 84, 21497168
0.05, 0.33, 12.22, 3.98, 0, 84, 21508992
0.04, 0.33, 12.22, 3.98, 0, 84, 21520820
0.05, 0.33, 12.22, 3.98, 0, 84, 21532656
0.05, 0.33, 12.22, 3.98, 0, 84, 21544476
0.05, 0.33, 12.22, 3.98, 0, 84, 21556312
0.03, 0.33, 12.22, 3.98, 0, 84, 21568128
0.06, 0.33, 12.22, 3.98, 0, 84, 21579964
0.04, 0.33, 12.22, 3.98, 0, 84, 21591788
0.05, 0.33, 12.22, 3.98, 0, 84, 21603620
0.03, 0.33, 12.22, 3.98, 0, 85, 21615444
0.05, 0.33, 12.22, 3.98, 0, 84, 21627272
0.04, 0.33, 12.22, 3.98, 0, 84, 21639108
0.04, 0.33, 12.22, 3.98, 0, 84, 21650932
0.02, 0.33, 12.22, 3.98, 0, 84, 21662768
0.05, -0.00, 12.22, -0.00, 0, 85, 21674592
0.03, 0.33, 12.22, 3.98, 0, 84, 21686424
0.04, -0.00, 12.22, -0.00, 0, 84, 21698252
0.02, -0.00, 12.22, -0.00, 0, 84, 21710084
0.04, -0.00, 12.22, -0.00, 0, 84, 21721908
0.03, 0.33, 12.22, 3.98, 0, 84, 21733740
0.04, -0.00, 12.22, -0.00, 0, 84, 21745564
0.02, 0.33, 12.22, 3.98, 0, 84, 21757396
0.03, 0.33, 12.22, 3.98, 0, 84, 21769228
0.03, -0.00, 12.22, -0.00, 0, 84, 21781052
0.03, -0.00, 12.22, -0.00, 0, 84, 21792884
0.03, -0.00, 12.22, -0.00, 0, 84, 21804712
