START
-0.00, -0.00, 12.33, -0.00, 1, 19, 516
-0.00, -0.00, 12.33, -0.00, 1, 123, 8668
-0.00, -0.00, 12.33, -0.00, 1, 84, 20500
-0.00, -0.00, 12.33, -0.00, 1, 84, 32320
-0.00, 0.33, 12.33, 4.01, 1, 84, 44148
-0.00, -0.00, 12.33, -0.00, 1, 84, 55968
-0.00, -0.00, 12.33, -0.00, 1, 84, 67800
-0.00, -0.00, 12.33, -0.00, 1, 84, 79616
-0.00, 0.33, 12.33, 4.01, 1, 84, 91452
-0.00, -0.00, 12.33, -0.00, 1, 84, 103268
-0.00, -0.00, 12.33, -0.00, 1, 84, 115096
-0.00, 0.33, 12.33, 4.01, 1, 84, 126932
-0.00, -0.00, 12.33, -0.00, 1, 84, 138748
-0.00, -0.00, 12.33, -0.00, 1, 84, 150580
-0.00, 0.33, 12.33, 4.01, 1, 84, 162396
-0.00, -0.00, 12.33, -0.00, 1, 84, 174248
-0.00, 0.33, 12.33, 4.01, 1, 84, 186048
-0.00, 0.33, 12.33, 4.01, 1, 84, 197876
-0.00, 0.33, 12.33, 4.01, 1, 84, 209696
-0.00, -0.00, 12.33, -0.00, 2, 84, 221520
-0.00, -0.00, 12.33, -0.00, 2, 84, 233360
-0.00, -0.00, 12.33, -0.00, 2, 85, 245168
-0.00, -0.00, 12.33, -0.00, 2, 84, 257000
-0.00, -0.00, 12.33, -0.00, 2, 84, 268820
-0.00, 0.33, 12.33, 4.01, 2, 84, 280648
-0.00, 0.33, 12.33, 4.01, 2, 84, 292468
-0.00, 0.33, 12.33, 4.01, 2, 84, 304296
-0.00, -0.00, 12.33, -0.00, 2, 84, 316116
-0.00, 0.33, 12.33, 4.01, 2, 84, 327948
-0.00, 0.33, 12.33, 4.01, 2, 84, 339764
-0.00, -0.00, 12.33, -0.00, 2, 84, 351588
-0.00, 0.33, 12.33, 4.01, 2, 84, 363416
-0.00, 0.33, 12.33, 4.01, 2, 84, 375236
-0.00, -0.00, 12.33, -0.00, 2, 84, 387064
-0.00, -0.00, 12.33, -0.00, 2, 84, 398884
-0.00, 0.33, 12.33, 4.01, 2, 84, 410716
-0.00, -0.00, 12.33, -0.00, 3, 84, 422532
-0.00, -0.00, 12.33, -0.00, 3, 84, 434380
-0.00, 0.33, 12.33, 4.01, 3, 85, 446180
-0.00, 0.33, 12.33, 4.01, 3, 84, 458012
-0.00, -0.00, 12.33, -0.00, 3, 84, 469832
-0.00, -0.00, 12.33, -0.00, 3, 84, 481656
-0.00, -0.00, 12.33, -0.00, 3, 84, 493504
-0.00, -0.00, 12.33, -0.00, 3, 85, 505308
-0.00, -0.00, 12.33, -0.00, 3, 84, 517140
-0.00, 0.33, 12.33, 4.01, 3, 84, 528960
-0.00, -0.00, 12.33, -0.00, 3, 84, 540788
-0.00, -0.00, 12.33, -0.00, 3, 84, 552608
-0.00, -0.00, 12.33, -0.00, 3, 84, 564436
-0.00, 0.33, 12.33, 4.01, 3, 84, 576256
-0.00, -0.00, 12.33, -0.00, 3, 84, 588088
-0.00, -0.00, 12.33, -0.00, 3, 84, 599904
-0.00, 0.33, 12.33, 4.01, 3, 84, 611728
-0.00, -0.00, 12.33, -0.00, 4, 84, 623560
-0.00, -0.00, 12.33, -0.00, 4, 84, 635376
-0.00, 0.33, 12.33, 4.01, 4, 84, 647204
-0.00, -0.00, 12.33, -0.00, 4, 84, 659028
-0.00, -0.00, 12.33, -0.00, 4, 84, 670856
-0.00, -0.00, 12.33, -0.00, 4, 84, 682676
-0.00, 0.33, 12.33, 4.01, 4, 84, 694524
-0.00, 0.33, 12.33, 4.01, 4, 85, 706324
-0.00, -0.00, 12.33, -0.00, 4, 84, 718156
-0.00, 0.33, 12.33, 4.01, 4, 84, 729976
-0.00, -0.00, 12.33, -0.00, 4, 84, 741804
-0.00, -0.00, 12.33, -0.00, 4, 84, 753632
-0.00, -0.00, 12.33, -0.00, 4, 85, 765452
-0.00, 0.33, 12.33, 4.01, 4, 84, 777284
-0.00, -0.00, 12.33, -0.00, 4, 84, 789100
-0.00, -0.00, 12.33, -0.00, 4, 84, 800936
-0.00, -0.00, 12.33, -0.00, 4, 84, 812756
-0.00, 0.33, 12.33, 4.01, 5, 84, 824588
-0.00, -0.00, 12.33, -0.00, 5, 84, 836408
-0.00, -0.00, 12.33, -0.00, 5, 84, 848236
-0.00, -0.00, 12.33, -0.00, 5, 84, 860056
-0.00, -0.00, 12.33, -0.00, 5, 84, 871880
-0.00, -0.00, 12.33, -0.00, 5, 84, 883712
-0.00, 0.33, 12.33, 4.01, 5, 84, 895528
-0.00, -0.00, 12.33, -0.00, 5, 84, 907364
-0.00, -0.00, 12.33, -0.00, 5, 84, 919184
-0.00, -0.00, 12.33, -0.00, 5, 84, 931012
-0.00, -0.00, 12.33, -0.00, 5, 84, 942836
-0.00, -0.00, 12.33, -0.00, 5, 84, 954684
-0.00, -0.00, 12.33, -0.00, 5, 85, 966488
-0.00, 0.33, 12.33, 4.01, 5, 84, 978312
-0.00, -0.00, 12.33, -0.00, 5, 84, 990144
-0.00, -0.00, 12.33, -0.00, 5, 84, 1001960
-0.00, -0.00, 12.33, -0.00, 5, 84, 1013792
-0.00, 0.33, 12.33, 4.01, 6, 84, 1025608
-0.00, -0.00, 12.33, -0.00, 6, 84, 1037444
-0.00, -0.00, 12.33, -0.00, 6, 84, 1049264
-0.00, 0.33, 12.33, 4.01, 6, 84, 1061096
-0.00, -0.00, 12.33, -0.00, 6, 84, 1072916
-0.00, -0.00, 12.33, -0.00, 6, 84, 1084748
-0.00, -0.00, 12.33, -0.00, 6, 84, 1096564
-0.00, 0.33, 12.33, 4.01, 6, 84, 1108392
-0.00, 0.33, 12.33, 4.01, 6, 84, 1120224
-0.00, 0.33, 12.33, 4.01, 6, 84, 1132044
-0.00, -0.00, 12.33, -0.00, 6, 84, 1143872
-0.00, -0.00, 12.33, -0.00, 6, 84, 1155692
-0.00, -0.00, 12.33, -0.00, 6, 84, 1167524
-0.00, 0.33, 12.33, 4.01, 6, 84, 1179336
-0.00, -0.00, 12.33, -0.00, 6, 84, 1191172
-0.00, -0.00, 12.33, -0.00, 6, 84, 1202992
-0.00, -0.00, 12.33, -0.00, 6, 84, 1214812
-0.00, -0.00, 12.33, -0.00, 7, 84, 1226636
-0.00, -0.00, 12.33, -0.00, 7, 84, 1238464
-0.00, -0.00, 12.33, -0.00, 7, 84, 1250292
-0.00, 0.33, 12.33, 4.01, 7, 84, 1262116
-0.00, 0.33, 12.27, 3.99, 7, 84, 1273944
-0.00, 0.33, 12.30, 4.00, 7, 84, 1285768
-0.00, 0.33, 12.30, 4.00, 7, 84, 1297600
-0.00, 0.33, 12.33, 4.01, 7, 84, 1309420
-0.00, 0.33, 12.33, 4.01, 7, 84, 1321248
-0.00, 0.33, 12.30, 4.00, 7, 84, 1333068
-0.00, 0.33, 12.30, 4.00, 7, 84, 1344888
-0.00, 0.33, 12.30, 4.00, 7, 84, 1356716
-0.00, 0.33, 12.33, 4.01, 7, 84, 1368540
-0.00, 0.33, 12.33, 4.01, 7, 84, 1380368
-0.00, 0.33, 12.33, 4.01, 7, 84, 1392184
-0.00, 0.33, 12.27, 3.99, 7, 84, 1404016
-0.00, 0.33, 12.30, 4.00, 7, 84, 1415832
-0.00, 0.33, 12.33, 4.01, 8, 84, 1427660
-0.00, 0.33, 12.33, 4.01, 8, 84, 1439480
0.00, 0.33, 12.33, 4.01, 8, 84, 1451312
-0.00, 0.33, 12.27, 3.99, 8, 84, 1463132
0.00, 0.33, 12.30, 4.00, 8, 84, 1474956
0.00, 0.33, 12.30, 4.00, 8, 84, 1486788
0.00, 0.33, 12.33, 4.01, 8, 84, 1498608
0.00, 0.33, 12.30, 4.00, 8, 84, 1510436
0.00, 0.33, 12.30, 4.00, 8, 84, 1522256
0.00, 0.33, 12.30, 4.00, 8, 84, 1534084
0.00, 0.33, 12.30, 4.00, 8, 85, 1545900
0.00, 0.33, 12.30, 4.00, 8, 84, 1557728
0.00, 0.33, 12.30, 4.00, 8, 84, 1569548
0.00, 0.33, 12.30, 4.00, 8, 84, 1581380
0.00, 0.33, 12.30, 4.00, 8, 84, 1593200
0.00, 0.33, 12.30, 4.00, 8, 84, 1605028
0.00, 0.33, 12.30, 4.00, 8, 84, 1616860
0.00, 0.33, 12.30, 4.00, 9, 84, 1628676
0.00, 0.33, 12.30, 4.00, 9, 84, 1640512
0.00, 0.33, 12.30, 4.00, 9, 84, 1652328
0.00, 0.33, 12.30, 4.00, 9, 84, 1664160
0.01, 0.33, 12.30, 4.00, 9, 84, 1675980
0.01, 0.33, 12.30, 4.00, 9, 84, 1687812
0.01, 0.33, 12.30, 4.00, 9, 84, 1699632
0.01, 0.33, 12.30, 4.00, 9, 84, 1711456
0.01, 0.33, 12.30, 4.00, 9, 84, 1723280
0.01, 0.33, 12.30, 4.00, 9, 84, 1735104
0.01, 0.33, 12.30, 4.00, 9, 84, 1746936
0.01, 0.33, 12.30, 4.00, 9, 84, 1758752
0.01, 0.33, 12.30, 4.00, 9, 84, 1770580
0.01, 0.33, 12.30, 4.00, 9, 84, 1782400
0.01, 0.33, 12.30, 4.00, 9, 84, 1794232
0.01, 0.33, 12.30, 4.00, 9, 85, 1806048
0.01, 0.33, 12.30, 4.00, 9, 84, 1817876
0.01, 0.33, 12.30, 4.00, 10, 84, 1829696
0.01, 0.33, 12.30, 4.00, 10, 84, 1841516
0.01, 0.33, 12.30, 4.00, 10, 84, 1853344
0.01, 0.33, 12.30, 4.00, 10, 84, 1865164
0.01, 0.33, 12.30, 4.00, 10, 84, 1877000
0.01, 0.33, 12.30, 4.00, 10, 84, 1888812
0.01, 0.33, 12.30, 4.00, 10, 84, 1900648
0.01, 0.33, 12.30, 4.00, 10, 84, 1912468
0.01, 0.33, 12.30, 4.00, 10, 84, 1924300
0.01, 0.33, 12.30, 4.00, 10, 84, 1936116
0.01, 0.33, 12.30, 4.00, 10, 84, 1947948
0.01, 0.33, 12.30, 4.00, 10, 84, 1959768
0.01, 0.33, 12.30, 4.00, 10, 84, 1971596
0.01, 0.33, 12.30, 4.00, 10, 84, 1983428
0.02, 0.33, 12.30, 4.00, 10, 84, 1995248
0.01, 0.33, 12.27, 3.99, 10, 84, 2007080
0.01, 0.33, 12.30, 4.00, 10, 84, 2018900
0.01, 0.33, 12.30, 4.00, 11, 84, 2030728
0.02, 0.33, 12.27, 3.99, 11, 84, 2042548
0.02, 0.33, 12.30, 4.00, 11, 84, 2054380
0.01, 0.33, 12.30, 4.00, 11, 84, 2066196
0.02, 0.33, 12.27, 3.99, 11, 84, 2078028
0.02, 0.33, 12.30, 4.00, 11, 84, 2089844
0.02, 0.33, 12.30, 4.00, 11, 84, 2101668
0.02, 0.33, 12.30, 4.00, 11, 84, 2113512
0.02, 0.33, 12.30, 4.00, 11, 85, 2125316
0.02, 0.33, 12.30, 4.00, 11, 84, 2137148
0.02, 0.33, 12.30, 4.00, 11, 84, 2148964
0.02, 0.33, 12.30, 4.00, 11, 84, 2160796
0.02, 0.33, 12.30, 4.00, 11, 84, 2172616
0.02, 0.33, 12.30, 4.00, 11, 84, 2184444
0.02, 0.33, 12.30, 4.00, 11, 84, 2196264
0.02, 0.33, 12.30, 4.00, 11, 84, 2208088
0.02, 0.33, 12.30, 4.00, 11, 84, 2219912
0.02, 0.33, 12.30, 4.00, 12, 84, 2231736
0.02, 0.33, 12.30, 4.00, 12, 84, 2243572
0.02, 0.33, 12.30, 4.00, 12, 84, 2255396
0.02, 0.33, 12.30, 4.00, 12, 84, 2267224
0.02, 0.33, 12.30, 4.00, 12, 84, 2279044
0.02, 0.33, 12.30, 4.00, 12, 84, 2290876
0.02, 0.33, 12.30, 4.00, 12, 84, 2302700
0.02, 0.33, 12.27, 3.99, 12, 84, 2314528
0.02, 0.33, 12.30, 4.00, 12, 84, 2326352
0.02, 0.33, 12.30, 4.00, 12, 84, 2338176
0.02, 0.33, 12.30, 4.00, 12, 84, 2350000
0.02, 0.33, 12.27, 3.99, 12, 84, 2361824
0.02, 0.33, 12.27, 3.99, 12, 84, 2373668
0.02, 0.33, 12.30, 4.00, 12, 85, 2385476
0.03, 0.65, 12.30, 8.01, 12, 84, 2397304
0.03, 0.33, 12.30, 4.00, 12, 84, 2409124
0.03, 0.33, 12.30, 4.00, 12, 84, 2420956
0.03, 0.33, 12.30, 4.00, 13, 84, 2432776
0.03, 0.65, 12.30, 8.01, 13, 84, 2444612
0.03, 0.33, 12.30, 4.00, 13, 84, 2456432
0.03, 0.33, 12.30, 4.00, 13, 84, 2468256
0.03, 0.65, 12.30, 8.01, 13, 84, 2480088
0.03, 0.65, 12.30, 8.01, 13, 84, 2491904
0.03, 0.33, 12.30, 4.00, 13, 84, 2503736
0.03, 0.33, 12.30, 4.00, 13, 84, 2515552
0.03, 0.65, 12.30, 8.01, 13, 84, 2527384
0.03, 0.33, 12.30, 4.00, 13, 84, 2539200
0.03, 0.33, 12.30, 4.00, 13, 84, 2551032
0.03, 0.33, 12.30, 4.00, 13, 84, 2562848
0.03, 0.65, 12.30, 8.01, 13, 84, 2574692
0.03, 0.33, 12.30, 4.00, 13, 85, 2586500
0.03, 0.33, 12.30, 4.00, 13, 84, 2598320
0.03, 0.65, 12.27, 7.99, 13, 84, 2610148
0.03, 0.33, 12.30, 4.00, 13, 84, 2621972
0.03, 0.33, 12.30, 4.00, 14, 84, 2633816
0.03, 0.65, 12.30, 8.01, 14, 84, 2645620
0.03, 0.65, 12.30, 8.01, 14, 84, 2657448
0.03, 0.65, 12.30, 8.01, 14, 84, 2669264
0.03, 0.65, 12.30, 8.01, 14, 84, 2681096
0.03, 0.33, 12.30, 4.00, 14, 84, 2692916
0.03, 0.65, 12.30, 8.01, 14, 84, 2704740
0.03, 0.65, 12.30, 8.01, 14, 84, 2716564
0.03, 0.65, 12.27, 7.99, 14, 84, 2728388
0.03, 0.65, 12.30, 8.01, 14, 84, 2740220
0.03, 0.65, 12.30, 8.01, 14, 84, 2752036
0.03, 0.65, 12.27, 7.99, 14, 84, 2763868
0.04, 0.65, 12.30, 8.01, 14, 84, 2775688
0.04, 0.65, 12.30, 8.01, 14, 84, 2787512
0.03, 0.65, 12.30, 8.01, 14, 84, 2799332
0.04, 0.65, 12.30, 8.01, 14, 84, 2811160
0.04, 0.65, 12.30, 8.01, 14, 84, 2822976
0.03, 0.65, 12.30, 8.01, 15, 84, 2834824
0.04, 0.65, 12.27, 7.99, 15, 85, 2846624
0.03, 0.65, 12.27, 7.99, 15, 84, 2858452
0.04, 0.65, 12.30, 8.01, 15, 84, 2870280
0.04, 0.65, 12.30, 8.01, 15, 84, 2882100
0.04, 0.65, 12.30, 8.01, 15, 84, 2893944
0.04, 0.65, 12.27, 7.99, 15, 84, 2905752
0.04, 0.65, 12.30, 8.01, 15, 84, 2917584
0.04, 0.65, 12.30, 8.01, 15, 84, 2929404
0.04, 0.65, 12.30, 8.01, 15, 84, 2941232
0.04, 0.65, 12.30, 8.01, 15, 84, 2953052
0.04, 0.65, 12.30, 8.01, 15, 84, 2964880
0.04, 0.65, 12.30, 8.01, 15, 84, 2976712
0.04, 0.65, 12.30, 8.01, 15, 84, 2988536
0.04, 0.65, 12.30, 8.01, 15, 84, 3000364
0.04, 0.65, 12.27, 7.99, 15, 84, 3012180
0.04, 0.65, 12.27, 7.99, 15, 84, 3024016
0.04, 0.65, 12.27, 7.99, 16, 84, 3035836
0.04, 0.65, 12.30, 8.01, 16, 84, 3047668
0.04, 0.65, 12.30, 8.01, 16, 84, 3059484
0.04, 0.65, 12.30, 8.01, 16, 84, 3071316
0.04, 0.65, 12.27, 7.99, 16, 84, 3083136
0.04, 0.65, 12.30, 8.01, 16, 84, 3094984
0.04, 0.65, 12.30, 8.01, 16, 84, 3106792
0.05, 0.65, 12.27, 7.99, 16, 84, 3118612
0.04, 0.65, 12.27, 7.99, 16, 84, 3130440
0.04, 0.65, 12.30, 8.01, 16, 84, 3142256
0.05, 0.65, 12.27, 7.99, 16, 84, 3154088
0.04, 0.65, 12.30, 8.01, 16, 84, 3165904
0.05, 0.65, 12.27, 7.99, 16, 84, 3177740
0.04, 0.65, 12.30, 8.01, 16, 84, 3189556
0.05, 0.65, 12.30, 8.01, 16, 84, 3201388
0.05, 0.65, 12.27, 7.99, 16, 84, 3213212
0.04, 0.65, 12.27, 7.99, 16, 84, 3225036
0.05, 0.65, 12.30, 8.01, 17, 84, 3236872
0.04, 0.65, 12.30, 8.01, 17, 84, 3248692
0.05, 0.65, 12.30, 8.01, 17, 84, 3260520
0.05, 0.65, 12.27, 7.99, 17, 84, 3272340
0.05, 0.65, 12.30, 8.01, 17, 84, 3284168
0.05, 0.65, 12.30, 8.01, 17, 84, 3295992
0.05, 0.65, 12.30, 8.01, 17, 84, 3307824
0.05, 0.65, 12.27, 7.99, 17, 84, 3319640
0.05, 0.65, 12.30, 8.01, 17, 84, 3331468
0.05, 0.65, 12.27, 7.99, 17, 84, 3343300
0.05, 0.65, 12.30, 8.01, 17, 84, 3355140
0.05, 0.65, 12.30, 8.01, 17, 84, 3366952
0.05, 0.65, 12.27, 7.99, 17, 84, 3378768
0.05, 0.65, 12.30, 8.01, 17, 84, 3390600
0.05, 0.65, 12.30, 8.01, 17, 84, 3402420
0.05, 0.65, 12.27, 7.99, 17, 84, 3414248
0.05, 0.65, 12.27, 7.99, 17, 85, 3426064
0.05, 0.65, 12.30, 8.01, 18, 84, 3437896
0.05, 0.65, 12.30, 8.01, 18, 84, 3449716
0.06, 0.65, 12.27, 7.99, 18, 84, 3461540
0.05, 0.65, 12.30, 8.01, 18, 84, 3473372
0.06, 0.65, 12.30, 8.01, 18, 84, 3485192
0.05, 0.65, 12.27, 7.99, 18, 84, 3497024
0.06, 0.65, 12.30, 8.01, 18, 84, 3508844
0.05, 0.65, 12.27, 7.99, 18, 84, 3520676
0.05, 0.65, 12.27, 7.99, 18, 84, 3532500
0.06, 0.65, 12.27, 7.99, 18, 84, 3544328
0.05, 0.65, 12.30, 8.01, 18, 84, 3556148
0.06, 0.65, 12.27, 7.99, 18, 84, 3567976
0.05, 0.65, 12.27, 7.99, 18, 84, 3579796
0.06, 0.65, 12.30, 8.01, 18, 84, 3591624
0.06, 0.65, 12.27, 7.99, 18, 84, 3603452
0.05, 0.65, 12.30, 8.01, 18, 84, 3615292
0.06, 0.65, 12.30, 8.01, 18, 84, 3627100
0.05, 0.65, 12.27, 7.99, 19, 84, 3638924
0.06, 0.65, 12.27, 7.99, 19, 84, 3650752
0.05, 0.65, 12.30, 8.01, 19, 84, 3662572
0.06, 0.65, 12.27, 7.99, 19, 84, 3674400
0.05, 0.65, 12.27, 7.99, 19, 84, 3686216
0.06, 0.65, 12.30, 8.01, 19, 84, 3698044
0.05, 0.65, 12.27, 7.99, 19, 84, 3709868
0.06, 0.65, 12.30, 8.01, 19, 84, 3721692
0.06, 0.65, 12.30, 8.01, 19, 84, 3733524
0.05, 0.65, 12.27, 7.99, 19, 84, 3745336
0.06, 0.65, 12.30, 8.01, 19, 84, 3757172
0.05, 0.65, 12.27, 7.99, 19, 84, 3768992
0.06, 0.65, 12.30, 8.01, 19, 84, 3780820
0.05, 0.65, 12.27, 7.99, 19, 84, 3792640
0.06, 0.65, 12.30, 8.01, 19, 84, 3804476
0.05, 0.65, 12.30, 8.01, 19, 84, 3816292
0.06, 0.65, 12.30, 8.01, 19, 84, 3828116
0.06, 0.65, 12.27, 7.99, 20, 84, 3839948
0.06, 0.65, 12.30, 8.01, 20, 84, 3851764
0.06, 0.65, 12.27, 7.99, 20, 84, 3863596
0.06, 0.65, 12.27, 7.99, 20, 84, 3875412
0.06, 0.65, 12.27, 7.99, 20, 84, 3887244
0.06, 0.65, 12.30, 8.01, 20, 84, 3899060
0.06, 0.65, 12.27, 7.99, 20, 84, 3910888
0.06, 0.65, 12.27, 7.99, 20, 84, 3922708
0.07, 0.65, 12.30, 8.01, 20, 84, 3934540
0.06, 0.65, 12.30, 8.01, 20, 84, 3946356
0.07, 0.65, 12.27, 7.99, 20, 84, 3958180
0.06, 0.65, 12.27, 7.99, 20, 84, 3970012
0.07, 0.65, 12.30, 8.01, 20, 84, 3981832
0.06, 0.65, 12.27, 7.99, 20, 84, 3993664
0.07, 0.65, 12.27, 7.99, 20, 84, 4005480
0.06, 0.65, 12.30, 8.01, 20, 84, 4017316
0.07, 0.65, 12.30, 8.01, 20, 84, 4029132
0.06, 0.65, 12.27, 7.99, 21, 84, 4040960
0.07, 0.65, 12.27, 7.99, 21, 84, 4052780
0.06, 0.65, 12.30, 8.01, 21, 84, 4064604
0.07, 0.65, 12.27, 7.99, 21, 84, 4076424
0.06, 0.65, 12.27, 7.99, 21, 84, 4088248
0.07, 0.65, 12.30, 8.01, 21, 84, 4100080
0.06, 0.98, 12.30, 12.01, 21, 84, 4111900
0.07, 0.65, 12.27, 7.99, 21, 84, 4123728
0.07, 0.65, 12.27, 7.99, 21, 84, 4135548
0.07, 0.65, 12.27, 7.99, 21, 84, 4147372
0.07, 0.98, 12.27, 11.98, 21, 84, 4159192
0.07, 0.65, 12.27, 7.99, 21, 84, 4171024
0.07, 0.65, 12.27, 7.99, 21, 84, 4182844
0.07, 0.65, 12.27, 7.99, 21, 84, 4194664
0.07, 0.65, 12.30, 8.01, 21, 84, 4206484
0.07, 0.65, 12.27, 7.99, 21, 84, 4218312
0.07, 0.98, 12.27, 11.98, 21, 84, 4230144
0.07, 0.65, 12.30, 8.01, 22, 84, 4241964
0.07, 0.65, 12.27, 7.99, 22, 84, 4253792
0.07, 0.98, 12.30, 12.01, 22, 84, 4265612
0.07, 0.98, 12.27, 11.98, 22, 84, 4277444
0.07, 0.65, 12.27, 7.99, 22, 84, 4289264
0.07, 0.65, 12.30, 8.01, 22, 84, 4301092
0.07, 0.98, 12.27, 11.98, 22, 84, 4312916
0.07, 0.98, 12.27, 11.98, 22, 84, 4324740
0.07, 0.65, 12.27, 7.99, 22, 84, 4336572
0.07, 0.98, 12.27, 11.98, 22, 84, 4348392
0.08, 0.98, 12.27, 11.98, 22, 84, 4360220
0.07, 0.98, 12.30, 12.01, 22, 84, 4372040
0.08, 0.98, 12.27, 11.98, 22, 84, 4383872
0.07, 0.98, 12.27, 11.98, 22, 84, 4395688
0.08, 0.98, 12.27, 11.98, 22, 84, 4407516
0.07, 0.98, 12.27, 11.98, 22, 84, 4419336
0.08, 0.98, 12.30, 12.01, 22, 84, 4431168
0.07, 0.98, 12.27, 11.98, 23, 84, 4442988
0.08, 0.98, 12.30, 12.01, 23, 84, 4454812
0.07, 0.98, 12.27, 11.98, 23, 84, 4466648
0.08, 0.98, 12.25, 11.96, 23, 84, 4478460
0.07, 0.98, 12.27, 11.98, 23, 84, 4490296
0.08, 0.98, 12.27, 11.98, 23, 84, 4502112
0.07, 0.98, 12.27, 11.98, 23, 84, 4513960
0.08, 0.98, 12.27, 11.98, 23, 84, 4525760
0.07, 0.98, 12.27, 11.98, 23, 84, 4537588
0.08, 0.98, 12.27, 11.98, 23, 84, 4549408
0.07, 0.98, 12.27, 11.98, 23, 84, 4561232
0.08, 0.98, 12.27, 11.98, 23, 84, 4573060
0.08, 0.98, 12.27, 11.98, 23, 84, 4584888
0.08, 0.98, 12.27, 11.98, 23, 84, 4596720
0.08, 0.98, 12.27, 11.98, 23, 84, 4608536
0.08, 0.98, 12.27, 11.98, 23, 84, 4620368
0.08, 0.98, 12.27, 11.98, 23, 84, 4632184
0.08, 0.98, 12.27, 11.98, 24, 84, 4644020
0.08, 0.98, 12.27, 11.98, 24, 84, 4655836
0.08, 0.98, 12.27, 11.98, 24, 84, 4667664
0.09, 0.98, 12.27, 11.98, 24, 84, 4679484
0.08, 0.98, 12.30, 12.01, 24, 84, 4691304
0.09, 0.98, 12.27, 11.98, 24, 84, 4703132
0.08, 0.98, 12.27, 11.98, 24, 84, 4714956
0.09, 0.98, 12.27, 11.98, 24, 84, 4726788
0.08, 0.98, 12.27, 11.98, 24, 84, 4738608
0.09, 0.98, 12.27, 11.98, 24, 84, 4750436
0.08, 0.98, 12.27, 11.98, 24, 84, 4762252
0.09, 0.98, 12.30, 12.01, 24, 84, 4774100
0.08, 0.98, 12.27, 11.98, 24, 85, 4785900
0.08, 0.98, 12.27, 11.98, 24, 84, 4797732
0.09, 0.98, 12.27, 11.98, 24, 84, 4809548
0.08, 0.98, 12.27, 11.98, 24, 84, 4821372
0.09, 0.98, 12.27, 11.98, 24, 84, 4833196
0.08, 0.98, 12.27, 11.98, 25, 84, 4845024
0.09, 0.98, 12.27, 11.98, 25, 84, 4856852
0.08, 0.98, 12.27, 11.98, 25, 84, 4868668
0.09, 0.98, 12.27, 11.98, 25, 84, 4880500
0.08, 0.98, 12.27, 11.98, 25, 84, 4892320
0.09, 0.98, 12.27, 11.98, 25, 84, 4904148
0.09, 0.98, 12.27, 11.98, 25, 84, 4915964
0.09, 0.98, 12.25, 11.96, 25, 84, 4927796
0.09, 0.98, 12.27, 11.98, 25, 84, 4939612
0.08, 0.98, 12.27, 11.98, 25, 84, 4951440
0.10, 0.98, 12.27, 11.98, 25, 84, 4963272
0.08, 0.98, 12.27, 11.98, 25, 84, 4975092
0.10, 0.98, 12.27, 11.98, 25, 84, 4986920
0.08, 0.98, 12.27, 11.98, 25, 84, 4998744
0.10, 0.98, 12.25, 11.96, 25, 84, 5010576
0.09, 0.98, 12.27, 11.98, 25, 84, 5022396
0.09, 0.98, 12.27, 11.98, 25, 84, 5034240
0.09, 0.98, 12.27, 11.98, 26, 85, 5046048
0.09, 0.98, 12.25, 11.96, 26, 84, 5057872
0.10, 0.98, 12.27, 11.98, 26, 84, 5069700
0.08, 0.98, 12.27, 11.98, 26, 84, 5081524
0.10, 0.98, 12.27, 11.98, 26, 84, 5093356
0.09, 0.98, 12.25, 11.96, 26, 85, 5105176
0.10, 0.98, 12.27, 11.98, 26, 84, 5117004
0.09, 0.98, 12.25, 11.96, 26, 84, 5128824
0.09, 0.98, 12.27, 11.98, 26, 84, 5140652
0.10, 0.98, 12.27, 11.98, 26, 84, 5152472
0.09, 0.98, 12.27, 11.98, 26, 84, 5164304
0.10, 0.98, 12.27, 11.98, 26, 84, 5176120
0.09, 0.98, 12.27, 11.98, 26, 84, 5187948
0.10, 0.98, 12.25, 11.96, 26, 84, 5199772
0.09, 0.98, 12.27, 11.98, 26, 84, 5211600
0.10, 0.98, 12.27, 11.98, 26, 84, 5223428
0.10, 0.98, 12.27, 11.98, 26, 84, 5235268
0.09, 0.98, 12.25, 11.96, 27, 84, 5247080
0.10, 0.98, 12.27, 11.98, 27, 84, 5258896
0.09, 0.98, 12.27, 11.98, 27, 84, 5270724
0.10, 0.98, 12.27, 11.98, 27, 84, 5282544
0.09, 0.98, 12.25, 11.96, 27, 84, 5294392
0.10, 0.98, 12.25, 11.96, 27, 85, 5306188
0.10, 0.98, 12.25, 11.96, 27, 84, 5318016
0.10, 0.98, 12.27, 11.98, 27, 84, 5329836
0.10, 0.98, 12.25, 11.96, 27, 84, 5341664
0.10, 0.98, 12.27, 11.98, 27, 84, 5353492
0.10, 0.98, 12.25, 11.96, 27, 84, 5365308
0.10, 0.98, 12.27, 11.98, 27, 84, 5377140
0.10, 0.98, 12.25, 11.96, 27, 84, 5388960
0.10, 0.98, 12.27, 11.98, 27, 84, 5400788
0.10, 0.98, 12.27, 11.98, 27, 84, 5412604
0.10, 0.98, 12.25, 11.96, 27, 84, 5424436
0.10, 0.98, 12.27, 11.98, 27, 84, 5436256
0.10, 0.98, 12.27, 11.98, 28, 84, 5448076
0.10, 0.98, 12.27, 11.98, 28, 84, 5459908
0.10, 0.98, 12.27, 11.98, 28, 84, 5471728
0.10, 0.98, 12.27, 11.98, 28, 84, 5483560
0.10, 1.30, 12.27, 15.98, 28, 84, 5495400
0.10, 1.30, 12.27, 15.98, 28, 84, 5507212
0.10, 0.98, 12.25, 11.96, 28, 84, 5519032
0.10, 0.98, 12.25, 11.96, 28, 84, 5530860
0.10, 1.30, 12.27, 15.98, 28, 84, 5542680
0.10, 0.98, 12.25, 11.96, 28, 84, 5554508
0.10, 1.30, 12.27, 15.98, 28, 84, 5566336
0.11, 1.30, 12.27, 15.98, 28, 84, 5578160
0.10, 0.98, 12.25, 11.96, 28, 84, 5589988
0.11, 0.98, 12.27, 11.98, 28, 84, 5601812
0.11, 0.98, 12.27, 11.98, 28, 84, 5613644
0.10, 1.30, 12.25, 15.94, 28, 84, 5625460
0.11, 0.98, 12.27, 11.98, 28, 84, 5637288
0.10, 1.30, 12.27, 15.98, 29, 84, 5649112
0.11, 1.30, 12.25, 15.94, 29, 84, 5660940
0.11, 1.30, 12.27, 15.98, 29, 84, 5672760
0.11, 1.30, 12.25, 15.94, 29, 84, 5684584
0.11, 1.30, 12.25, 15.94, 29, 84, 5696408
0.11, 0.98, 12.25, 11.96, 29, 84, 5708232
0.11, 1.30, 12.27, 15.98, 29, 84, 5720060
0.11, 1.30, 12.25, 15.94, 29, 84, 5731876
0.11, 1.30, 12.25, 15.94, 29, 84, 5743708
0.11, 1.30, 12.27, 15.98, 29, 84, 5755548
0.11, 1.30, 12.27, 15.98, 29, 85, 5767356
0.11, 1.30, 12.25, 15.94, 29, 84, 5779172
0.11, 1.30, 12.27, 15.98, 29, 84, 5791004
0.11, 1.30, 12.30, 16.01, 29, 84, 5802820
0.11, 1.30, 12.27, 15.98, 29, 84, 5814648
0.11, 1.30, 12.25, 15.94, 29, 84, 5826468
0.11, 1.30, 12.25, 15.94, 29, 84, 5838296
0.11, 1.30, 12.27, 15.98, 30, 84, 5850128
0.11, 1.30, 12.27, 15.98, 30, 84, 5861948
0.11, 1.30, 12.27, 15.98, 30, 84, 5873780
0.11, 1.30, 12.25, 15.94, 30, 84, 5885596
0.11, 1.30, 12.27, 15.98, 30, 84, 5897428
0.12, 1.30, 12.25, 15.94, 30, 84, 5909248
0.11, 1.30, 12.27, 15.98, 30, 84, 5921076
0.11, 1.30, 12.27, 15.98, 30, 84, 5932900
0.12, 1.30, 12.27, 15.98, 30, 84, 5944724
0.11, 1.30, 12.27, 15.98, 30, 84, 5956556
0.12, 1.30, 12.25, 15.94, 30, 84, 5968376
0.12, 1.30, 12.25, 15.94, 30, 84, 5980208
0.12, 1.30, 12.25, 15.94, 30, 84, 5992028
0.12, 1.30, 12.27, 15.98, 30, 84, 6003860
0.12, 1.30, 12.27, 15.98, 30, 84, 6015696
0.12, 1.30, 12.27, 15.98, 30, 84, 6027508
0.12, 1.30, 12.27, 15.98, 30, 84, 6039324
0.12, 1.30, 12.22, 15.91, 31, 84, 6051152
0.12, 1.30, 12.25, 15.94, 31, 84, 6062976
0.12, 1.30, 12.25, 15.94, 31, 84, 6074804
0.12, 1.30, 12.27, 15.98, 31, 84, 6086636
0.12, 1.30, 12.27, 15.98, 31, 84, 6098452
0.12, 1.30, 12.25, 15.94, 31, 84, 6110284
0.12, 1.30, 12.25, 15.94, 31, 84, 6122104
0.12, 1.30, 12.27, 15.98, 31, 84, 6133936
0.12, 1.30, 12.27, 15.98, 31, 84, 6145760
0.12, 1.30, 12.25, 15.94, 31, 84, 6157588
0.12, 1.30, 12.27, 15.98, 31, 84, 6169408
0.12, 1.30, 12.25, 15.94, 31, 84, 6181236
0.12, 1.30, 12.27, 15.98, 31, 84, 6193060
0.12, 1.30, 12.25, 15.94, 31, 84, 6204888
0.12, 1.30, 12.27, 15.98, 31, 84, 6216720
0.12, 1.30, 12.25, 15.94, 31, 84, 6228540
0.12, 1.30, 12.27, 15.98, 31, 84, 6240372
0.12, 1.30, 12.27, 15.98, 32, 84, 6252192
0.12, 1.30, 12.25, 15.94, 32, 84, 6264024
0.12, 1.30, 12.25, 15.94, 32, 84, 6275860
0.12, 1.30, 12.27, 15.98, 32, 84, 6287668
0.13, 1.30, 12.25, 15.94, 32, 84, 6299488
0.13, 1.30, 12.27, 15.98, 32, 84, 6311312
0.13, 1.30, 12.25, 15.94, 32, 84, 6323144
0.13, 1.30, 12.30, 16.01, 32, 84, 6334960
0.13, 1.30, 12.25, 15.94, 32, 84, 6346792
0.13, 1.30, 12.27, 15.98, 32, 84, 6358608
0.13, 1.30, 12.27, 15.98, 32, 84, 6370440
0.13, 1.30, 12.22, 15.91, 32, 84, 6382260
0.13, 1.30, 12.25, 15.94, 32, 84, 6394092
0.13, 1.30, 12.27, 15.98, 32, 84, 6405912
0.13, 1.30, 12.22, 15.91, 32, 84, 6417744
0.13, 1.30, 12.25, 15.94, 32, 84, 6429560
0.13, 1.30, 12.27, 15.98, 32, 84, 6441388
0.13, 1.30, 12.25, 15.94, 33, 84, 6453220
0.13, 1.30, 12.25, 15.94, 33, 84, 6465040
0.13, 1.30, 12.25, 15.94, 33, 84, 6476872
0.13, 1.30, 12.25, 15.94, 33, 84, 6488688
0.13, 1.30, 12.27, 15.98, 33, 84, 6500520
0.13, 1.63, 12.22, 19.89, 33, 84, 6512336
0.13, 1.30, 12.25, 15.94, 33, 84, 6524168
0.13, 1.30, 12.25, 15.94, 33, 84, 6535988
0.13, 1.30, 12.25, 15.94, 33, 84, 6547808
0.13, 1.30, 12.22, 15.91, 33, 84, 6559636
0.13, 1.30, 12.27, 15.98, 33, 84, 6571456
0.13, 1.30, 12.25, 15.94, 33, 84, 6583288
0.13, 1.30, 12.25, 15.94, 33, 84, 6595104
0.13, 1.30, 12.27, 15.98, 33, 84, 6606936
0.13, 1.30, 12.25, 15.94, 33, 84, 6618752
0.14, 1.30, 12.25, 15.94, 33, 84, 6630584
0.14, 1.30, 12.27, 15.98, 33, 84, 6642404
0.14, 1.30, 12.27, 15.98, 34, 84, 6654252
0.14, 1.30, 12.25, 15.94, 34, 84, 6666056
0.14, 1.63, 12.25, 19.93, 34, 84, 6677880
0.14, 1.30, 12.25, 15.94, 34, 84, 6689704
0.14, 1.30, 12.25, 15.94, 34, 84, 6701532
0.14, 1.63, 12.25, 19.93, 34, 84, 6713364
0.14, 1.63, 12.25, 19.93, 34, 84, 6725184
0.14, 1.63, 12.25, 19.93, 34, 84, 6737020
0.14, 1.63, 12.25, 19.93, 34, 84, 6748836
0.14, 1.63, 12.25, 19.93, 34, 84, 6760668
0.14, 1.63, 12.25, 19.93, 34, 84, 6772488
0.14, 1.63, 12.27, 19.97, 34, 84, 6784324
0.14, 1.63, 12.25, 19.93, 34, 84, 6796144
0.14, 1.63, 12.22, 19.89, 34, 84, 6807964
0.14, 1.63, 12.27, 19.97, 34, 84, 6819796
0.14, 1.63, 12.25, 19.93, 34, 84, 6831616
0.14, 1.63, 12.25, 19.93, 34, 84, 6843444
0.14, 1.63, 12.25, 19.93, 35, 84, 6855260
0.14, 1.63, 12.22, 19.89, 35, 84, 6867092
0.14, 1.63, 12.27, 19.97, 35, 84, 6878908
0.14, 1.63, 12.27, 19.97, 35, 84, 6890736
0.14, 1.63, 12.22, 19.89, 35, 84, 6902556
0.14, 1.63, 12.27, 19.97, 35, 84, 6914396
0.15, 1.63, 12.25, 19.93, 35, 84, 6926208
0.15, 1.63, 12.25, 19.93, 35, 84, 6938036
0.15, 1.63, 12.22, 19.89, 35, 84, 6949864
0.15, 1.63, 12.25, 19.93, 35, 84, 6961684
0.15, 1.63, 12.27, 19.97, 35, 84, 6973516
0.15, 1.63, 12.25, 19.93, 35, 84, 6985336
0.15, 1.63, 12.27, 19.97, 35, 84, 6997168
0.15, 1.63, 12.25, 19.93, 35, 84, 7008984
0.15, 1.63, 12.25, 19.93, 35, 84, 7020816
0.15, 1.63, 12.25, 19.93, 35, 84, 7032632
0.15, 1.63, 12.25, 19.93, 35, 84, 7044456
0.15, 1.63, 12.25, 19.93, 36, 84, 7056280
0.15, 1.63, 12.25, 19.93, 36, 84, 7068104
0.15, 1.63, 12.22, 19.89, 36, 84, 7079936
0.15, 1.63, 12.22, 19.89, 36, 84, 7091752
0.15, 1.63, 12.22, 19.89, 36, 84, 7103584
0.15, 1.63, 12.27, 19.97, 36, 84, 7115404
0.15, 1.63, 12.25, 19.93, 36, 84, 7127236
0.16, 1.63, 12.22, 19.89, 36, 84, 7139052
0.16, 1.63, 12.22, 19.89, 36, 84, 7150884
0.16, 1.63, 12.22, 19.89, 36, 84, 7162700
0.16, 1.63, 12.25, 19.93, 36, 84, 7174540
0.16, 1.63, 12.22, 19.89, 36, 84, 7186348
0.16, 1.63, 12.22, 19.89, 36, 84, 7198172
0.16, 1.63, 12.25, 19.93, 36, 84, 7210000
0.16, 1.63, 12.27, 19.97, 36, 84, 7221820
0.16, 1.63, 12.25, 19.93, 36, 84, 7233652
0.16, 1.63, 12.25, 19.93, 36, 84, 7245468
0.16, 1.63, 12.25, 19.93, 37, 84, 7257300
0.16, 1.63, 12.25, 19.93, 37, 84, 7269120
0.16, 1.95, 12.25, 23.92, 37, 84, 7280952
0.16, 1.63, 12.22, 19.89, 37, 84, 7292764
0.16, 1.63, 12.22, 19.89, 37, 84, 7304592
0.16, 1.95, 12.25, 23.92, 37, 84, 7316420
0.16, 1.95, 12.22, 23.86, 37, 84, 7328240
0.16, 1.63, 12.25, 19.93, 37, 84, 7340072
0.16, 1.63, 12.22, 19.89, 37, 84, 7351884
0.17, 1.63, 12.22, 19.89, 37, 84, 7363716
0.17, 1.95, 12.22, 23.86, 37, 84, 7375536
0.17, 1.63, 12.25, 19.93, 37, 84, 7387364
0.17, 1.95, 12.25, 23.92, 37, 84, 7399180
0.17, 1.63, 12.19, 19.84, 37, 84, 7411012
0.17, 1.63, 12.25, 19.93, 37, 84, 7422832
0.17, 1.63, 12.25, 19.93, 37, 84, 7434672
0.17, 1.95, 12.22, 23.86, 37, 84, 7446488
0.17, 1.95, 12.22, 23.86, 38, 84, 7458304
0.17, 1.63, 12.22, 19.89, 38, 84, 7470136
0.17, 1.95, 12.22, 23.86, 38, 84, 7481956
0.17, 1.95, 12.25, 23.92, 38, 84, 7493784
0.17, 1.95, 12.22, 23.86, 38, 84, 7505604
0.17, 1.95, 12.25, 23.92, 38, 84, 7517432
0.17, 1.95, 12.25, 23.92, 38, 84, 7529252
0.17, 1.95, 12.25, 23.92, 38, 84, 7541076
0.17, 1.95, 12.22, 23.86, 38, 84, 7552904
0.17, 1.95, 12.22, 23.86, 38, 84, 7564728
0.17, 1.95, 12.22, 23.86, 38, 84, 7576560
0.17, 1.95, 12.22, 23.86, 38, 84, 7588376
0.17, 1.95, 12.22, 23.86, 38, 84, 7600212
0.18, 1.95, 12.25, 23.92, 38, 84, 7612028
0.17, 1.95, 12.22, 23.86, 38, 84, 7623860
0.17, 1.95, 12.22, 23.86, 38, 84, 7635680
0.18, 1.95, 12.25, 23.92, 38, 84, 7647516
0.18, 1.95, 12.22, 23.86, 39, 84, 7659332
0.18, 1.95, 12.25, 23.92, 39, 84, 7671160
0.18, 1.95, 12.22, 23.86, 39, 84, 7682984
0.18, 1.95, 12.22, 23.86, 39, 84, 7694828
0.18, 1.95, 12.25, 23.92, 39, 84, 7706648
0.18, 1.95, 12.25, 23.92, 39, 84, 7718464
0.18, 1.95, 12.25, 23.92, 39, 84, 7730300
0.18, 1.95, 12.22, 23.86, 39, 84, 7742116
0.18, 1.95, 12.22, 23.86, 39, 84, 7753948
0.18, 1.95, 12.25, 23.92, 39, 84, 7765768
0.18, 1.95, 12.19, 23.81, 39, 84, 7777600
0.18, 1.95, 12.22, 23.86, 39, 84, 7789420
0.18, 1.95, 12.22, 23.86, 39, 84, 7801248
0.18, 1.95, 12.22, 23.86, 39, 84, 7813076
0.18, 1.95, 12.25, 23.92, 39, 84, 7824896
0.18, 1.95, 12.22, 23.86, 39, 84, 7836728
0.19, 1.95, 12.22, 23.86, 39, 84, 7848548
0.19, 1.95, 12.22, 23.86, 40, 84, 7860380
0.19, 1.95, 12.19, 23.81, 40, 84, 7872200
0.19, 1.95, 12.25, 23.92, 40, 84, 7884036
0.19, 1.95, 12.22, 23.86, 40, 84, 7895856
0.19, 1.95, 12.22, 23.86, 40, 84, 7907680
0.19, 1.95, 12.22, 23.86, 40, 84, 7919504
0.19, 1.95, 12.25, 23.92, 40, 84, 7931328
0.19, 1.95, 12.22, 23.86, 40, 84, 7943160
0.19, 1.95, 12.22, 23.86, 40, 84, 7954976
0.19, 1.95, 12.25, 23.92, 40, 84, 7966808
0.19, 1.95, 12.25, 23.92, 40, 84, 7978624
0.20, 1.95, 12.25, 23.92, 40, 84, 7990456
0.20, 1.95, 12.22, 23.86, 40, 84, 8002276
0.20, 1.95, 12.25, 23.92, 40, 84, 8014104
0.20, 1.95, 12.22, 23.86, 40, 84, 8025924
0.20, 1.95, 12.22, 23.86, 40, 84, 8037748
0.20, 1.95, 12.25, 23.92, 40, 84, 8049572
0.20, 1.95, 12.22, 23.86, 41, 84, 8061396
0.20, 1.95, 12.22, 23.86, 41, 84, 8073228
0.20, 1.95, 12.22, 23.86, 41, 84, 8085048
0.20, 2.28, 12.25, 27.90, 41, 84, 8096876
0.20, 2.28, 12.19, 27.78, 41, 84, 8108692
0.20, 2.28, 12.25, 27.90, 41, 84, 8120524
0.20, 2.28, 12.22, 27.84, 41, 84, 8132344
0.20, 2.28, 12.19, 27.78, 41, 84, 8144172
0.20, 2.28, 12.22, 27.84, 41, 84, 8156012
0.20, 2.28, 12.22, 27.84, 41, 84, 8167816
0.20, 2.28, 12.22, 27.84, 41, 84, 8179648
0.21, 2.28, 12.22, 27.84, 41, 84, 8191468
0.21, 2.28, 12.19, 27.78, 41, 84, 8203300
0.21, 2.28, 12.22, 27.84, 41, 84, 8215116
0.21, 2.28, 12.25, 27.90, 41, 84, 8226948
0.21, 2.28, 12.19, 27.78, 41, 84, 8238768
0.21, 2.28, 12.19, 27.78, 41, 84, 8250600
0.21, 2.28, 12.25, 27.90, 42, 84, 8262420
0.21, 2.28, 12.22, 27.84, 42, 84, 8274248
0.21, 2.28, 12.25, 27.90, 42, 85, 8286064
0.21, 2.28, 12.22, 27.84, 42, 84, 8297888
0.21, 2.28, 12.19, 27.78, 42, 84, 8309720
0.21, 2.28, 12.19, 27.78, 42, 84, 8321540
0.21, 2.28, 12.22, 27.84, 42, 84, 8333372
0.21, 2.28, 12.22, 27.84, 42, 84, 8345188
0.21, 2.28, 12.19, 27.78, 42, 84, 8357020
0.22, 2.28, 12.22, 27.84, 42, 84, 8368840
0.22, 2.28, 12.22, 27.84, 42, 84, 8380668
0.22, 2.28, 12.22, 27.84, 42, 84, 8392488
0.22, 2.28, 12.22, 27.84, 42, 84, 8404312
0.22, 2.28, 12.22, 27.84, 42, 84, 8416160
0.22, 2.28, 12.25, 27.90, 42, 85, 8427968
0.22, 2.28, 12.19, 27.78, 42, 84, 8439800
0.22, 2.28, 12.22, 27.84, 42, 84, 8451620
0.22, 2.28, 12.19, 27.78, 43, 84, 8463448
0.22, 2.28, 12.19, 27.78, 43, 84, 8475268
0.22, 2.28, 12.22, 27.84, 43, 84, 8487104
0.22, 2.28, 12.22, 27.84, 43, 84, 8498920
0.22, 2.28, 12.16, 27.72, 43, 84, 8510752
0.22, 2.28, 12.22, 27.84, 43, 84, 8522564
0.22, 2.28, 12.16, 27.72, 43, 84, 8534392
0.22, 2.28, 12.16, 27.72, 43, 84, 8546216
0.22, 2.28, 12.22, 27.84, 43, 84, 8558040
0.22, 2.28, 12.22, 27.84, 43, 84, 8569868
0.22, 2.28, 12.19, 27.78, 43, 84, 8581684
0.23, 2.60, 12.25, 31.89, 43, 84, 8593516
0.23, 2.28, 12.22, 27.84, 43, 84, 8605332
0.23, 2.28, 12.22, 27.84, 43, 84, 8617160
0.23, 2.28, 12.22, 27.84, 43, 84, 8628984
0.23, 2.28, 12.25, 27.90, 43, 84, 8640808
0.23, 2.60, 12.22, 31.82, 43, 84, 8652628
0.23, 2.28, 12.19, 27.78, 44, 84, 8664452
0.23, 2.60, 12.22, 31.82, 44, 84, 8676300
0.23, 2.60, 12.22, 31.82, 44, 85, 8688100
0.23, 2.60, 12.16, 31.68, 44, 84, 8699932
0.23, 2.60, 12.19, 31.75, 44, 84, 8711748
0.23, 2.60, 12.16, 31.68, 44, 84, 8723580
0.23, 2.28, 12.16, 27.72, 44, 84, 8735396
0.23, 2.60, 12.16, 31.68, 44, 84, 8747224
0.23, 2.60, 12.22, 31.82, 44, 84, 8759044
0.23, 2.60, 12.19, 31.75, 44, 84, 8770876
0.23, 2.60, 12.22, 31.82, 44, 84, 8782696
0.23, 2.60, 12.19, 31.75, 44, 84, 8794520
0.23, 2.60, 12.19, 31.75, 44, 84, 8806352
0.23, 2.60, 12.16, 31.68, 44, 84, 8818176
0.23, 2.60, 12.19, 31.75, 44, 84, 8830004
0.24, 2.60, 12.22, 31.82, 44, 84, 8841824
0.23, 2.60, 12.19, 31.75, 44, 84, 8853656
0.23, 2.60, 12.22, 31.82, 45, 84, 8865476
0.24, 2.60, 12.19, 31.75, 45, 84, 8877308
0.24, 2.60, 12.16, 31.68, 45, 84, 8889128
0.24, 2.60, 12.22, 31.82, 45, 84, 8900952
0.24, 2.60, 12.19, 31.75, 45, 84, 8912780
0.24, 2.60, 12.19, 31.75, 45, 84, 8924604
0.24, 2.60, 12.19, 31.75, 45, 84, 8936456
0.24, 2.60, 12.19, 31.75, 45, 85, 8948256
0.24, 2.60, 12.19, 31.75, 45, 84, 8960092
0.24, 2.60, 12.22, 31.82, 45, 84, 8971912
0.24, 2.60, 12.16, 31.68, 45, 84, 8983744
0.24, 2.60, 12.25, 31.89, 45, 84, 8995560
0.24, 2.60, 12.19, 31.75, 45, 84, 9007396
0.24, 2.60, 12.19, 31.75, 45, 84, 9019212
0.24, 2.60, 12.19, 31.75, 45, 84, 9031036
0.24, 2.60, 12.16, 31.68, 45, 84, 9042864
0.24, 2.60, 12.19, 31.75, 45, 84, 9054704
0.24, 2.60, 12.22, 31.82, 46, 84, 9066520
0.24, 2.60, 12.16, 31.68, 46, 84, 9078336
0.24, 2.60, 12.22, 31.82, 46, 84, 9090168
0.24, 2.60, 12.19, 31.75, 46, 84, 9101984
0.25, 2.60, 12.16, 31.68, 46, 84, 9113820
0.25, 2.60, 12.16, 31.68, 46, 85, 9125636
0.25, 2.60, 12.16, 31.68, 46, 84, 9137464
0.25, 2.60, 12.19, 31.75, 46, 84, 9149284
0.25, 2.93, 12.19, 35.72, 46, 84, 9161112
0.25, 2.60, 12.19, 31.75, 46, 84, 9172944
0.25, 2.93, 12.22, 35.80, 46, 84, 9184764
0.25, 2.93, 12.19, 35.72, 46, 84, 9196604
0.25, 2.93, 12.19, 35.72, 46, 85, 9208412
0.25, 2.93, 12.19, 35.72, 46, 84, 9220240
0.25, 2.93, 12.25, 35.88, 46, 84, 9232060
0.25, 2.93, 12.19, 35.72, 46, 84, 9243892
0.25, 2.93, 12.19, 35.72, 46, 84, 9255708
0.25, 2.93, 12.22, 35.80, 47, 84, 9267536
0.25, 2.60, 12.16, 31.68, 47, 84, 9279356
0.25, 2.93, 12.19, 35.72, 47, 84, 9291184
0.25, 2.93, 12.19, 35.72, 47, 84, 9303016
0.25, 2.93, 12.19, 35.72, 47, 84, 9314852
0.25, 2.93, 12.19, 35.72, 47, 84, 9326664
0.26, 2.93, 12.19, 35.72, 47, 84, 9338484
0.26, 2.93, 12.22, 35.80, 47, 84, 9350312
0.26, 2.93, 12.16, 35.64, 47, 84, 9362132
0.26, 2.93, 12.16, 35.64, 47, 84, 9373964
0.26, 2.93, 12.16, 35.64, 47, 84, 9385780
0.26, 2.93, 12.19, 35.72, 47, 84, 9397604
0.26, 2.93, 12.16, 35.64, 47, 84, 9409428
0.26, 2.93, 12.19, 35.72, 47, 84, 9421256
0.26, 2.93, 12.19, 35.72, 47, 84, 9433084
0.26, 2.93, 12.19, 35.72, 47, 84, 9444900
0.26, 2.93, 12.19, 35.72, 47, 84, 9456732
0.26, 2.93, 12.19, 35.72, 48, 84, 9468552
0.26, 2.93, 12.22, 35.80, 48, 84, 9480384
0.26, 2.93, 12.19, 35.72, 48, 84, 9492200
0.26, 2.93, 12.22, 35.80, 48, 84, 9504032
0.26, 2.93, 12.19, 35.72, 48, 84, 9515848
0.26, 2.93, 12.11, 35.48, 48, 84, 9527676
0.26, 2.93, 12.19, 35.72, 48, 84, 9539500
0.26, 2.93, 12.16, 35.64, 48, 84, 9551328
0.26, 2.93, 12.19, 35.72, 48, 84, 9563160
0.26, 2.93, 12.19, 35.72, 48, 84, 9574996
0.27, 2.93, 12.19, 35.72, 48, 84, 9586816
0.27, 2.93, 12.16, 35.64, 48, 84, 9598632
0.27, 2.93, 12.16, 35.64, 48, 84, 9610468
0.27, 2.93, 12.19, 35.72, 48, 84, 9622288
0.27, 2.93, 12.19, 35.72, 48, 84, 9634120
0.27, 2.93, 12.22, 35.80, 48, 84, 9645940
0.27, 2.93, 12.16, 35.64, 48, 84, 9657760
0.27, 2.93, 12.22, 35.80, 49, 84, 9669592
0.27, 2.93, 12.16, 35.64, 49, 84, 9681408
0.27, 2.93, 12.16, 35.64, 49, 84, 9693240
0.27, 2.93, 12.19, 35.72, 49, 84, 9705060
0.27, 3.26, 12.14, 39.51, 49, 84, 9716888
0.27, 3.26, 12.22, 39.77, 49, 84, 9728708
0.27, 3.26, 12.16, 39.60, 49, 84, 9740536
0.27, 3.26, 12.16, 39.60, 49, 84, 9752356
0.27, 3.26, 12.19, 39.69, 49, 84, 9764184
0.27, 3.26, 12.22, 39.77, 49, 84, 9776008
0.28, 3.26, 12.19, 39.69, 49, 85, 9787836
0.28, 3.26, 12.14, 39.51, 49, 84, 9799668
0.28, 3.26, 12.19, 39.69, 49, 84, 9811488
0.28, 3.26, 12.14, 39.51, 49, 84, 9823320
0.28, 3.26, 12.25, 39.86, 49, 84, 9835156
0.28, 3.26, 12.14, 39.51, 49, 84, 9846976
0.28, 3.26, 12.16, 39.60, 49, 84, 9858792
0.28, 3.26, 12.16, 39.60, 50, 84, 9870624
0.28, 3.26, 12.16, 39.60, 50, 84, 9882444
0.28, 3.26, 12.14, 39.51, 50, 84, 9894268
0.28, 3.26, 12.16, 39.60, 50, 84, 9906092
0.28, 3.26, 12.22, 39.77, 50, 84, 9917912
0.28, 3.26, 12.14, 39.51, 50, 84, 9929744
0.28, 3.26, 12.14, 39.51, 50, 84, 9941560
0.28, 3.26, 12.19, 39.69, 50, 84, 9953396
0.28, 3.26, 12.19, 39.69, 50, 84, 9965216
0.28, 3.26, 12.14, 39.51, 50, 84, 9977048
0.28, 3.26, 12.16, 39.60, 50, 84, 9988868
0.29, 3.26, 12.14, 39.51, 50, 84, 10000700
0.28, 3.26, 12.19, 39.69, 50, 84, 10012520
0.29, 3.26, 12.19, 39.69, 50, 84, 10024348
0.29, 3.26, 12.14, 39.51, 50, 84, 10036180
0.29, 3.26, 12.11, 39.42, 50, 84, 10048000
0.29, 3.26, 12.14, 39.51, 50, 84, 10059828
0.29, 3.26, 12.19, 39.69, 51, 84, 10071652
0.29, 3.26, 12.19, 39.69, 51, 84, 10083484
0.29, 3.26, 12.14, 39.51, 51, 84, 10095304
0.29, 3.26, 12.19, 39.69, 51, 84, 10107136
0.29, 3.26, 12.16, 39.60, 51, 84, 10118956
0.29, 3.26, 12.14, 39.51, 51, 84, 10130780
0.29, 3.58, 12.16, 43.56, 51, 84, 10142608
0.29, 3.26, 12.16, 39.60, 51, 84, 10154432
0.29, 3.26, 12.16, 39.60, 51, 84, 10166268
0.29, 3.26, 12.11, 39.42, 51, 84, 10178084
0.29, 3.26, 12.16, 39.60, 51, 84, 10189920
0.29, 3.58, 12.19, 43.65, 51, 84, 10201740
0.29, 3.58, 12.14, 43.46, 51, 84, 10213568
0.29, 3.58, 12.16, 43.56, 51, 84, 10225388
0.30, 3.26, 12.16, 39.60, 51, 84, 10237220
0.30, 3.26, 12.16, 39.60, 51, 84, 10249040
0.30, 3.58, 12.16, 43.56, 51, 84, 10260860
0.30, 3.26, 12.14, 39.51, 52, 84, 10272688
0.30, 3.26, 12.14, 39.51, 52, 84, 10284512
0.30, 3.58, 12.14, 43.46, 52, 84, 10296344
0.30, 3.58, 12.14, 43.46, 52, 84, 10308168
0.30, 3.58, 12.19, 43.65, 52, 84, 10319996
0.30, 3.58, 12.08, 43.27, 52, 84, 10331816
0.30, 3.58, 12.14, 43.46, 52, 84, 10343648
0.30, 3.58, 12.16, 43.56, 52, 84, 10355468
0.30, 3.58, 12.11, 43.36, 52, 84, 10367300
0.30, 3.58, 12.11, 43.36, 52, 84, 10379116
0.30, 3.58, 12.16, 43.56, 52, 84, 10390944
0.30, 3.58, 12.14, 43.46, 52, 84, 10402780
0.30, 3.58, 12.14, 43.46, 52, 84, 10414596
0.30, 3.58, 12.16, 43.56, 52, 84, 10426432
0.30, 3.58, 12.14, 43.46, 52, 84, 10438252
0.30, 3.58, 12.14, 43.46, 52, 84, 10450084
0.30, 3.58, 12.14, 43.46, 52, 84, 10461904
0.30, 3.58, 12.14, 43.46, 53, 84, 10473736
0.30, 3.58, 12.14, 43.46, 53, 84, 10485552
0.30, 3.58, 12.11, 43.36, 53, 84, 10497376
0.31, 3.58, 12.11, 43.36, 53, 84, 10509200
0.31, 3.58, 12.16, 43.56, 53, 84, 10521024
0.31, 3.58, 12.14, 43.46, 53, 84, 10532860
0.31, 3.58, 12.11, 43.36, 53, 84, 10544676
0.31, 3.58, 12.14, 43.46, 53, 84, 10556528
0.31, 3.58, 12.08, 43.27, 53, 84, 10568328
0.31, 3.58, 12.19, 43.65, 53, 84, 10580160
0.31, 3.58, 12.11, 43.36, 53, 84, 10591984
0.31, 3.58, 12.16, 43.56, 53, 84, 10603816
0.31, 3.58, 12.16, 43.56, 53, 84, 10615636
0.31, 3.58, 12.11, 43.36, 53, 84, 10627460
0.31, 3.58, 12.16, 43.56, 53, 84, 10639296
0.31, 3.58, 12.14, 43.46, 53, 84, 10651112
0.31, 3.58, 12.14, 43.46, 53, 84, 10662944
0.31, 3.58, 12.19, 43.65, 54, 84, 10674764
0.31, 3.58, 12.14, 43.46, 54, 84, 10686600
0.31, 3.58, 12.11, 43.36, 54, 84, 10698420
0.32, 3.58, 12.14, 43.46, 54, 84, 10710252
0.32, 3.58, 12.14, 43.46, 54, 84, 10722072
0.32, 3.91, 12.08, 47.20, 54, 84, 10733904
0.32, 3.91, 12.14, 47.41, 54, 84, 10745724
0.32, 3.91, 12.14, 47.41, 54, 84, 10757552
0.32, 3.58, 12.11, 43.36, 54, 84, 10769384
0.32, 3.91, 12.14, 47.41, 54, 84, 10781204
0.32, 3.91, 12.19, 47.62, 54, 84, 10793036
0.32, 3.58, 12.08, 43.27, 54, 84, 10804856
0.32, 3.91, 12.22, 47.73, 54, 84, 10816708
0.32, 3.91, 12.16, 47.52, 54, 85, 10828508
0.32, 3.58, 12.11, 43.36, 54, 84, 10840340
0.32, 3.91, 12.14, 47.41, 54, 84, 10852160
0.32, 3.91, 12.19, 47.62, 54, 84, 10863988
0.32, 3.91, 12.16, 47.52, 55, 84, 10875812
0.32, 3.91, 12.14, 47.41, 55, 84, 10887640
0.32, 3.91, 12.11, 47.31, 55, 84, 10899472
0.32, 3.91, 12.16, 47.52, 55, 84, 10911292
0.33, 3.91, 12.16, 47.52, 55, 84, 10923128
0.33, 3.91, 12.14, 47.41, 55, 84, 10934944
0.33, 3.91, 12.08, 47.20, 55, 84, 10946780
0.33, 3.91, 12.16, 47.52, 55, 84, 10958596
0.33, 3.91, 12.11, 47.31, 55, 84, 10970428
0.33, 3.91, 12.11, 47.31, 55, 84, 10982248
0.33, 3.91, 12.16, 47.52, 55, 84, 10994076
0.33, 3.91, 12.11, 47.31, 55, 84, 11005908
0.33, 3.91, 12.14, 47.41, 55, 84, 11017724
0.33, 3.91, 12.14, 47.41, 55, 84, 11029560
0.33, 3.91, 12.14, 47.41, 55, 84, 11041376
0.33, 3.91, 12.16, 47.52, 55, 84, 11053208
0.33, 3.91, 12.14, 47.41, 55, 84, 11065028
0.33, 3.91, 12.14, 47.41, 56, 84, 11076880
0.33, 3.91, 12.11, 47.31, 56, 84, 11088684
0.33, 3.91, 12.08, 47.20, 56, 84, 11100508
0.34, 3.91, 12.06, 47.10, 56, 84, 11112332
0.34, 3.91, 12.14, 47.41, 56, 84, 11124160
0.34, 3.91, 12.19, 47.62, 56, 84, 11135992
0.34, 4.23, 12.08, 51.13, 56, 85, 11147812
0.34, 3.91, 12.11, 47.31, 56, 84, 11159648
0.34, 4.23, 12.16, 51.48, 56, 84, 11171464
0.34, 4.23, 12.08, 51.13, 56, 84, 11183296
0.34, 4.23, 12.14, 51.36, 56, 84, 11195132
0.34, 4.23, 12.16, 51.48, 56, 84, 11206952
0.34, 3.91, 12.11, 47.31, 56, 84, 11218772
0.34, 4.23, 12.16, 51.48, 56, 84, 11230600
0.34, 4.23, 12.11, 51.25, 56, 84, 11242432
0.34, 3.91, 12.19, 47.62, 56, 84, 11254252
0.34, 4.23, 12.11, 51.25, 56, 84, 11266080
0.34, 4.23, 12.11, 51.25, 57, 84, 11277904
0.34, 4.23, 12.14, 51.36, 57, 84, 11289736
0.34, 4.23, 12.11, 51.25, 57, 84, 11301552
0.35, 4.23, 12.08, 51.13, 57, 84, 11313384
0.35, 4.23, 12.11, 51.25, 57, 84, 11325208
0.35, 4.23, 12.08, 51.13, 57, 84, 11337056
0.35, 4.23, 12.11, 51.25, 57, 85, 11348856
0.35, 4.23, 12.14, 51.36, 57, 84, 11360684
0.35, 4.23, 12.11, 51.25, 57, 84, 11372516
0.35, 4.23, 12.11, 51.25, 57, 84, 11384336
0.35, 4.23, 12.14, 51.36, 57, 84, 11396168
0.35, 4.23, 12.08, 51.13, 57, 84, 11407988
0.35, 4.23, 12.16, 51.48, 57, 84, 11419824
0.35, 4.23, 12.14, 51.36, 57, 84, 11431640
0.35, 4.23, 12.11, 51.25, 57, 84, 11443472
0.35, 4.23, 12.14, 51.36, 57, 84, 11455308
0.35, 4.23, 12.14, 51.36, 57, 84, 11467120
0.35, 4.23, 12.11, 51.25, 58, 84, 11478944
0.35, 4.23, 12.14, 51.36, 58, 84, 11490768
0.35, 4.23, 12.11, 51.25, 58, 84, 11502600
0.36, 4.23, 12.03, 50.91, 58, 84, 11514416
0.36, 4.23, 12.11, 51.25, 58, 84, 11526248
0.36, 4.23, 12.11, 51.25, 58, 84, 11538068
0.36, 4.23, 12.11, 51.25, 58, 84, 11549892
0.36, 4.56, 12.06, 54.95, 58, 84, 11561712
0.36, 4.23, 12.16, 51.48, 58, 84, 11573544
0.36, 4.23, 12.11, 51.25, 58, 84, 11585364
0.36, 4.23, 12.06, 51.02, 58, 84, 11597184
0.36, 4.23, 12.14, 51.36, 58, 84, 11609016
0.36, 4.23, 12.08, 51.13, 58, 84, 11620836
0.36, 4.23, 12.11, 51.25, 58, 84, 11632668
0.36, 4.56, 12.08, 55.07, 58, 84, 11644484
0.36, 4.23, 12.11, 51.25, 58, 84, 11656316
0.36, 4.23, 12.11, 51.25, 58, 84, 11668136
0.36, 4.56, 12.14, 55.31, 59, 84, 11679964
0.36, 4.23, 12.06, 51.02, 59, 84, 11691784
0.36, 4.56, 12.14, 55.31, 59, 84, 11703620
0.37, 4.56, 12.08, 55.07, 59, 84, 11715452
0.37, 4.56, 12.08, 55.07, 59, 84, 11727264
0.37, 4.56, 12.11, 55.19, 59, 84, 11739096
0.37, 4.56, 12.14, 55.31, 59, 84, 11750916
0.37, 4.56, 12.08, 55.07, 59, 84, 11762748
0.37, 4.56, 12.14, 55.31, 59, 84, 11774568
0.37, 4.56, 12.08, 55.07, 59, 84, 11786400
0.37, 4.56, 12.08, 55.07, 59, 84, 11798224
0.37, 4.56, 12.11, 55.19, 59, 84, 11810052
0.37, 4.56, 12.14, 55.31, 59, 84, 11821872
0.37, 4.56, 12.06, 54.95, 59, 84, 11833700
0.37, 4.56, 12.14, 55.31, 59, 84, 11845528
0.37, 4.56, 12.14, 55.31, 59, 84, 11857352
0.37, 4.56, 12.08, 55.07, 59, 84, 11869184
0.37, 4.56, 12.11, 55.19, 60, 84, 11881004
0.37, 4.56, 12.06, 54.95, 60, 84, 11892840
0.37, 4.56, 12.08, 55.07, 60, 84, 11904656
0.37, 4.56, 12.06, 54.95, 60, 84, 11916488
0.38, 4.56, 12.08, 55.07, 60, 85, 11928308
0.38, 4.56, 12.08, 55.07, 60, 84, 11940140
0.38, 4.56, 12.08, 55.07, 60, 84, 11951960
0.38, 4.56, 12.08, 55.07, 60, 84, 11963788
0.38, 4.56, 12.14, 55.31, 60, 84, 11975632
0.38, 4.56, 12.06, 54.95, 60, 85, 11987436
0.38, 4.88, 12.11, 59.13, 60, 84, 11999268
0.38, 4.56, 12.14, 55.31, 60, 84, 12011088
0.38, 4.56, 12.06, 54.95, 60, 84, 12022920
0.38, 4.88, 12.16, 59.40, 60, 84, 12034736
0.38, 4.56, 12.08, 55.07, 60, 84, 12046568
0.38, 4.56, 12.08, 55.07, 60, 84, 12058384
0.38, 4.56, 12.16, 55.44, 60, 84, 12070216
0.38, 4.88, 12.11, 59.13, 61, 84, 12082032
0.38, 4.88, 12.06, 58.87, 61, 84, 12093860
0.38, 4.88, 12.06, 58.87, 61, 84, 12105688
0.38, 4.88, 12.11, 59.13, 61, 84, 12117508
0.38, 4.88, 12.11, 59.13, 61, 84, 12129336
0.39, 4.88, 12.08, 59.00, 61, 84, 12141152
0.39, 4.88, 12.08, 59.00, 61, 84, 12152984
0.39, 4.88, 12.06, 58.87, 61, 84, 12164804
0.39, 4.88, 12.14, 59.27, 61, 84, 12176636
0.39, 4.88, 12.11, 59.13, 61, 85, 12188452
0.39, 4.88, 12.08, 59.00, 61, 84, 12200280
0.39, 4.88, 12.11, 59.13, 61, 84, 12212100
0.39, 4.88, 12.11, 59.13, 61, 84, 12223928
0.39, 4.88, 12.06, 58.87, 61, 84, 12235756
0.39, 4.88, 12.08, 59.00, 61, 84, 12247576
0.39, 4.88, 12.08, 59.00, 61, 84, 12259408
0.39, 4.88, 12.06, 58.87, 61, 84, 12271228
0.39, 4.88, 12.08, 59.00, 62, 84, 12283056
0.39, 4.88, 12.11, 59.13, 62, 84, 12294876
0.39, 4.88, 12.06, 58.87, 62, 84, 12306704
0.39, 4.88, 12.08, 59.00, 62, 84, 12318524
0.40, 4.88, 12.11, 59.13, 62, 84, 12330348
0.40, 4.88, 12.06, 58.87, 62, 84, 12342176
0.40, 4.88, 12.08, 59.00, 62, 84, 12354000
0.40, 5.21, 12.08, 62.94, 62, 84, 12365832
0.40, 4.88, 12.06, 58.87, 62, 84, 12377648
0.40, 5.21, 12.06, 62.79, 62, 84, 12389484
0.40, 5.21, 12.03, 62.65, 62, 84, 12401304
0.40, 4.88, 12.08, 59.00, 62, 84, 12413136
0.40, 5.21, 12.08, 62.94, 62, 84, 12424952
0.40, 4.88, 12.03, 58.74, 62, 84, 12436784
0.40, 5.21, 12.06, 62.79, 62, 84, 12448604
0.40, 5.21, 12.14, 63.22, 62, 84, 12460428
0.40, 4.88, 12.08, 59.00, 62, 84, 12472256
0.40, 5.21, 12.03, 62.65, 63, 84, 12484076
0.40, 5.21, 12.08, 62.94, 63, 84, 12495908
0.40, 5.21, 12.08, 62.94, 63, 85, 12507728
0.41, 5.21, 12.06, 62.79, 63, 84, 12519556
0.41, 5.21, 12.11, 63.08, 63, 84, 12531376
0.41, 5.21, 12.08, 62.94, 63, 84, 12543208
0.41, 5.21, 12.14, 63.22, 63, 84, 12555028
0.41, 5.21, 12.11, 63.08, 63, 84, 12566860
0.41, 5.21, 12.03, 62.65, 63, 84, 12578680
0.41, 5.21, 12.11, 63.08, 63, 84, 12590508
0.41, 5.21, 12.06, 62.79, 63, 84, 12602340
0.41, 5.21, 12.03, 62.65, 63, 84, 12614160
0.41, 5.21, 12.08, 62.94, 63, 84, 12625992
0.41, 5.21, 12.06, 62.79, 63, 84, 12637816
0.41, 5.21, 12.08, 62.94, 63, 84, 12649644
0.41, 5.21, 12.06, 62.79, 63, 84, 12661464
0.41, 5.21, 12.08, 62.94, 63, 84, 12673296
0.41, 5.21, 12.06, 62.79, 64, 84, 12685120
0.41, 5.21, 12.03, 62.65, 64, 84, 12696944
0.41, 5.21, 12.06, 62.79, 64, 84, 12708768
0.41, 5.21, 12.08, 62.94, 64, 84, 12720596
0.42, 5.21, 12.11, 63.08, 64, 84, 12732424
0.42, 5.53, 12.06, 66.72, 64, 84, 12744240
0.42, 5.21, 12.06, 62.79, 64, 84, 12756072
0.42, 5.53, 12.08, 66.87, 64, 84, 12767888
0.42, 5.53, 12.08, 66.87, 64, 84, 12779724
0.42, 5.53, 12.08, 66.87, 64, 84, 12791540
0.42, 5.53, 12.03, 66.57, 64, 84, 12803368
0.42, 5.53, 12.06, 66.72, 64, 84, 12815188
0.42, 5.53, 12.03, 66.57, 64, 84, 12827016
0.42, 5.53, 12.08, 66.87, 64, 84, 12838844
0.42, 5.53, 12.03, 66.57, 64, 84, 12850664
0.42, 5.53, 12.06, 66.72, 64, 84, 12862492
0.42, 5.53, 12.06, 66.72, 64, 84, 12874316
0.42, 5.53, 12.06, 66.72, 65, 84, 12886144
0.42, 5.53, 12.08, 66.87, 65, 84, 12897964
0.42, 5.53, 12.06, 66.72, 65, 84, 12909796
0.42, 5.53, 12.06, 66.72, 65, 84, 12921616
0.42, 5.53, 12.11, 67.02, 65, 84, 12933444
0.43, 5.53, 12.11, 67.02, 65, 84, 12945260
0.43, 5.53, 12.06, 66.72, 65, 84, 12957104
0.43, 5.53, 12.03, 66.57, 65, 84, 12968916
0.43, 5.53, 12.06, 66.72, 65, 84, 12980736
0.43, 5.53, 12.03, 66.57, 65, 84, 12992568
0.43, 5.53, 12.03, 66.57, 65, 84, 13004388
0.43, 5.53, 12.06, 66.72, 65, 84, 13016220
0.43, 5.86, 12.08, 70.80, 65, 84, 13028040
0.43, 5.53, 12.08, 66.87, 65, 84, 13039876
0.43, 5.53, 12.03, 66.57, 65, 84, 13051692
0.43, 5.53, 12.08, 66.87, 65, 84, 13063516
0.43, 5.53, 12.08, 66.87, 65, 84, 13075340
0.43, 5.53, 12.06, 66.72, 66, 84, 13087164
0.43, 5.53, 12.06, 66.72, 66, 84, 13098996
0.43, 5.86, 12.06, 70.64, 66, 84, 13110816
0.43, 5.53, 12.03, 66.57, 66, 84, 13122644
0.44, 5.86, 12.08, 70.80, 66, 84, 13134464
0.44, 5.86, 12.08, 70.80, 66, 85, 13146292
0.44, 5.53, 12.00, 66.42, 66, 84, 13158112
0.44, 5.86, 12.03, 70.49, 66, 84, 13169944
0.44, 5.86, 12.06, 70.64, 66, 84, 13181764
0.44, 5.86, 12.00, 70.33, 66, 84, 13193584
0.44, 5.86, 12.03, 70.49, 66, 84, 13205412
0.44, 5.86, 12.00, 70.33, 66, 84, 13217256
0.44, 5.86, 12.03, 70.49, 66, 84, 13229068
0.44, 5.86, 12.06, 70.64, 66, 84, 13240888
0.44, 5.86, 12.00, 70.33, 66, 84, 13252724
0.44, 5.86, 12.00, 70.33, 66, 84, 13264540
0.44, 5.86, 12.06, 70.64, 66, 84, 13276376
0.44, 5.86, 12.06, 70.64, 67, 84, 13288196
0.44, 5.86, 12.11, 70.96, 67, 84, 13300028
0.44, 5.86, 12.03, 70.49, 67, 84, 13311848
0.44, 5.86, 11.98, 70.17, 67, 84, 13323672
0.44, 5.86, 12.03, 70.49, 67, 84, 13335516
0.45, 5.86, 12.00, 70.33, 67, 84, 13347324
0.45, 5.86, 12.06, 70.64, 67, 84, 13359156
0.45, 5.86, 12.03, 70.49, 67, 84, 13370976
0.45, 5.86, 12.00, 70.33, 67, 84, 13382808
0.45, 5.86, 12.03, 70.49, 67, 84, 13394628
0.45, 6.18, 12.06, 74.57, 67, 84, 13406456
0.45, 5.86, 12.03, 70.49, 67, 84, 13418280
0.45, 6.18, 12.03, 74.40, 67, 84, 13430104
0.45, 6.18, 12.06, 74.57, 67, 84, 13441932
0.45, 5.86, 12.03, 70.49, 67, 84, 13453756
0.45, 6.18, 12.03, 74.40, 67, 84, 13465592
0.45, 6.18, 12.00, 74.23, 67, 84, 13477428
0.45, 5.86, 12.03, 70.49, 68, 84, 13489240
0.45, 6.18, 12.06, 74.57, 68, 84, 13501064
0.45, 6.18, 12.03, 74.40, 68, 84, 13512896
0.45, 6.18, 12.06, 74.57, 68, 84, 13524712
0.46, 6.18, 11.98, 74.07, 68, 84, 13536548
0.46, 6.18, 11.98, 74.07, 68, 85, 13548364
0.46, 6.18, 12.08, 74.74, 68, 84, 13560196
0.46, 6.18, 12.03, 74.40, 68, 84, 13572024
0.46, 6.18, 12.08, 74.74, 68, 84, 13583844
0.46, 6.18, 12.06, 74.57, 68, 84, 13595692
0.46, 6.18, 12.03, 74.40, 68, 84, 13607496
0.46, 6.18, 12.03, 74.40, 68, 84, 13619328
0.46, 6.18, 11.98, 74.07, 68, 84, 13631148
0.46, 6.18, 12.06, 74.57, 68, 84, 13642984
0.46, 6.18, 12.03, 74.40, 68, 84, 13654800
0.46, 6.18, 12.03, 74.40, 68, 84, 13666632
0.46, 6.18, 12.03, 74.40, 68, 84, 13678452
0.47, 6.18, 12.03, 74.40, 69, 84, 13690276
0.47, 6.18, 12.03, 74.40, 69, 84, 13702104
0.47, 6.18, 12.06, 74.57, 69, 84, 13713924
0.47, 6.18, 12.00, 74.23, 69, 84, 13725756
0.47, 6.51, 12.03, 78.32, 69, 84, 13737592
0.47, 6.51, 11.98, 77.97, 69, 84, 13749404
0.47, 6.51, 11.95, 77.79, 69, 84, 13761220
0.47, 6.51, 12.06, 78.49, 69, 84, 13773056
0.47, 6.51, 12.03, 78.32, 69, 84, 13784876
0.47, 6.51, 12.03, 78.32, 69, 84, 13796700
0.47, 6.51, 12.00, 78.14, 69, 84, 13808524
0.48, 6.51, 12.00, 78.14, 69, 84, 13820352
0.48, 6.51, 11.98, 77.97, 69, 84, 13832184
0.48, 6.51, 12.03, 78.32, 69, 84, 13844004
0.48, 6.51, 12.03, 78.32, 69, 84, 13855852
0.48, 6.51, 12.08, 78.67, 69, 84, 13867656
0.48, 6.51, 12.06, 78.49, 69, 84, 13879492
0.48, 6.51, 12.03, 78.32, 70, 84, 13891308
0.48, 6.51, 12.03, 78.32, 70, 84, 13903144
0.48, 6.51, 12.06, 78.49, 70, 84, 13914964
0.48, 6.51, 11.92, 77.62, 70, 84, 13926788
0.48, 6.51, 12.00, 78.14, 70, 84, 13938624
0.48, 6.51, 11.98, 77.97, 70, 84, 13950440
0.48, 6.51, 11.98, 77.97, 70, 84, 13962272
0.48, 6.51, 12.03, 78.32, 70, 84, 13974092
0.48, 6.51, 12.03, 78.32, 70, 84, 13985924
0.49, 6.84, 12.03, 82.23, 70, 84, 13997740
0.49, 6.84, 11.98, 81.86, 70, 84, 14009568
0.49, 6.51, 11.98, 77.97, 70, 84, 14021388
0.49, 6.84, 12.08, 82.60, 70, 84, 14033220
0.49, 6.84, 12.06, 82.42, 70, 85, 14045036
0.49, 6.51, 11.98, 77.97, 70, 84, 14056864
0.49, 6.51, 11.95, 77.79, 70, 84, 14068692
0.49, 6.51, 12.06, 78.49, 70, 84, 14080512
0.49, 6.84, 12.00, 82.05, 71, 84, 14092348
0.49, 6.51, 12.03, 78.32, 71, 84, 14104164
0.49, 6.84, 11.98, 81.86, 71, 84, 14116012
0.49, 6.84, 12.00, 82.05, 71, 84, 14127816
0.49, 6.84, 11.95, 81.68, 71, 84, 14139648
0.49, 6.84, 11.98, 81.86, 71, 84, 14151468
0.50, 6.84, 12.03, 82.23, 71, 84, 14163292
0.50, 6.84, 12.00, 82.05, 71, 84, 14175120
0.50, 6.84, 12.00, 82.05, 71, 84, 14186948
0.50, 6.84, 12.00, 82.05, 71, 84, 14198780
0.50, 6.84, 12.00, 82.05, 71, 84, 14210596
0.50, 6.84, 11.98, 81.86, 71, 84, 14222424
0.50, 6.84, 12.00, 82.05, 71, 84, 14234240
0.50, 6.84, 11.95, 81.68, 71, 84, 14246076
0.50, 6.84, 12.06, 82.42, 71, 84, 14257896
0.50, 6.84, 12.03, 82.23, 71, 84, 14269724
0.50, 6.84, 12.00, 82.05, 71, 84, 14281544
0.50, 6.84, 12.00, 82.05, 72, 84, 14293368
0.50, 6.84, 11.98, 81.86, 72, 84, 14305188
0.50, 7.16, 11.98, 85.76, 72, 84, 14317016
0.50, 6.84, 11.95, 81.68, 72, 84, 14328848
0.51, 6.84, 11.98, 81.86, 72, 84, 14340664
0.51, 7.16, 12.03, 86.15, 72, 84, 14352496
0.51, 6.84, 11.89, 81.31, 72, 84, 14364316
0.51, 7.16, 12.06, 86.34, 72, 84, 14376152
0.51, 7.16, 12.00, 85.96, 72, 84, 14387968
0.51, 7.16, 11.98, 85.76, 72, 84, 14399804
0.51, 7.16, 11.95, 85.57, 72, 84, 14411624
0.51, 7.16, 11.95, 85.57, 72, 84, 14423448
0.51, 7.16, 12.00, 85.96, 72, 84, 14435284
0.51, 7.16, 12.03, 86.15, 72, 84, 14447100
0.51, 7.16, 11.98, 85.76, 72, 84, 14458932
0.51, 7.16, 11.98, 85.76, 72, 84, 14470752
0.51, 7.16, 12.03, 86.15, 72, 84, 14482584
0.51, 7.16, 11.98, 85.76, 73, 84, 14494400
0.51, 7.16, 11.95, 85.57, 73, 84, 14506232
0.51, 7.16, 11.95, 85.57, 73, 84, 14518048
0.52, 7.16, 12.00, 85.96, 73, 84, 14529880
0.52, 7.16, 11.98, 85.76, 73, 84, 14541704
0.52, 7.16, 11.98, 85.76, 73, 84, 14553528
0.52, 7.16, 11.98, 85.76, 73, 84, 14565364
0.52, 7.16, 12.00, 85.96, 73, 84, 14577180
0.52, 7.16, 11.98, 85.76, 73, 84, 14589012
0.52, 7.16, 11.95, 85.57, 73, 84, 14600832
0.52, 7.49, 11.98, 89.66, 73, 84, 14612664
0.52, 7.16, 11.98, 85.76, 73, 84, 14624484
0.52, 7.16, 11.98, 85.76, 73, 84, 14636312
0.52, 7.49, 11.98, 89.66, 73, 84, 14648128
0.52, 7.16, 12.00, 85.96, 73, 84, 14659956
0.53, 7.16, 11.98, 85.76, 73, 84, 14671784
0.52, 7.49, 12.03, 90.07, 73, 84, 14683604
0.53, 7.16, 12.00, 85.96, 74, 84, 14695432
0.53, 7.49, 12.00, 89.86, 74, 84, 14707252
0.53, 7.49, 12.00, 89.86, 74, 84, 14719080
0.53, 7.49, 11.92, 89.26, 74, 84, 14730900
0.53, 7.49, 11.98, 89.66, 74, 84, 14742732
0.53, 7.49, 11.95, 89.46, 74, 84, 14754548
0.53, 7.49, 12.00, 89.86, 74, 84, 14766380
0.53, 7.49, 11.98, 89.66, 74, 84, 14778196
0.53, 7.49, 12.06, 90.27, 74, 84, 14790024
0.53, 7.49, 11.89, 89.06, 74, 84, 14801852
0.54, 7.49, 11.95, 89.46, 74, 84, 14813672
0.54, 7.49, 11.95, 89.46, 74, 84, 14825500
0.54, 7.49, 11.89, 89.06, 74, 84, 14837324
0.54, 7.49, 11.98, 89.66, 74, 84, 14849152
0.54, 7.49, 11.95, 89.46, 74, 84, 14860968
0.54, 7.49, 12.03, 90.07, 74, 84, 14872800
0.54, 7.49, 11.95, 89.46, 74, 84, 14884616
0.54, 7.49, 11.92, 89.26, 75, 84, 14896448
0.54, 7.49, 11.95, 89.46, 75, 85, 14908268
0.54, 7.49, 11.89, 89.06, 75, 84, 14920092
0.54, 7.81, 11.98, 93.56, 75, 84, 14931924
0.54, 7.81, 11.89, 92.93, 75, 84, 14943744
0.54, 7.49, 11.95, 89.46, 75, 84, 14955576
0.54, 7.81, 12.00, 93.77, 75, 84, 14967392
0.54, 7.81, 11.98, 93.56, 75, 84, 14979224
0.54, 7.81, 12.03, 93.98, 75, 84, 14991044
0.55, 7.81, 12.03, 93.98, 75, 84, 15002872
0.55, 7.81, 11.98, 93.56, 75, 84, 15014692
0.55, 7.81, 11.95, 93.35, 75, 84, 15026512
0.55, 7.81, 12.00, 93.77, 75, 84, 15038340
0.55, 7.81, 11.89, 92.93, 75, 84, 15050168
0.55, 7.81, 11.89, 92.93, 75, 84, 15062000
0.55, 7.81, 11.98, 93.56, 75, 84, 15073820
0.55, 7.81, 11.92, 93.14, 75, 84, 15085656
0.55, 7.81, 11.92, 93.14, 76, 84, 15097472
0.55, 7.81, 12.00, 93.77, 76, 84, 15109304
0.55, 7.81, 11.95, 93.35, 76, 84, 15121124
0.55, 7.81, 11.89, 92.93, 76, 84, 15132960
0.55, 7.81, 12.03, 93.98, 76, 84, 15144776
0.55, 8.14, 11.95, 97.24, 76, 84, 15156604
0.56, 8.14, 12.00, 97.68, 76, 85, 15168428
0.56, 8.14, 11.95, 97.24, 76, 84, 15180256
0.56, 7.81, 11.89, 92.93, 76, 84, 15192092
0.56, 8.14, 11.92, 97.02, 76, 84, 15203908
0.56, 8.14, 11.98, 97.46, 76, 84, 15215740
0.56, 7.81, 11.89, 92.93, 76, 84, 15227560
0.56, 8.14, 11.89, 96.80, 76, 84, 15239388
0.56, 8.14, 11.89, 96.80, 76, 84, 15251208
0.56, 8.14, 11.92, 97.02, 76, 84, 15263036
0.56, 8.14, 11.92, 97.02, 76, 84, 15274856
0.56, 8.14, 11.95, 97.24, 76, 84, 15286684
0.56, 8.14, 11.89, 96.80, 77, 84, 15298516
0.56, 8.14, 12.00, 97.68, 77, 84, 15310336
0.56, 8.14, 11.92, 97.02, 77, 84, 15322168
0.56, 8.14, 11.89, 96.80, 77, 84, 15333988
0.57, 8.14, 11.95, 97.24, 77, 84, 15345820
0.57, 8.14, 11.98, 97.46, 77, 84, 15357660
0.57, 8.14, 11.98, 97.46, 77, 84, 15369472
0.57, 8.14, 12.00, 97.68, 77, 84, 15381288
0.57, 8.14, 11.87, 96.58, 77, 84, 15393112
0.57, 8.14, 11.95, 97.24, 77, 84, 15404940
0.57, 8.14, 11.95, 97.24, 77, 84, 15416764
0.57, 8.14, 11.95, 97.24, 77, 84, 15428592
0.57, 8.14, 11.95, 97.24, 77, 84, 15440416
0.57, 8.14, 11.87, 96.58, 77, 84, 15452244
0.57, 8.46, 11.95, 101.13, 77, 84, 15464064
0.57, 8.14, 11.95, 97.24, 77, 84, 15475916
0.57, 8.14, 11.92, 97.02, 77, 85, 15487716
0.57, 8.14, 11.87, 96.58, 78, 84, 15499552
0.57, 8.14, 11.87, 96.58, 78, 84, 15511372
0.57, 8.14, 11.84, 96.36, 78, 84, 15523196
0.58, 8.46, 11.89, 100.67, 78, 84, 15535024
0.58, 8.46, 11.87, 100.44, 78, 84, 15546848
0.58, 8.46, 11.95, 101.13, 78, 84, 15558680
0.58, 8.46, 11.89, 100.67, 78, 84, 15570500
0.58, 8.46, 11.98, 101.36, 78, 84, 15582336
0.58, 8.46, 11.98, 101.36, 78, 84, 15594156
0.58, 8.46, 11.92, 100.90, 78, 84, 15605984
0.58, 8.46, 11.87, 100.44, 78, 84, 15617824
0.58, 8.46, 11.92, 100.90, 78, 84, 15629636
0.58, 8.46, 11.95, 101.13, 78, 84, 15641452
0.58, 8.46, 11.95, 101.13, 78, 84, 15653276
0.58, 8.46, 11.89, 100.67, 78, 84, 15665108
0.59, 8.46, 11.92, 100.90, 78, 84, 15676928
0.59, 8.46, 11.95, 101.13, 78, 84, 15688760
0.59, 8.46, 11.87, 100.44, 79, 84, 15700576
0.59, 8.46, 11.98, 101.36, 79, 84, 15712404
0.59, 8.46, 11.89, 100.67, 79, 84, 15724224
0.59, 8.46, 11.89, 100.67, 79, 84, 15736072
0.59, 8.79, 11.89, 104.54, 79, 85, 15747876
0.59, 8.79, 11.92, 104.78, 79, 84, 15759704
0.59, 8.79, 11.95, 105.02, 79, 84, 15771528
0.59, 8.79, 11.95, 105.02, 79, 84, 15783352
0.59, 8.79, 11.89, 104.54, 79, 84, 15795188
0.59, 8.79, 11.84, 104.07, 79, 84, 15807004
0.60, 8.79, 11.87, 104.31, 79, 84, 15818840
0.60, 8.79, 11.95, 105.02, 79, 84, 15830656
0.60, 8.79, 11.95, 105.02, 79, 84, 15842492
0.60, 8.79, 11.87, 104.31, 79, 84, 15854312
0.60, 8.79, 11.92, 104.78, 79, 84, 15866140
0.60, 8.79, 11.92, 104.78, 79, 84, 15877984
0.60, 8.79, 11.84, 104.07, 79, 84, 15889792
0.60, 8.79, 11.89, 104.54, 80, 84, 15901616
0.60, 8.79, 11.87, 104.31, 80, 84, 15913444
0.60, 8.79, 11.87, 104.31, 80, 84, 15925276
0.60, 8.79, 11.92, 104.78, 80, 84, 15937096
0.60, 9.11, 11.92, 108.66, 80, 84, 15948928
0.60, 8.79, 11.87, 104.31, 80, 84, 15960744
0.60, 8.79, 11.87, 104.31, 80, 84, 15972580
0.61, 9.11, 11.92, 108.66, 80, 84, 15984400
0.61, 9.11, 11.92, 108.66, 80, 84, 15996248
0.61, 9.11, 11.89, 108.42, 80, 85, 16008052
0.61, 9.11, 11.95, 108.91, 80, 84, 16019876
0.61, 9.11, 11.89, 108.42, 80, 84, 16031708
0.61, 9.11, 11.89, 108.42, 80, 84, 16043528
0.61, 8.79, 11.84, 104.07, 80, 84, 16055356
0.61, 9.11, 11.87, 108.17, 80, 85, 16067180
0.61, 9.11, 11.84, 107.92, 80, 84, 16079012
0.61, 8.79, 11.87, 104.31, 80, 84, 16090828
0.61, 9.11, 11.89, 108.42, 81, 84, 16102656
0.61, 9.11, 11.87, 108.17, 81, 84, 16114476
0.61, 9.11, 11.89, 108.42, 81, 84, 16126300
0.61, 9.11, 11.89, 108.42, 81, 84, 16138144
0.61, 9.11, 11.89, 108.42, 81, 85, 16149948
0.61, 9.11, 11.89, 108.42, 81, 84, 16161776
0.62, 9.11, 11.98, 109.15, 81, 84, 16173600
0.62, 9.11, 11.87, 108.17, 81, 84, 16185432
0.62, 9.11, 11.98, 109.15, 81, 84, 16197248
0.62, 9.11, 11.98, 109.15, 81, 84, 16209084
0.62, 9.11, 11.87, 108.17, 81, 84, 16220900
0.62, 9.11, 11.81, 107.68, 81, 84, 16232732
0.62, 9.44, 11.92, 112.54, 81, 84, 16244552
0.62, 9.11, 11.84, 107.92, 81, 84, 16256392
0.62, 9.11, 11.92, 108.66, 81, 84, 16268208
0.62, 9.11, 11.84, 107.92, 81, 84, 16280028
0.62, 9.44, 11.89, 112.29, 81, 84, 16291860
0.62, 9.11, 11.84, 107.92, 82, 84, 16303684
0.62, 9.44, 11.79, 111.27, 82, 84, 16315512
0.62, 9.44, 11.84, 111.78, 82, 84, 16327332
0.62, 9.44, 11.87, 112.03, 82, 84, 16339168
0.63, 9.44, 11.84, 111.78, 82, 84, 16350984
0.63, 9.44, 11.84, 111.78, 82, 84, 16362820
0.63, 9.44, 11.81, 111.52, 82, 84, 16374640
0.63, 9.44, 11.84, 111.78, 82, 84, 16386464
0.63, 9.44, 11.89, 112.29, 82, 84, 16398296
0.63, 9.44, 11.87, 112.03, 82, 84, 16410120
0.63, 9.44, 11.89, 112.29, 82, 84, 16421948
0.63, 9.44, 11.89, 112.29, 82, 84, 16433768
0.63, 9.44, 11.89, 112.29, 82, 84, 16445596
0.63, 9.44, 11.95, 112.80, 82, 84, 16457416
0.63, 9.44, 11.81, 111.52, 82, 85, 16469244
0.63, 9.44, 11.84, 111.78, 82, 84, 16481064
0.63, 9.44, 11.89, 112.29, 82, 84, 16492884
0.63, 9.44, 11.87, 112.03, 83, 84, 16504712
0.63, 9.77, 11.89, 116.16, 83, 84, 16516532
0.63, 9.44, 11.84, 111.78, 83, 84, 16528364
0.64, 9.77, 11.81, 115.37, 83, 84, 16540184
0.64, 9.77, 11.81, 115.37, 83, 84, 16552012
0.64, 9.77, 11.79, 115.11, 83, 84, 16563832
0.64, 9.77, 11.87, 115.90, 83, 84, 16575660
0.64, 9.77, 11.81, 115.37, 83, 84, 16587480
0.64, 9.77, 11.89, 116.16, 83, 84, 16599312
0.65, 9.77, 11.84, 115.63, 83, 84, 16611128
0.65, 9.77, 11.79, 115.11, 83, 84, 16622956
0.65, 9.77, 11.84, 115.63, 83, 84, 16634780
0.65, 9.77, 11.84, 115.63, 83, 84, 16646604
0.65, 9.77, 11.87, 115.90, 83, 84, 16658432
0.65, 9.77, 11.81, 115.37, 83, 84, 16670256
0.65, 9.77, 11.92, 116.42, 83, 84, 16682084
0.65, 9.77, 11.81, 115.37, 83, 84, 16693904
0.65, 9.77, 11.87, 115.90, 84, 84, 16705736
0.65, 9.77, 11.81, 115.37, 84, 84, 16717560
0.65, 9.77, 11.79, 115.11, 84, 84, 16729388
0.65, 9.77, 11.87, 115.90, 84, 84, 16741208
0.65, 9.77, 11.84, 115.63, 84, 84, 16753028
0.65, 10.09, 11.81, 119.21, 84, 84, 16764864
0.65, 9.77, 11.84, 115.63, 84, 84, 16776680
0.65, 10.09, 11.79, 118.94, 84, 84, 16788512
0.65, 10.09, 11.87, 119.76, 84, 84, 16800328
0.65, 10.09, 11.89, 120.03, 84, 84, 16812160
0.66, 10.09, 11.89, 120.03, 84, 84, 16823980
0.66, 10.09, 11.81, 119.21, 84, 84, 16835812
0.66, 10.09, 11.79, 118.94, 84, 84, 16847628
0.66, 10.09, 11.87, 119.76, 84, 84, 16859460
0.66, 10.09, 11.89, 120.03, 84, 84, 16871276
0.66, 10.09, 11.87, 119.76, 84, 84, 16883104
0.66, 10.09, 11.89, 120.03, 84, 84, 16894932
0.66, 10.09, 11.81, 119.21, 85, 84, 16906748
0.66, 10.09, 11.79, 118.94, 85, 84, 16918580
0.66, 10.09, 11.81, 119.21, 85, 84, 16930396
0.66, 10.09, 11.87, 119.76, 85, 84, 16942228
0.66, 10.09, 11.87, 119.76, 85, 84, 16954048
0.66, 10.09, 11.79, 118.94, 85, 84, 16965876
0.66, 10.09, 11.87, 119.76, 85, 84, 16977696
0.67, 10.09, 11.89, 120.03, 85, 84, 16989520
0.67, 10.09, 11.79, 118.94, 85, 84, 17001344
0.67, 10.42, 11.79, 122.78, 85, 84, 17013172
0.67, 10.09, 11.87, 119.76, 85, 84, 17025004
0.67, 10.09, 11.81, 119.21, 85, 84, 17036820
0.67, 10.42, 11.79, 122.78, 85, 84, 17048652
0.67, 10.09, 11.81, 119.21, 85, 84, 17060472
0.67, 10.42, 11.79, 122.78, 85, 84, 17072300
0.67, 10.09, 11.79, 118.94, 85, 84, 17084120
0.67, 10.09, 11.87, 119.76, 85, 84, 17095956
0.67, 10.09, 11.79, 118.94, 86, 84, 17107772
0.67, 10.42, 11.84, 123.34, 86, 84, 17119600
0.67, 10.42, 11.79, 122.78, 86, 84, 17131428
0.67, 10.42, 11.76, 122.50, 86, 84, 17143248
0.67, 10.42, 11.84, 123.34, 86, 84, 17155080
0.68, 10.42, 11.76, 122.50, 86, 85, 17166896
0.68, 10.42, 11.76, 122.50, 86, 84, 17178728
0.68, 10.42, 11.81, 123.06, 86, 84, 17190544
0.68, 10.42, 11.81, 123.06, 86, 84, 17202376
0.68, 10.42, 11.81, 123.06, 86, 84, 17214192
0.68, 10.74, 11.84, 127.20, 86, 84, 17226020
0.68, 10.42, 11.84, 123.34, 86, 84, 17237840
0.68, 10.42, 11.79, 122.78, 86, 84, 17249668
0.68, 10.42, 11.81, 123.06, 86, 84, 17261488
0.68, 10.42, 11.81, 123.06, 86, 84, 17273316
0.68, 10.42, 11.79, 122.78, 86, 84, 17285144
0.68, 10.42, 11.79, 122.78, 86, 84, 17296968
0.68, 10.42, 11.76, 122.50, 87, 84, 17308796
0.68, 10.74, 11.81, 126.91, 87, 84, 17320616
0.68, 10.74, 11.81, 126.91, 87, 84, 17332448
0.68, 10.74, 11.79, 126.62, 87, 84, 17344272
0.69, 10.42, 11.76, 122.50, 87, 84, 17356104
0.69, 10.74, 11.79, 126.62, 87, 84, 17367924
0.69, 10.74, 11.79, 126.62, 87, 84, 17379748
0.69, 10.74, 11.76, 126.33, 87, 84, 17391580
0.69, 10.74, 11.79, 126.62, 87, 84, 17403400
0.69, 10.74, 11.81, 126.91, 87, 84, 17415232
0.69, 10.74, 11.79, 126.62, 87, 84, 17427052
0.69, 10.74, 11.81, 126.91, 87, 84, 17438888
0.69, 10.74, 11.76, 126.33, 87, 84, 17450704
0.69, 10.74, 11.84, 127.20, 87, 84, 17462536
0.69, 10.74, 11.79, 126.62, 87, 84, 17474356
0.69, 10.74, 11.79, 126.62, 87, 84, 17486180
0.69, 10.74, 11.76, 126.33, 87, 84, 17498008
0.69, 10.74, 11.84, 127.20, 88, 84, 17509832
0.69, 10.74, 11.73, 126.04, 88, 84, 17521664
0.69, 10.74, 11.76, 126.33, 88, 84, 17533480
0.69, 11.07, 11.73, 129.86, 88, 84, 17545308
0.70, 11.07, 11.81, 130.75, 88, 84, 17557128
0.70, 11.07, 11.79, 130.45, 88, 84, 17568960
0.70, 11.07, 11.81, 130.75, 88, 84, 17580776
0.70, 11.07, 11.76, 130.15, 88, 84, 17592608
0.70, 11.07, 11.79, 130.45, 88, 84, 17604428
0.70, 11.07, 11.79, 130.45, 88, 84, 17616268
0.70, 11.07, 11.89, 131.65, 88, 84, 17628076
0.70, 11.07, 11.81, 130.75, 88, 84, 17639900
0.70, 11.07, 11.84, 131.05, 88, 84, 17651728
0.70, 11.07, 11.81, 130.75, 88, 84, 17663548
0.70, 11.07, 11.87, 131.35, 88, 84, 17675376
0.71, 11.07, 11.79, 130.45, 88, 84, 17687196
0.71, 11.07, 11.79, 130.45, 88, 84, 17699028
0.70, 11.07, 11.73, 129.86, 89, 84, 17710844
0.70, 11.07, 11.81, 130.75, 89, 84, 17722676
0.70, 11.07, 11.76, 130.15, 89, 84, 17734496
0.71, 11.39, 11.71, 133.37, 89, 84, 17746320
0.71, 11.39, 11.73, 133.68, 89, 84, 17758148
0.71, 11.39, 11.79, 134.29, 89, 84, 17769968
0.71, 11.39, 11.79, 134.29, 89, 84, 17781796
0.71, 11.07, 11.76, 130.15, 89, 84, 17793620
0.71, 11.39, 11.73, 133.68, 89, 84, 17805444
0.71, 11.39, 11.73, 133.68, 89, 84, 17817264
0.72, 11.39, 11.79, 134.29, 89, 84, 17829096
0.72, 11.39, 11.76, 133.98, 89, 84, 17840916
0.72, 11.39, 11.76, 133.98, 89, 84, 17852748
0.72, 11.39, 11.79, 134.29, 89, 84, 17864568
0.72, 11.39, 11.76, 133.98, 89, 84, 17876404
0.72, 11.39, 11.81, 134.60, 89, 84, 17888224
0.72, 11.39, 11.76, 133.98, 89, 84, 17900044
0.72, 11.39, 11.79, 134.29, 90, 84, 17911876
0.71, 11.39, 11.76, 133.98, 90, 84, 17923696
0.72, 11.39, 11.76, 133.98, 90, 84, 17935524
0.72, 11.39, 11.73, 133.68, 90, 84, 17947344
0.72, 11.39, 11.81, 134.60, 90, 84, 17959172
0.72, 11.39, 11.76, 133.98, 90, 84, 17970992
0.72, 11.39, 11.81, 134.60, 90, 84, 17982812
0.72, 11.72, 11.81, 138.44, 90, 84, 17994640
0.72, 11.72, 11.84, 138.76, 90, 84, 18006464
0.73, 11.72, 11.79, 138.13, 90, 84, 18018312
0.73, 11.72, 11.73, 137.49, 90, 85, 18030108
0.73, 11.72, 11.81, 138.44, 90, 84, 18041940
0.73, 11.72, 11.81, 138.44, 90, 84, 18053756
0.73, 11.72, 11.81, 138.44, 90, 84, 18065592
0.73, 11.39, 11.79, 134.29, 90, 84, 18077408
0.73, 11.39, 11.76, 133.98, 90, 84, 18089240
0.73, 11.72, 11.81, 138.44, 90, 84, 18101056
0.73, 11.72, 11.81, 138.44, 91, 84, 18112880
0.73, 11.72, 11.79, 138.13, 91, 84, 18124704
0.73, 11.72, 11.71, 137.18, 91, 84, 18136544
0.73, 11.72, 11.73, 137.49, 91, 84, 18148360
0.73, 11.72, 11.73, 137.49, 91, 84, 18160180
0.73, 11.72, 11.71, 137.18, 91, 84, 18172008
0.73, 11.72, 11.76, 137.81, 91, 84, 18183824
0.74, 11.72, 11.81, 138.44, 91, 84, 18195656
0.74, 12.04, 11.71, 140.99, 91, 84, 18207476
0.74, 11.72, 11.71, 137.18, 91, 84, 18219308
0.74, 12.04, 11.71, 140.99, 91, 84, 18231128
0.74, 11.72, 11.87, 139.08, 91, 84, 18242956
0.74, 11.72, 11.76, 137.81, 91, 84, 18254788
0.74, 11.72, 11.76, 137.81, 91, 84, 18266608
0.74, 12.04, 11.81, 142.29, 91, 84, 18278456
0.74, 12.04, 11.79, 141.96, 91, 85, 18290256
0.74, 12.04, 11.79, 141.96, 91, 84, 18302092
0.74, 12.04, 11.73, 141.31, 92, 84, 18313908
0.74, 12.04, 11.73, 141.31, 92, 84, 18325736
0.74, 12.04, 11.73, 141.31, 92, 84, 18337556
0.74, 12.04, 11.68, 140.66, 92, 84, 18349384
0.74, 12.04, 11.79, 141.96, 92, 84, 18361204
0.74, 12.04, 11.71, 140.99, 92, 84, 18373028
0.75, 12.04, 11.76, 141.64, 92, 84, 18384864
0.75, 12.04, 11.76, 141.64, 92, 84, 18396696
0.75, 12.04, 11.79, 141.96, 92, 84, 18408516
0.75, 12.04, 11.71, 140.99, 92, 84, 18420336
0.75, 12.37, 11.71, 144.80, 92, 84, 18432168
0.75, 12.37, 11.73, 145.13, 92, 84, 18443988
0.75, 12.04, 11.73, 141.31, 92, 84, 18455820
0.75, 12.37, 11.71, 144.80, 92, 84, 18467640
0.75, 12.04, 11.81, 142.29, 92, 84, 18479464
0.75, 12.04, 11.76, 141.64, 92, 84, 18491292
0.75, 12.04, 11.73, 141.31, 92, 84, 18503120
0.75, 12.04, 11.76, 141.64, 93, 84, 18514948
0.75, 12.04, 11.79, 141.96, 93, 85, 18526764
0.75, 12.37, 11.65, 144.13, 93, 84, 18538620
0.75, 12.37, 11.71, 144.80, 93, 84, 18550416
0.75, 12.37, 11.73, 145.13, 93, 84, 18562244
0.76, 12.37, 11.68, 144.47, 93, 84, 18574064
0.76, 12.37, 11.73, 145.13, 93, 84, 18585892
0.76, 12.37, 11.73, 145.13, 93, 84, 18597712
0.76, 12.37, 11.73, 145.13, 93, 84, 18609536
0.76, 12.37, 11.71, 144.80, 93, 84, 18621360
0.76, 12.70, 11.71, 148.61, 93, 84, 18633188
0.76, 12.70, 11.71, 148.61, 93, 84, 18645016
0.76, 12.37, 11.79, 145.80, 93, 84, 18656844
0.76, 12.37, 11.68, 144.47, 93, 84, 18668668
0.76, 12.37, 11.73, 145.13, 93, 84, 18680480
0.76, 12.70, 11.68, 148.27, 93, 84, 18692316
0.76, 12.37, 11.76, 145.47, 93, 84, 18704132
0.76, 12.37, 11.73, 145.13, 94, 84, 18715960
0.76, 12.70, 11.65, 147.93, 94, 84, 18727780
0.76, 12.70, 11.76, 149.30, 94, 84, 18739604
0.77, 12.70, 11.68, 148.27, 94, 84, 18751436
0.77, 12.70, 11.71, 148.61, 94, 84, 18763252
0.77, 12.70, 11.68, 148.27, 94, 84, 18775080
0.77, 12.70, 11.73, 148.95, 94, 84, 18786900
0.78, 13.02, 11.63, 151.37, 94, 84, 18798748
0.78, 13.02, 11.63, 151.37, 94, 84, 18810548
0.78, 12.70, 11.76, 149.30, 94, 84, 18822380
0.78, 13.02, 11.73, 152.77, 94, 84, 18834196
0.78, 13.02, 11.63, 151.37, 94, 84, 18846028
0.78, 13.02, 11.79, 153.47, 94, 84, 18857848
0.78, 13.02, 11.68, 152.07, 94, 85, 18869668
0.78, 13.02, 11.71, 152.42, 94, 84, 18881500
0.78, 13.02, 11.81, 153.83, 94, 84, 18893316
0.78, 13.02, 11.68, 152.07, 94, 84, 18905144
0.78, 13.02, 11.68, 152.07, 95, 84, 18916964
0.78, 13.02, 11.68, 152.07, 95, 84, 18928792
0.78, 13.02, 11.71, 152.42, 95, 84, 18940616
0.78, 13.02, 11.76, 153.12, 95, 84, 18952444
0.78, 13.02, 11.65, 151.72, 95, 84, 18964260
0.78, 12.70, 11.71, 148.61, 95, 84, 18976084
0.78, 13.02, 11.65, 151.72, 95, 84, 18987916
0.78, 13.02, 11.76, 153.12, 95, 84, 18999740
0.78, 13.02, 11.71, 152.42, 95, 84, 19011572
0.78, 13.02, 11.71, 152.42, 95, 84, 19023392
0.78, 13.02, 11.71, 152.42, 95, 84, 19035220
0.78, 13.02, 11.60, 151.02, 95, 84, 19047040
0.78, 13.02, 11.76, 153.12, 95, 84, 19058876
0.78, 13.02, 11.65, 151.72, 95, 84, 19070696
0.78, 13.02, 11.71, 152.42, 95, 84, 19082528
0.78, 13.02, 11.65, 151.72, 95, 84, 19094348
0.78, 13.02, 11.68, 152.07, 95, 84, 19106172
0.78, 13.02, 11.71, 152.42, 96, 84, 19117996
0.78, 13.02, 11.71, 152.42, 96, 84, 19129824
0.78, 13.02, 11.71, 152.42, 96, 84, 19141656
0.78, 13.02, 11.63, 151.37, 96, 84, 19153476
0.78, 13.02, 11.79, 153.47, 96, 84, 19165308
0.78, 13.02, 11.65, 151.72, 96, 84, 19177132
0.78, 13.02, 11.73, 152.77, 96, 84, 19188964
0.78, 13.02, 11.65, 151.72, 96, 84, 19200780
0.78, 13.02, 11.76, 153.12, 96, 84, 19212612
0.78, 13.02, 11.73, 152.77, 96, 84, 19224432
0.78, 13.02, 11.65, 151.72, 96, 84, 19236252
0.78, 13.02, 11.73, 152.77, 96, 84, 19248084
0.79, 13.02, 11.63, 151.37, 96, 84, 19259900
0.78, 13.02, 11.73, 152.77, 96, 84, 19271732
0.78, 13.02, 11.68, 152.07, 96, 84, 19283552
0.78, 13.02, 11.73, 152.77, 96, 84, 19295384
0.78, 13.02, 11.68, 152.07, 96, 84, 19307200
0.78, 13.02, 11.73, 152.77, 97, 84, 19319032
0.78, 13.02, 11.81, 153.83, 97, 84, 19330852
0.78, 13.02, 11.65, 151.72, 97, 84, 19342680
0.78, 13.02, 11.73, 152.77, 97, 84, 19354508
0.78, 13.02, 11.65, 151.72, 97, 84, 19366328
0.78, 13.02, 11.68, 152.07, 97, 84, 19378160
0.78, 12.70, 11.76, 149.30, 97, 84, 19389980
0.78, 13.02, 11.63, 151.37, 97, 84, 19401812
0.78, 13.02, 11.68, 152.07, 97, 84, 19413628
0.78, 13.02, 11.65, 151.72, 97, 84, 19425456
0.78, 13.02, 11.68, 152.07, 97, 84, 19437276
0.78, 13.02, 11.73, 152.77, 97, 84, 19449108
0.78, 13.02, 11.71, 152.42, 97, 84, 19460928
0.78, 13.02, 11.71, 152.42, 97, 84, 19472748
0.78, 13.02, 11.65, 151.72, 97, 84, 19484576
0.78, 13.02, 11.68, 152.07, 97, 84, 19496400
0.78, 12.70, 11.71, 148.61, 97, 84, 19508228
0.78, 13.02, 11.63, 151.37, 98, 84, 19520052
0.78, 13.02, 11.68, 152.07, 98, 84, 19531884
0.78, 13.02, 11.63, 151.37, 98, 84, 19543700
0.78, 13.02, 11.68, 152.07, 98, 84, 19555532
0.78, 13.02, 11.76, 153.12, 98, 84, 19567352
0.78, 13.02, 11.63, 151.37, 98, 84, 19579180
0.78, 13.02, 11.71, 152.42, 98, 84, 19591000
0.78, 13.02, 11.65, 151.72, 98, 84, 19602828
0.78, 13.02, 11.76, 153.12, 98, 84, 19614660
0.78, 13.02, 11.76, 153.12, 98, 84, 19626480
0.78, 13.02, 11.63, 151.37, 98, 84, 19638312
0.78, 13.02, 11.71, 152.42, 98, 85, 19650128
0.78, 13.02, 11.65, 151.72, 98, 84, 19661960
0.78, 13.02, 11.73, 152.77, 98, 84, 19673776
0.78, 13.02, 11.79, 153.47, 98, 84, 19685608
0.78, 13.02, 11.65, 151.72, 98, 84, 19697428
0.78, 13.02, 11.73, 152.77, 98, 84, 19709260
0.78, 12.70, 11.68, 148.27, 99, 84, 19721076
0.78, 13.02, 11.63, 151.37, 99, 84, 19732900
0.78, 13.02, 11.73, 152.77, 99, 84, 19744728
0.78, 13.02, 11.71, 152.42, 99, 84, 19756548
0.78, 13.02, 11.71, 152.42, 99, 84, 19768380
0.78, 13.02, 11.68, 152.07, 99, 84, 19780200
0.78, 13.02, 11.65, 151.72, 99, 84, 19792028
0.78, 13.02, 11.71, 152.42, 99, 84, 19803848
0.78, 13.02, 11.79, 153.47, 99, 84, 19815676
0.78, 13.02, 11.68, 152.07, 99, 84, 19827496
0.78, 13.02, 11.71, 152.42, 99, 84, 19839320
0.78, 13.02, 11.73, 152.77, 99, 84, 19851144
0.78, 13.02, 11.63, 151.37, 99, 84, 19862968
0.78, 13.02, 11.68, 152.07, 99, 84, 19874796
0.78, 13.02, 11.79, 153.47, 99, 84, 19886616
0.78, 13.02, 11.65, 151.72, 99, 84, 19898448
0.78, 13.02, 11.68, 152.07, 99, 84, 19910268
0.78, 13.02, 11.71, 152.42, 100, 84, 19922104
0.78, 13.02, 11.63, 151.37, 100, 84, 19933916
0.78, 13.02, 11.76, 153.12, 100, 84, 19945748
0.78, 12.70, 11.76, 149.30, 100, 84, 19957564
0.78, 13.02, 11.65, 151.72, 100, 84, 19969392
0.78, 13.02, 11.68, 152.07, 100, 84, 19981212
0.78, 13.02, 11.71, 152.42, 100, 84, 19993044
0.78, 13.02, 11.63, 151.37, 100, 84, 20004876
0.78, 13.02, 11.76, 153.12, 100, 84, 20016704
0.78, 13.02, 11.73, 152.77, 100, 84, 20028524
0.78, 13.02, 11.63, 151.37, 100, 84, 20040344
0.78, 13.02, 11.71, 152.42, 100, 84, 20052180
0.78, 12.70, 11.68, 148.27, 100, 84, 20063996
0.78, 13.02, 11.60, 151.02, 100, 84, 20075832
0.78, 13.02, 11.76, 153.12, 100, 84, 20087652
0.78, 13.02, 11.73, 152.77, 100, 84, 20099476
0.78, 13.02, 11.63, 151.37, 100, 84, 20111304
0.78, 13.02, 11.68, 152.07, 100, 84, 20123124
0.78, 13.02, 11.71, 152.42, 100, 84, 20134956
0.78, 13.02, 11.63, 151.37, 100, 84, 20146772
0.78, 13.02, 11.79, 153.47, 100, 84, 20158608
0.78, 12.70, 11.73, 148.95, 100, 84, 20170424
0.78, 13.02, 11.65, 151.72, 100, 84, 20182256
0.78, 13.02, 11.68, 152.07, 100, 84, 20194076
0.78, 13.02, 11.71, 152.42, 100, 84, 20205904
0.78, 13.02, 11.63, 151.37, 100, 84, 20217728
0.78, 13.02, 11.68, 152.07, 100, 85, 20229552
0.78, 12.70, 11.79, 149.64, 100, 84, 20241384
0.78, 13.02, 11.65, 151.72, 100, 84, 20253208
0.78, 13.02, 11.68, 152.07, 100, 84, 20265040
0.78, 12.70, 11.71, 148.61, 100, 84, 20276872
0.78, 12.70, 11.63, 147.58, 100, 84, 20288688
0.78, 13.02, 11.71, 152.42, 100, 84, 20300512
0.78, 13.02, 11.79, 153.47, 100, 84, 20312344
0.78, 13.02, 11.68, 152.07, 100, 84, 20324160
0.78, 13.02, 11.68, 152.07, 100, 84, 20335988
0.78, 13.02, 11.68, 152.07, 100, 84, 20347812
0.78, 13.02, 11.65, 151.72, 100, 84, 20359640
0.78, 13.02, 11.60, 151.02, 100, 84, 20371468
0.78, 13.02, 11.76, 153.12, 100, 84, 20383288
0.78, 13.02, 11.71, 152.42, 100, 84, 20395116
0.78, 13.02, 11.65, 151.72, 100, 84, 20406936
0.78, 13.02, 11.68, 152.07, 100, 84, 20418784
0.78, 13.02, 11.71, 152.42, 100, 85, 20430588
0.78, 13.02, 11.63, 151.37, 100, 84, 20442412
0.78, 13.02, 11.68, 152.07, 100, 84, 20454232
0.78, 13.02, 11.76, 153.12, 100, 84, 20466056
0.78, 13.02, 11.65, 151.72, 100, 84, 20477888
0.78, 13.02, 11.71, 152.42, 100, 85, 20489704
0.78, 13.02, 11.73, 152.77, 100, 84, 20501536
0.78, 13.02, 11.65, 151.72, 100, 84, 20513352
0.78, 13.02, 11.71, 152.42, 100, 84, 20525184
0.78, 12.70, 11.76, 149.30, 100, 84, 20537016
0.78, 13.02, 11.68, 152.07, 100, 84, 20548832
0.78, 13.02, 11.63, 151.37, 100, 84, 20560652
0.78, 12.70, 11.71, 148.61, 100, 84, 20572484
0.78, 13.02, 11.65, 151.72, 100, 84, 20584300
0.78, 13.02, 11.63, 151.37, 100, 84, 20596124
0.78, 13.02, 11.76, 153.12, 100, 84, 20607956
0.78, 12.70, 11.71, 148.61, 100, 84, 20619776
0.78, 13.02, 11.65, 151.72, 100, 84, 20631604
0.78, 13.02, 11.68, 152.07, 100, 84, 20643424
0.78, 12.70, 11.71, 148.61, 100, 84, 20655252
0.78, 13.02, 11.63, 151.37, 100, 84, 20667072
0.78, 13.02, 11.68, 152.07, 100, 84, 20678920
0.78, 13.02, 11.76, 153.12, 100, 85, 20690724
0.78, 12.70, 11.73, 148.95, 100, 84, 20702548
0.78, 13.02, 11.63, 151.37, 100, 84, 20714372
0.78, 13.02, 11.65, 151.72, 100, 84, 20726200
0.78, 12.70, 11.73, 148.95, 100, 84, 20738032
0.78, 13.02, 11.65, 151.72, 100, 84, 20749848
0.78, 13.02, 11.71, 152.42, 100, 84, 20761680
0.78, 12.70, 11.76, 149.30, 100, 84, 20773500
0.78, 12.70, 11.71, 148.61, 100, 84, 20785332
0.78, 13.02, 11.65, 151.72, 100, 84, 20797172
0.78, 13.02, 11.68, 152.07, 100, 84, 20808984
0.78, 12.70, 11.68, 148.27, 100, 84, 20820804
0.78, 13.02, 11.65, 151.72, 100, 84, 20832636
0.78, 13.02, 11.63, 151.37, 100, 84, 20844460
0.78, 12.70, 11.76, 149.30, 100, 84, 20856284
0.78, 13.02, 11.73, 152.77, 100, 84, 20868116
0.78, 13.02, 11.65, 151.72, 100, 84, 20879936
0.78, 13.02, 11.68, 152.07, 100, 84, 20891764
0.78, 13.02, 11.71, 152.42, 100, 84, 20903584
0.78, 13.02, 11.68, 152.07, 100, 84, 20915416
STOP
0.78, 13.02, 11.63, 151.37, 0, 84, 20927232
0.78, 12.70, 12.14, 154.09, 0, 84, 20939060
0.78, 11.72, 12.22, 143.18, 0, 84, 20950880
0.76, 10.42, 12.22, 127.27, 0, 84, 20962704
0.71, 9.44, 12.22, 115.34, 0, 84, 20974532
0.65, 8.46, 12.22, 103.41, 0, 84, 20986352
0.61, 7.81, 12.22, 95.46, 0, 84, 20998184
0.56, 7.16, 12.22, 87.50, 0, 84, 21010004
0.52, 6.18, 12.22, 75.57, 0, 84, 21021836
0.48, 5.86, 12.22, 71.59, 0, 84, 21033656
0.45, 5.21, 12.22, 63.64, 0, 84, 21045488
0.42, 4.56, 12.22, 55.68, 0, 84, 21057308
0.40, 4.23, 12.22, 51.71, 0, 84, 21069136
0.37, 3.91, 12.22, 47.73, 0, 84, 21080960
0.35, 3.58, 12.22, 43.75, 0, 84, 21092784
0.34, 3.26, 12.22, 39.77, 0, 84, 21104616
0.32, 2.93, 12.22, 35.80, 0, 84, 21116428
0.31, 2.60, 12.22, 31.82, 0, 84, 21128260
0.29, 2.28, 12.22, 27.84, 0, 84, 21140080
0.27, 2.28, 12.22, 27.84, 0, 84, 21151912
0.26, 1.95, 12.22, 23.86, 0, 84, 21163736
0.25, 1.95, 12.22, 23.86, 0, 84, 21175564
0.23, 1.63, 12.22, 19.89, 0, 84, 21187388
0.22, 1.63, 12.22, 19.89, 0, 84, 21199208
0.21, 1.30, 12.22, 15.91, 0, 84, 21211032
0.20, 1.30, 12.22, 15.91, 0, 84, 21222856
0.19, 1.30, 12.22, 15.91, 0, 84, 21234688
0.18, 0.98, 12.22, 11.93, 0, 84, 21246508
0.17, 0.98, 12.22, 11.93, 0, 84, 21258336
0.16, 0.98, 12.22, 11.93, 0, 84, 21270160
0.16, 0.98, 12.22, 11.93, 0, 84, 21281992
0.15, 0.98, 12.22, 11.93, 0, 84, 21293808
0.14, 0.65, 12.22, 7.95, 0, 84, 21305640
0.13, 0.65, 12.22, 7.95, 0, 84, 21317456
0.13, 0.65, 12.22, 7.95, 0, 84, 21329284
0.12, 0.65, 12.22, 7.95, 0, 84, 21341108
0.12, 0.65, 12.25, 7.97, 0, 84, 21352928
0.11, 0.65, 12.22, 7.95, 0, 84, 21364760
0.11, 0.33, 12.25, 3.99, 0, 84, 21376576
0.10, 0.33, 12.25, 3.99, 0, 84, 21388412
0.10, 0.33, 12.22, 3.98, 0, 84, 21400232
0.10, 0.33, 12.25, 3.99, 0, 84, 21412060
0.09, 0.33, 12.25, 3.99, 0, 84, 21423876
0.09, 0.33, 12.25, 3.99, 0, 84, 21435708
0.08, 0.33, 12.22, 3.98, 0, 84, 21447528
0.08, 0.33, 12.25, 3.99, 0, 84, 21459352
0.08, 0.33, 12.25, 3.99, 0, 84, 21471184
0.07, 0.33, 12.22, 3.98, 0, 84, 21483004
0.07, 0.33, 12.22, 3.98, 0, 84, 21494832
0.06, 0.33, 12.25, 3.99, 0, 84, 21506652
0.07, 0.33, 12.22, 3.98, 0, 84, 21518484
0.06, 0.33, 12.25, 3.99, 0, 84, 21530304
0.07, 0.33, 12.25, 3.99, 0, 84, 21542132
0.05, 0.33, 12.25, 3.99, 0, 84, 21553956
0.06, 0.33, 12.22, 3.98, 0, 84, 21565784
0.05, 0.33, 12.25, 3.99, 0, 84, 21577608
0.06, 0.33, 12.25, 3.99, 0, 85, 21589432
0.05, 0.33, 12.22, 3.98, 0, 84, 21601264
0.06, 0.33, 12.22, 3.98, 0, 84, 21613080
0.04, 0.33, 12.25, 3.99, 0, 84, 21624908
0.05, -0.00, 12.25, -0.00, 0, 84, 21636728
0.04, 0.33, 12.25, 3.99, 0, 84, 21648560
0.05, 0.33, 12.25, 3.99, 0, 84, 21660376
0.04, 0.33, 12.25, 3.99, 0, 84, 21672204
0.04, 0.33, 12.25, 3.99, 0, 84, 21684024
0.04, 0.33, 12.25, 3.99, 0, 84, 21695848
0.03, -0.00, 12.25, -0.00, 0, 84, 21707676
0.04, 0.33, 12.25, 3.99, 0, 84, 21719496
0.03, 0.33, 12.25, 3.99, 0, 84, 21731328
0.04, 0.33, 12.25, 3.99, 0, 84, 21743148
0.03, 0.33, 12.25, 3.99, 0, 84, 21754976
0.03, 0.33, 12.25, 3.99, 0, 84, 21766796
0.03, 0.33, 12.25, 3.99, 0, 84, 21778624
0.03, 0.33, 12.25, 3.99, 0, 84, 21790444
0.03, 0.33, 12.25, 3.99, 0, 84, 21802276
0.03, 0.33, 12.25, 3.99, 0, 84, 21814096
0.03, 0.33, 12.25, 3.99, 0, 84, 21825920
0.03, 0.33, 12.25, 3.99, 0, 84, 21837744
0.03, 0.33, 12.25, 3.99, 0, 84, 21849572
0.02, 0.33, 12.25, 3.99, 0, 84, 21861404
0.02, -0.00, 12.25, -0.00, 0, 85, 21873220
0.02, 0.33, 12.25, 3.99, 0, 84, 21885048
0.02, 0.33, 12.25, 3.99, 0, 84, 21896868
0.02, 0.33, 12.25, 3.99, 0, 84, 21908700
0.02, -0.00, 12.25, -0.00, 0, 84, 21920524
0.02, 0.33, 12.25, 3.99, 0, 84, 21932356
