START
-0.02, -0.65, 25.14, -16.37, 1, 18, 512
-0.02, -0.33, 25.11, -8.17, 1, 161, 6748
-0.02, -0.33, 25.11, -8.17, 1, 84, 18580
-0.02, -0.33, 25.11, -8.17, 1, 84, 30400
-0.02, -0.33, 25.11, -8.17, 1, 84, 42236
-0.02, -0.33, 25.11, -8.17, 1, 84, 54052
-0.02, -0.33, 25.11, -8.17, 1, 84, 65880
-0.02, -0.33, 25.11, -8.17, 1, 84, 77708
-0.02, -0.65, 25.11, -16.35, 1, 84, 89528
-0.02, -0.33, 25.11, -8.17, 1, 84, 101364
-0.02, -0.65, 25.11, -16.35, 1, 84, 113180
-0.02, -1.30, 25.17, -32.77, 1, 84, 125016
-0.02, -0.33, 25.11, -8.17, 1, 84, 136836
-0.02, -0.65, 25.11, -16.35, 1, 84, 148672
-0.02, -0.65, 25.11, -16.35, 1, 84, 160488
-0.02, -0.65, 25.11, -16.35, 1, 84, 172324
-0.02, -1.30, 25.22, -32.84, 1, 84, 184140
-0.02, -0.65, 25.11, -16.35, 1, 84, 195968
-0.02, -0.65, 25.11, -16.35, 1, 84, 207800
-0.02, -0.65, 25.11, -16.35, 2, 84, 219616
-0.02, -0.65, 25.11, -16.35, 2, 84, 231452
-0.02, -0.65, 25.11, -16.35, 2, 84, 243272
-0.02, -0.65, 25.11, -16.35, 2, 84, 255104
-0.02, -0.65, 25.11, -16.35, 2, 84, 266920
-0.02, -0.65, 25.11, -16.35, 2, 84, 278752
-0.02, -0.65, 25.11, -16.35, 2, 84, 290572
-0.02, -0.65, 25.11, -16.35, 2, 84, 302404
-0.02, -0.65, 25.11, -16.35, 2, 84, 314224
-0.02, -0.65, 25.11, -16.35, 2, 84, 326052
-0.02, -0.65, 25.11, -16.35, 2, 84, 337888
-0.02, -0.65, 25.11, -16.35, 2, 84, 349708
-0.02, -0.65, 25.11, -16.35, 2, 84, 361540
-0.02, -0.65, 25.11, -16.35, 2, 84, 373364
-0.02, -0.98, 25.17, -24.58, 2, 84, 385196
-0.02, -0.65, 25.11, -16.35, 2, 85, 397020
-0.02, -0.65, 25.11, -16.35, 2, 84, 408852
-0.02, -0.65, 25.11, -16.35, 3, 84, 420672
-0.02, -0.65, 25.11, -16.35, 3, 84, 432500
-0.02, -1.30, 25.27, -32.91, 3, 84, 444320
-0.02, -0.65, 25.11, -16.35, 3, 84, 456148
-0.02, -0.65, 25.11, -16.35, 3, 84, 467984
-0.02, -0.65, 25.11, -16.35, 3, 84, 479804
-0.02, -0.65, 25.11, -16.35, 3, 84, 491636
-0.02, -0.65, 25.11, -16.35, 3, 84, 503456
-0.02, -0.65, 25.11, -16.35, 3, 84, 515292
-0.02, -0.65, 25.11, -16.35, 3, 84, 527112
-0.02, -0.65, 25.11, -16.35, 3, 84, 538948
-0.02, -0.65, 25.11, -16.35, 3, 84, 550768
-0.02, -0.65, 25.11, -16.35, 3, 84, 562596
-0.02, -0.65, 25.11, -16.35, 3, 84, 574432
-0.02, -0.65, 25.11, -16.35, 3, 84, 586252
-0.02, -0.65, 25.11, -16.35, 3, 84, 598084
-0.02, -0.65, 25.11, -16.35, 3, 84, 609908
-0.02, -0.65, 25.11, -16.35, 4, 84, 621740
-0.02, -0.65, 25.11, -16.35, 4, 84, 633564
-0.02, -0.98, 25.11, -24.52, 4, 84, 645396
-0.02, -0.65, 25.11, -16.35, 4, 84, 657216
-0.02, -0.65, 25.11, -16.35, 4, 84, 669040
-0.02, -0.65, 25.11, -16.35, 4, 84, 680868
-0.02, -0.65, 25.11, -16.35, 4, 84, 692692
-0.02, -1.63, 25.27, -41.13, 4, 84, 704544
-0.02, -0.65, 25.11, -16.35, 4, 85, 716344
-0.02, -0.65, 25.11, -16.35, 4, 84, 728176
-0.02, -0.65, 25.11, -16.35, 4, 84, 740000
-0.02, -0.65, 25.11, -16.35, 4, 84, 751832
-0.02, -0.65, 25.11, -16.35, 4, 84, 763656
-0.02, -0.33, 25.08, -8.17, 4, 84, 775488
-0.01, -0.33, 25.11, -8.17, 4, 84, 787312
-0.02, -0.33, 25.11, -8.17, 4, 84, 799132
-0.01, -0.33, 25.11, -8.17, 4, 84, 810964
-0.02, -0.33, 25.11, -8.17, 5, 84, 822784
-0.02, -0.33, 25.08, -8.17, 5, 84, 834616
-0.01, -0.33, 25.11, -8.17, 5, 84, 846436
-0.02, -0.33, 25.11, -8.17, 5, 84, 858272
-0.01, -0.00, 25.11, -0.00, 5, 84, 870088
-0.01, 0.33, 25.11, 8.17, 5, 84, 881920
-0.01, 0.33, 25.11, 8.17, 5, 84, 893740
-0.00, 0.33, 25.08, 8.17, 5, 84, 905580
0.00, 0.33, 25.03, 8.15, 5, 85, 917388
0.01, 0.33, 25.11, 8.17, 5, 84, 929220
0.01, 0.33, 25.11, 8.17, 5, 84, 941052
-0.00, 0.33, 25.11, 8.17, 5, 84, 952872
0.02, -0.98, 25.25, -24.65, 5, 84, 964724
0.01, 0.33, 25.03, 8.15, 5, 84, 976532
0.02, 0.33, 25.08, 8.17, 5, 84, 988360
0.02, 0.33, 25.11, 8.17, 5, 84, 1000180
0.01, 0.33, 25.03, 8.15, 5, 84, 1012012
0.02, 0.33, 25.17, 8.19, 6, 84, 1023832
0.02, 0.33, 25.11, 8.17, 6, 84, 1035656
0.02, 0.33, 25.11, 8.17, 6, 84, 1047488
0.03, 0.33, 25.11, 8.17, 6, 84, 1059308
0.03, 0.33, 25.11, 8.17, 6, 84, 1071136
0.03, 0.33, 25.11, 8.17, 6, 84, 1082956
0.03, 0.33, 25.11, 8.17, 6, 84, 1094788
0.03, 0.33, 25.08, 8.17, 6, 84, 1106608
0.04, 0.33, 25.08, 8.17, 6, 84, 1118440
0.04, 0.33, 25.11, 8.17, 6, 84, 1130260
0.03, -0.00, 25.11, -0.00, 6, 84, 1142088
0.04, 0.33, 25.11, 8.17, 6, 84, 1153912
0.04, -0.00, 25.11, -0.00, 6, 84, 1165756
0.04, -0.00, 25.11, -0.00, 6, 84, 1177572
0.04, -0.00, 25.00, -0.00, 6, 84, 1189396
0.04, -0.00, 25.06, -0.00, 6, 84, 1201228
0.05, -0.00, 25.11, -0.00, 6, 84, 1213048
0.04, -0.98, 25.22, -24.63, 7, 84, 1224892
0.04, -0.00, 25.11, -0.00, 7, 85, 1236696
0.04, -0.00, 25.11, -0.00, 7, 84, 1248532
0.05, -0.00, 25.08, -0.00, 7, 84, 1260348
0.05, -0.00, 25.11, -0.00, 7, 84, 1272172
0.05, -0.33, 25.17, -8.19, 7, 84, 1284000
0.05, -0.00, 25.11, -0.00, 7, 85, 1295824
0.05, -0.00, 25.08, -0.00, 7, 84, 1307656
0.05, -0.00, 25.11, -0.00, 7, 84, 1319484
0.05, -0.00, 25.11, -0.00, 7, 84, 1331312
0.06, -0.00, 25.08, -0.00, 7, 84, 1343136
0.06, -0.00, 25.11, -0.00, 7, 84, 1354968
0.06, 0.33, 25.11, 8.17, 7, 84, 1366792
0.06, -0.00, 25.11, -0.00, 7, 84, 1378620
0.06, -0.00, 25.08, -0.00, 7, 84, 1390444
0.07, -0.00, 25.11, -0.00, 7, 84, 1402268
0.06, -0.00, 25.11, -0.00, 7, 84, 1414104
0.07, -0.00, 25.11, -0.00, 8, 84, 1425936
0.07, -0.00, 25.11, -0.00, 8, 84, 1437752
0.07, -0.00, 25.11, -0.00, 8, 84, 1449572
0.07, 0.33, 25.11, 8.17, 8, 84, 1461408
0.07, 0.33, 25.11, 8.17, 8, 84, 1473224
0.07, -0.65, 25.22, -16.42, 8, 84, 1485056
0.08, 0.33, 25.00, 8.14, 8, 84, 1496876
0.07, 0.33, 25.11, 8.17, 8, 84, 1508700
0.08, 0.33, 25.11, 8.17, 8, 84, 1520524
0.08, 0.33, 25.11, 8.17, 8, 84, 1532352
0.08, -0.00, 25.22, -0.00, 8, 84, 1544184
0.09, 0.33, 24.98, 8.13, 8, 84, 1556004
0.08, 0.33, 25.11, 8.17, 8, 84, 1567840
0.09, 0.33, 25.11, 8.17, 8, 84, 1579656
0.09, 0.33, 25.06, 8.16, 8, 84, 1591492
0.08, 0.33, 25.11, 8.17, 8, 84, 1603312
0.09, 0.33, 25.11, 8.17, 8, 84, 1615148
0.08, 0.33, 25.11, 8.17, 9, 84, 1626968
0.09, 0.33, 25.11, 8.17, 9, 84, 1638796
0.09, 0.33, 25.06, 8.16, 9, 84, 1650628
0.09, 0.33, 25.11, 8.17, 9, 84, 1662448
0.10, 0.33, 25.11, 8.17, 9, 84, 1674280
0.09, 0.33, 25.11, 8.17, 9, 84, 1686112
0.10, 0.33, 25.08, 8.17, 9, 84, 1697928
0.10, 0.33, 25.11, 8.17, 9, 84, 1709748
0.09, 0.33, 25.00, 8.14, 9, 84, 1721580
0.11, 0.33, 25.11, 8.17, 9, 84, 1733400
0.10, -0.33, 25.14, -8.18, 9, 84, 1745224
0.10, 0.33, 25.11, 8.17, 9, 84, 1757052
0.10, 0.33, 25.11, 8.17, 9, 84, 1768876
0.10, 0.33, 25.11, 8.17, 9, 84, 1780708
0.11, 0.33, 25.11, 8.17, 9, 84, 1792528
0.11, -0.33, 25.22, -8.21, 9, 84, 1804364
0.11, 0.33, 25.11, 8.17, 9, 84, 1816176
0.11, 0.33, 25.11, 8.17, 10, 84, 1828012
0.12, 0.33, 25.11, 8.17, 10, 84, 1839832
0.11, 0.33, 25.11, 8.17, 10, 84, 1851664
0.12, 0.33, 25.11, 8.17, 10, 84, 1863484
0.11, 0.33, 25.03, 8.15, 10, 84, 1875308
0.11, 0.33, 25.11, 8.17, 10, 84, 1887136
0.12, 0.33, 25.11, 8.17, 10, 84, 1898964
0.11, 0.33, 25.11, 8.17, 10, 84, 1910796
0.13, 0.33, 25.11, 8.17, 10, 84, 1922612
0.12, 0.33, 25.11, 8.17, 10, 84, 1934448
0.13, 0.33, 25.11, 8.17, 10, 84, 1946268
0.12, 0.33, 24.95, 8.12, 10, 84, 1958100
0.13, 0.33, 25.11, 8.17, 10, 84, 1969916
0.13, 0.65, 25.11, 16.35, 10, 84, 1981752
0.13, 0.33, 24.95, 8.12, 10, 84, 1993572
0.13, -0.33, 25.17, -8.19, 10, 84, 2005396
0.13, 0.33, 25.11, 8.17, 10, 84, 2017232
0.14, 0.33, 25.11, 8.17, 11, 84, 2029052
0.13, 0.65, 25.11, 16.35, 11, 84, 2040888
0.14, 0.65, 25.06, 16.31, 11, 84, 2052708
0.13, -0.00, 25.25, -0.00, 11, 84, 2064540
0.14, 0.65, 25.11, 16.35, 11, 84, 2076360
0.14, 0.65, 25.08, 16.33, 11, 84, 2088192
0.14, 0.65, 25.11, 16.35, 11, 84, 2100020
0.15, 0.65, 25.11, 16.35, 11, 84, 2111840
0.14, 0.65, 25.00, 16.28, 11, 84, 2123668
0.15, 0.65, 25.11, 16.35, 11, 85, 2135496
0.15, 0.65, 25.11, 16.35, 11, 84, 2147324
0.15, 0.65, 25.11, 16.35, 11, 84, 2159144
0.15, 0.65, 25.08, 16.33, 11, 84, 2170976
0.15, 0.65, 25.11, 16.35, 11, 84, 2182796
0.15, 0.65, 25.11, 16.35, 11, 84, 2194628
0.15, 0.65, 25.03, 16.30, 11, 84, 2206452
0.16, 0.65, 25.11, 16.35, 11, 84, 2218284
0.15, 0.65, 25.11, 16.35, 12, 84, 2230108
0.16, 0.65, 25.03, 16.30, 12, 84, 2241932
0.16, 0.65, 25.11, 16.35, 12, 84, 2253768
0.16, 0.33, 25.17, 8.19, 12, 84, 2265588
0.16, 0.65, 25.11, 16.35, 12, 84, 2277420
0.16, 0.65, 24.98, 16.26, 12, 84, 2289244
0.17, 0.65, 25.11, 16.35, 12, 84, 2301076
0.17, 0.65, 25.11, 16.35, 12, 84, 2312900
0.17, -0.33, 25.27, -8.23, 12, 84, 2324748
0.17, 0.65, 24.90, 16.21, 12, 84, 2336552
0.17, 0.65, 25.11, 16.35, 12, 84, 2348380
0.17, 0.65, 25.11, 16.35, 12, 84, 2360208
0.17, 0.65, 25.11, 16.35, 12, 84, 2372036
0.17, 0.65, 24.98, 16.26, 12, 84, 2383868
0.18, 0.65, 25.11, 16.35, 12, 85, 2395692
0.18, 0.65, 25.11, 16.35, 12, 84, 2407524
0.18, 0.65, 25.11, 16.35, 12, 84, 2419344
0.18, 0.65, 25.11, 16.35, 13, 84, 2431176
0.18, 0.65, 25.08, 16.33, 13, 84, 2442996
0.19, 0.65, 25.11, 16.35, 13, 84, 2454832
0.18, 0.65, 25.11, 16.35, 13, 84, 2466652
0.19, 0.65, 25.11, 16.35, 13, 84, 2478480
0.19, 0.98, 25.11, 24.52, 13, 84, 2490312
0.19, 0.98, 25.11, 24.52, 13, 84, 2502136
0.19, 0.98, 25.06, 24.47, 13, 84, 2513968
0.19, 0.65, 25.11, 16.35, 13, 84, 2525788
0.20, 0.98, 25.11, 24.52, 13, 84, 2537624
0.20, 0.98, 25.11, 24.52, 13, 84, 2549444
0.20, 0.98, 25.11, 24.52, 13, 84, 2561276
0.20, 0.65, 25.11, 16.35, 13, 84, 2573104
0.20, -0.33, 25.17, -8.19, 13, 84, 2584944
0.20, 0.98, 25.03, 24.44, 13, 85, 2596756
0.20, 0.65, 24.92, 16.23, 13, 84, 2608584
0.20, 0.98, 25.11, 24.52, 13, 84, 2620416
0.21, 0.98, 25.11, 24.52, 14, 84, 2632236
0.21, 0.98, 25.17, 24.58, 14, 84, 2644068
0.21, 0.98, 25.11, 24.52, 14, 84, 2655888
0.21, 0.98, 25.11, 24.52, 14, 84, 2667720
0.21, 0.98, 25.11, 24.52, 14, 84, 2679544
0.21, 0.98, 25.08, 24.50, 14, 84, 2691372
0.21, 0.98, 25.11, 24.52, 14, 84, 2703192
0.22, 0.98, 25.08, 24.50, 14, 84, 2715020
0.22, 0.98, 25.00, 24.42, 14, 84, 2726856
0.22, 0.98, 25.03, 24.44, 14, 84, 2738672
0.22, 0.98, 24.90, 24.31, 14, 84, 2750512
0.22, 0.98, 24.92, 24.34, 14, 84, 2762332
0.23, 0.98, 25.08, 24.50, 14, 84, 2774160
0.22, 0.98, 25.11, 24.52, 14, 84, 2785996
0.23, 0.98, 25.08, 24.50, 14, 84, 2797812
0.23, 0.98, 24.95, 24.36, 14, 84, 2809636
0.23, 0.98, 25.06, 24.47, 14, 84, 2821464
0.23, 0.98, 25.08, 24.50, 15, 84, 2833292
0.23, -0.33, 25.30, -8.24, 15, 84, 2845136
0.23, 0.98, 25.00, 24.42, 15, 84, 2856948
0.23, 0.98, 25.00, 24.42, 15, 84, 2868768
0.23, 0.98, 25.08, 24.50, 15, 84, 2880604
0.24, 0.98, 24.95, 24.36, 15, 84, 2892420
0.24, 0.65, 25.03, 16.30, 15, 84, 2904252
0.24, 0.98, 25.08, 24.50, 15, 85, 2916068
0.24, 0.98, 25.03, 24.44, 15, 84, 2927904
0.24, 0.98, 25.08, 24.50, 15, 84, 2939724
0.24, 0.98, 25.06, 24.47, 15, 84, 2951544
0.25, 0.98, 25.08, 24.50, 15, 84, 2963380
0.25, 0.98, 25.11, 24.52, 15, 84, 2975196
0.25, 0.98, 25.08, 24.50, 15, 84, 2987032
0.25, 0.98, 25.11, 24.52, 15, 84, 2998856
0.25, 0.98, 25.11, 24.52, 15, 84, 3010688
0.25, 0.98, 25.08, 24.50, 15, 84, 3022508
0.25, 0.98, 25.11, 24.52, 16, 84, 3034344
0.25, 0.98, 25.08, 24.50, 16, 84, 3046180
0.25, 1.30, 25.11, 32.70, 16, 84, 3057996
0.26, 1.30, 25.08, 32.66, 16, 84, 3069816
0.26, 1.30, 25.11, 32.70, 16, 84, 3081644
0.26, 1.30, 25.11, 32.70, 16, 84, 3093480
0.26, -0.00, 25.22, -0.00, 16, 84, 3105300
0.26, 1.30, 25.08, 32.66, 16, 84, 3117132
0.26, 1.30, 24.90, 32.42, 16, 84, 3128952
0.27, 1.30, 24.92, 32.45, 16, 84, 3140784
0.27, 1.30, 25.08, 32.66, 16, 84, 3152608
0.27, 0.98, 25.19, 24.60, 16, 84, 3164444
0.27, 1.30, 25.11, 32.70, 16, 84, 3176264
0.27, 1.30, 25.11, 32.70, 16, 84, 3188096
0.27, 1.30, 25.11, 32.70, 16, 84, 3199928
0.28, 1.30, 25.08, 32.66, 16, 84, 3211748
0.27, 1.30, 25.06, 32.63, 16, 84, 3223584
0.28, 1.30, 25.08, 32.66, 17, 84, 3235400
0.28, 1.30, 25.06, 32.63, 17, 84, 3247236
0.28, 1.30, 25.11, 32.70, 17, 84, 3259052
0.28, 1.30, 25.11, 32.70, 17, 84, 3270884
0.28, 1.30, 24.87, 32.38, 17, 84, 3282704
0.28, 1.30, 24.90, 32.42, 17, 84, 3294532
0.28, 1.30, 24.98, 32.52, 17, 84, 3306372
0.29, 1.30, 25.11, 32.70, 17, 84, 3318180
0.29, 1.30, 25.11, 32.70, 17, 84, 3330012
0.29, 1.30, 25.08, 32.66, 17, 84, 3341832
0.29, 1.30, 24.98, 32.52, 17, 84, 3353664
0.29, 0.65, 25.17, 16.38, 17, 84, 3365480
0.29, 1.30, 25.08, 32.66, 17, 85, 3377312
0.30, 1.30, 25.11, 32.70, 17, 84, 3389132
0.30, 1.30, 25.11, 32.70, 17, 84, 3400964
0.30, 1.30, 24.95, 32.49, 17, 84, 3412784
0.30, 0.65, 25.14, 16.37, 17, 84, 3424612
0.30, 1.30, 25.08, 32.66, 18, 84, 3436444
0.30, 1.30, 25.11, 32.70, 18, 84, 3448272
0.30, 1.30, 25.06, 32.63, 18, 84, 3460104
0.30, 1.63, 24.98, 40.65, 18, 84, 3471924
0.30, 1.30, 25.08, 32.66, 18, 84, 3483756
0.31, 1.30, 25.11, 32.70, 18, 84, 3495576
0.31, 1.63, 25.08, 40.83, 18, 84, 3507408
0.31, 1.63, 25.08, 40.83, 18, 84, 3519224
0.31, 1.63, 25.08, 40.83, 18, 84, 3531056
0.31, 1.63, 25.11, 40.87, 18, 84, 3542880
0.32, 1.63, 25.06, 40.78, 18, 84, 3554700
0.32, 1.63, 24.87, 40.48, 18, 84, 3566540
0.32, 1.63, 25.11, 40.87, 18, 85, 3578352
0.32, 1.63, 25.11, 40.87, 18, 84, 3590184
0.32, 1.63, 24.98, 40.65, 18, 84, 3602008
0.32, 1.63, 25.06, 40.78, 18, 84, 3613844
0.32, 0.98, 25.17, 24.58, 18, 84, 3625664
0.32, 1.63, 25.08, 40.83, 19, 84, 3637500
0.33, 1.63, 25.03, 40.74, 19, 84, 3649320
0.33, 1.63, 25.08, 40.83, 19, 84, 3661148
0.33, 1.63, 25.08, 40.83, 19, 84, 3672972
0.33, 0.98, 25.19, 24.60, 19, 84, 3684800
0.33, 1.63, 25.00, 40.70, 19, 84, 3696636
0.33, 1.63, 25.11, 40.87, 19, 84, 3708456
0.33, 1.63, 25.08, 40.83, 19, 84, 3720292
0.34, 1.63, 24.98, 40.65, 19, 84, 3732108
0.34, 1.63, 25.08, 40.83, 19, 84, 3743940
0.34, 1.63, 25.03, 40.74, 19, 85, 3755756
0.34, 1.63, 25.00, 40.70, 19, 84, 3767588
0.34, 1.63, 25.08, 40.83, 19, 84, 3779412
0.34, 1.63, 25.06, 40.78, 19, 84, 3791236
0.35, 1.63, 24.98, 40.65, 19, 84, 3803068
0.35, 1.63, 25.11, 40.87, 19, 84, 3814888
0.35, 1.63, 25.06, 40.78, 19, 84, 3826720
0.35, 1.63, 25.08, 40.83, 20, 84, 3838540
0.35, 1.63, 25.08, 40.83, 20, 84, 3850372
0.35, 1.63, 24.84, 40.43, 20, 84, 3862192
0.35, 1.63, 25.08, 40.83, 20, 84, 3874024
0.35, 0.98, 25.14, 24.55, 20, 84, 3885844
0.36, 1.63, 24.84, 40.43, 20, 84, 3897676
0.36, 1.63, 25.11, 40.87, 20, 84, 3909496
0.36, 1.63, 25.06, 40.78, 20, 84, 3921320
0.36, 1.63, 25.08, 40.83, 20, 84, 3933152
0.36, 0.98, 25.27, 24.68, 20, 84, 3944972
0.36, 1.63, 24.90, 40.52, 20, 84, 3956804
0.37, 1.63, 25.11, 40.87, 20, 84, 3968620
0.37, 1.63, 25.06, 40.78, 20, 84, 3980456
0.37, 1.95, 25.08, 48.99, 20, 84, 3992276
0.37, 1.95, 25.08, 48.99, 20, 84, 4004108
0.37, 1.95, 25.06, 48.94, 20, 85, 4015924
0.37, 1.95, 25.08, 48.99, 20, 84, 4027752
0.37, 1.95, 24.98, 48.78, 21, 84, 4039576
0.37, 1.95, 25.08, 48.99, 21, 84, 4051404
0.37, 1.95, 25.11, 49.05, 21, 84, 4063236
0.37, 1.95, 25.08, 48.99, 21, 84, 4075056
0.38, 1.95, 25.08, 48.99, 21, 84, 4086888
0.38, 1.95, 24.95, 48.73, 21, 84, 4098704
0.38, 1.95, 25.08, 48.99, 21, 84, 4110540
0.38, 1.95, 24.92, 48.68, 21, 84, 4122364
0.38, 1.95, 25.08, 48.99, 21, 84, 4134196
0.39, 1.63, 25.14, 40.91, 21, 84, 4146012
0.39, 1.95, 25.08, 48.99, 21, 84, 4157844
0.39, 1.95, 25.08, 48.99, 21, 84, 4169676
0.39, 1.95, 24.95, 48.73, 21, 84, 4181500
0.39, 1.95, 25.08, 48.99, 21, 84, 4193332
0.39, 0.65, 25.25, 16.44, 21, 84, 4205168
0.39, 1.95, 25.08, 48.99, 21, 84, 4216988
0.39, 1.95, 24.87, 48.57, 21, 84, 4228804
0.40, 1.95, 25.08, 48.99, 22, 84, 4240636
0.40, 1.95, 24.95, 48.73, 22, 84, 4252460
0.40, 1.95, 25.14, 49.10, 22, 84, 4264284
0.40, 1.95, 25.08, 48.99, 22, 85, 4276112
0.40, 1.95, 25.08, 48.99, 22, 84, 4287940
0.40, 1.95, 24.92, 48.68, 22, 84, 4299772
0.40, 1.95, 25.08, 48.99, 22, 84, 4311596
0.40, 1.95, 24.92, 48.68, 22, 84, 4323428
0.41, 1.95, 25.08, 48.99, 22, 84, 4335244
0.41, 1.95, 25.06, 48.94, 22, 84, 4347076
0.41, 1.95, 25.06, 48.94, 22, 84, 4358896
0.41, 2.28, 24.98, 56.91, 22, 84, 4370732
0.41, 1.95, 24.98, 48.78, 22, 84, 4382548
0.41, 1.95, 25.08, 48.99, 22, 84, 4394376
0.41, 1.63, 25.06, 40.78, 22, 84, 4406208
0.41, 2.28, 25.08, 57.16, 22, 84, 4418028
0.42, 1.95, 25.06, 48.94, 22, 84, 4429860
0.42, 1.95, 25.08, 48.99, 23, 84, 4441676
0.42, 2.28, 24.92, 56.79, 23, 84, 4453508
0.42, 0.98, 25.27, 24.68, 23, 84, 4465344
0.42, 2.28, 25.06, 57.10, 23, 85, 4477156
0.42, 2.28, 25.06, 57.10, 23, 84, 4488980
0.42, 2.28, 25.08, 57.16, 23, 84, 4500808
0.43, 2.28, 24.90, 56.73, 23, 84, 4512632
0.43, 1.95, 25.14, 49.10, 23, 84, 4524456
0.43, 2.28, 24.95, 56.85, 23, 84, 4536292
0.43, 2.28, 25.08, 57.16, 23, 84, 4548116
0.43, 2.28, 25.06, 57.10, 23, 84, 4559948
0.43, 2.28, 25.08, 57.16, 23, 84, 4571768
0.43, 2.28, 25.08, 57.16, 23, 84, 4583604
0.44, 2.28, 24.92, 56.79, 23, 84, 4595424
0.44, 2.28, 25.08, 57.16, 23, 84, 4607260
0.44, 2.28, 25.06, 57.10, 23, 84, 4619076
0.44, 2.28, 25.06, 57.10, 23, 84, 4630904
0.44, 2.28, 25.08, 57.16, 24, 84, 4642728
0.44, 2.28, 24.87, 56.67, 24, 84, 4654556
0.44, 2.28, 25.08, 57.16, 24, 84, 4666404
0.44, 2.28, 25.08, 57.16, 24, 85, 4678204
0.45, 2.28, 24.95, 56.85, 24, 84, 4690040
0.45, 2.28, 25.08, 57.16, 24, 84, 4701856
0.45, 2.28, 25.06, 57.10, 24, 84, 4713688
0.45, 0.98, 25.25, 24.65, 24, 84, 4725524
0.45, 2.28, 25.08, 57.16, 24, 84, 4737344
0.45, 2.28, 25.03, 57.03, 24, 84, 4749164
0.46, 2.28, 25.00, 56.97, 24, 84, 4760992
0.46, 2.28, 25.06, 57.10, 24, 84, 4772828
0.46, 2.28, 24.98, 56.91, 24, 84, 4784648
0.46, 2.28, 25.08, 57.16, 24, 84, 4796480
0.46, 2.28, 25.08, 57.16, 24, 84, 4808304
0.46, 2.28, 25.03, 57.03, 24, 84, 4820136
0.46, 2.28, 25.08, 57.16, 24, 84, 4831960
0.46, 2.28, 25.00, 56.97, 25, 84, 4843792
0.46, 2.60, 25.08, 65.32, 25, 84, 4855612
0.46, 2.60, 25.08, 65.32, 25, 84, 4867440
0.47, 2.60, 25.06, 65.25, 25, 84, 4879260
0.47, 2.60, 24.87, 64.76, 25, 84, 4891088
0.47, 2.60, 25.08, 65.32, 25, 84, 4902920
0.47, 2.60, 25.08, 65.32, 25, 84, 4914740
0.47, 2.60, 25.08, 65.32, 25, 84, 4926588
0.48, 2.60, 25.08, 65.32, 25, 84, 4938388
0.48, 2.60, 25.08, 65.32, 25, 84, 4950224
0.48, 2.60, 24.95, 64.97, 25, 84, 4962040
0.48, 2.60, 25.08, 65.32, 25, 84, 4973876
0.48, 1.30, 25.22, 32.84, 25, 84, 4985696
0.48, 2.60, 25.06, 65.25, 25, 84, 4997524
0.48, 2.60, 25.06, 65.25, 25, 84, 5009360
0.49, 2.60, 25.08, 65.32, 25, 84, 5021180
0.49, 2.60, 25.03, 65.18, 25, 84, 5033012
0.49, 2.28, 25.03, 57.03, 26, 84, 5044836
0.49, 2.60, 25.08, 65.32, 26, 84, 5056668
0.49, 2.60, 25.08, 65.32, 26, 84, 5068488
0.49, 2.60, 24.90, 64.83, 26, 84, 5080320
0.49, 2.60, 24.87, 64.76, 26, 84, 5092140
0.49, 2.60, 25.06, 65.25, 26, 84, 5103968
0.50, 2.60, 25.08, 65.32, 26, 84, 5115796
0.50, 2.60, 25.08, 65.32, 26, 84, 5127620
0.50, 2.60, 24.81, 64.62, 26, 84, 5139452
0.50, 2.60, 24.95, 64.97, 26, 84, 5151272
0.50, 2.60, 25.08, 65.32, 26, 84, 5163108
0.50, 2.60, 25.00, 65.11, 26, 84, 5174932
0.50, 2.60, 25.06, 65.25, 26, 84, 5186776
0.50, 2.60, 25.06, 65.25, 26, 84, 5198584
0.51, 2.60, 25.08, 65.32, 26, 84, 5210416
0.51, 2.60, 25.08, 65.32, 26, 84, 5222240
0.51, 2.60, 24.98, 65.04, 26, 84, 5234064
0.51, 1.95, 25.19, 49.20, 27, 84, 5245900
0.51, 2.60, 25.08, 65.32, 27, 84, 5257724
0.51, 2.93, 25.06, 73.41, 27, 84, 5269556
0.51, 2.93, 25.03, 73.33, 27, 84, 5281376
0.51, 2.93, 25.03, 73.33, 27, 84, 5293212
0.52, 2.28, 25.19, 57.40, 27, 84, 5305028
0.52, 2.93, 25.08, 73.49, 27, 84, 5316864
0.52, 2.93, 25.08, 73.49, 27, 84, 5328684
0.52, 2.93, 24.98, 73.17, 27, 84, 5340508
0.52, 2.93, 24.87, 72.86, 27, 84, 5352336
0.53, 2.93, 25.08, 73.49, 27, 84, 5364160
0.52, 2.93, 25.08, 73.49, 27, 84, 5375996
0.53, 2.93, 25.08, 73.49, 27, 84, 5387816
0.53, 2.93, 25.00, 73.25, 27, 84, 5399648
0.53, 2.93, 24.87, 72.86, 27, 84, 5411468
0.53, 2.93, 25.06, 73.41, 27, 84, 5423300
0.53, 2.93, 25.06, 73.41, 27, 84, 5435120
0.53, 2.93, 25.08, 73.49, 28, 84, 5446952
0.53, 2.93, 25.08, 73.49, 28, 84, 5458768
0.53, 2.93, 24.95, 73.09, 28, 84, 5470592
0.54, 2.93, 24.92, 73.01, 28, 84, 5482428
0.54, 2.93, 24.87, 72.86, 28, 84, 5494244
0.54, 2.28, 25.17, 57.34, 28, 84, 5506080
0.54, 2.93, 25.08, 73.49, 28, 84, 5517900
0.54, 2.93, 25.06, 73.41, 28, 84, 5529732
0.55, 2.93, 25.06, 73.41, 28, 84, 5541552
0.55, 2.93, 24.95, 73.09, 28, 84, 5553384
0.55, 2.28, 25.03, 57.03, 28, 84, 5565204
0.55, 2.93, 25.06, 73.41, 28, 84, 5577036
0.55, 2.93, 25.08, 73.49, 28, 84, 5588864
0.55, 3.26, 25.08, 81.65, 28, 84, 5600688
0.55, 3.26, 25.03, 81.48, 28, 84, 5612524
0.55, 2.93, 24.90, 72.94, 28, 84, 5624348
0.55, 2.93, 25.06, 73.41, 28, 84, 5636180
0.55, 3.26, 25.06, 81.57, 29, 84, 5648000
0.56, 3.26, 25.08, 81.65, 29, 84, 5659832
0.56, 3.26, 25.08, 81.65, 29, 84, 5671656
0.56, 3.26, 25.08, 81.65, 29, 84, 5683488
0.56, 3.26, 25.08, 81.65, 29, 84, 5695308
0.56, 3.26, 25.00, 81.39, 29, 84, 5707136
0.57, 3.26, 24.95, 81.22, 29, 84, 5718972
0.57, 3.26, 24.81, 80.78, 29, 84, 5730792
0.57, 3.26, 25.06, 81.57, 29, 84, 5742624
0.57, 3.26, 25.08, 81.65, 29, 84, 5754440
0.57, 2.93, 25.14, 73.65, 29, 84, 5766272
0.57, 3.26, 25.08, 81.65, 29, 84, 5778096
0.58, 3.26, 25.08, 81.65, 29, 84, 5789928
0.58, 3.26, 25.08, 81.65, 29, 84, 5801748
0.58, 3.26, 25.06, 81.57, 29, 84, 5813576
0.58, 1.95, 25.19, 49.20, 29, 84, 5825412
0.58, 3.26, 25.06, 81.57, 29, 85, 5837224
0.58, 3.26, 24.95, 81.22, 30, 84, 5849060
0.58, 3.26, 25.00, 81.39, 30, 84, 5860876
0.58, 3.26, 24.76, 80.60, 30, 84, 5872716
0.58, 3.26, 24.81, 80.78, 30, 84, 5884532
0.59, 3.26, 24.90, 81.04, 30, 84, 5896368
0.59, 3.26, 24.84, 80.86, 30, 84, 5908188
0.59, 3.26, 25.06, 81.57, 30, 84, 5920024
0.59, 3.26, 25.08, 81.65, 30, 84, 5931844
0.59, 3.26, 25.08, 81.65, 30, 84, 5943672
0.59, 3.26, 25.08, 81.65, 30, 84, 5955496
0.59, 3.26, 25.08, 81.65, 30, 84, 5967320
0.60, 3.26, 25.08, 81.65, 30, 84, 5979156
0.60, 3.58, 25.08, 89.82, 30, 84, 5990976
0.60, 3.58, 25.06, 89.72, 30, 84, 6002812
0.60, 3.26, 25.06, 81.57, 30, 84, 6014632
0.60, 2.93, 25.14, 73.65, 30, 84, 6026464
0.60, 3.26, 25.08, 81.65, 30, 84, 6038284
0.60, 3.26, 25.03, 81.48, 31, 84, 6050116
0.60, 3.58, 25.08, 89.82, 31, 84, 6061936
0.60, 3.58, 25.08, 89.82, 31, 84, 6073760
0.61, 2.28, 25.19, 57.40, 31, 84, 6085608
0.61, 3.58, 25.08, 89.82, 31, 85, 6097416
0.61, 3.58, 25.08, 89.82, 31, 84, 6109244
0.61, 3.58, 25.08, 89.82, 31, 84, 6121068
0.61, 3.58, 25.08, 89.82, 31, 84, 6132904
0.61, 3.26, 25.14, 81.83, 31, 84, 6144728
0.62, 3.58, 25.06, 89.72, 31, 84, 6156560
0.62, 3.58, 25.06, 89.72, 31, 84, 6168384
0.62, 3.58, 25.03, 89.63, 31, 84, 6180208
0.62, 3.58, 25.08, 89.82, 31, 84, 6192032
0.62, 3.58, 25.06, 89.72, 31, 84, 6203860
0.62, 3.58, 25.06, 89.72, 31, 84, 6215692
0.62, 3.58, 25.08, 89.82, 31, 84, 6227512
0.62, 3.58, 25.08, 89.82, 31, 84, 6239344
0.62, 3.58, 25.08, 89.82, 32, 84, 6251164
0.63, 3.58, 25.08, 89.82, 32, 84, 6262992
0.63, 3.58, 25.08, 89.82, 32, 84, 6274816
0.63, 3.26, 25.08, 81.65, 32, 84, 6286644
0.63, 3.58, 25.08, 89.82, 32, 84, 6298464
0.63, 3.58, 25.08, 89.82, 32, 84, 6310292
0.63, 3.58, 25.08, 89.82, 32, 84, 6322124
0.64, 3.58, 25.08, 89.82, 32, 84, 6333944
0.63, 2.60, 25.27, 65.81, 32, 84, 6345792
0.64, 3.58, 24.84, 88.95, 32, 85, 6357596
0.64, 3.58, 24.95, 89.34, 32, 84, 6369428
0.64, 3.58, 24.84, 88.95, 32, 84, 6381248
0.64, 3.58, 24.90, 89.14, 32, 84, 6393080
0.64, 3.26, 25.03, 81.48, 32, 84, 6404904
0.64, 3.58, 24.90, 89.14, 32, 84, 6416728
0.64, 3.58, 25.00, 89.53, 32, 84, 6428556
0.64, 3.58, 25.06, 89.72, 32, 84, 6440380
0.65, 3.91, 25.06, 97.88, 33, 84, 6452212
0.65, 3.58, 25.08, 89.82, 33, 84, 6464032
0.65, 3.91, 25.06, 97.88, 33, 84, 6475868
0.65, 3.91, 25.08, 97.98, 33, 84, 6487684
0.65, 3.91, 25.08, 97.98, 33, 84, 6499520
0.65, 3.91, 25.08, 97.98, 33, 84, 6511340
0.65, 3.91, 25.08, 97.98, 33, 84, 6523176
0.66, 3.91, 25.08, 97.98, 33, 84, 6534996
0.66, 3.91, 25.08, 97.98, 33, 84, 6546840
0.66, 3.91, 25.08, 97.98, 33, 84, 6558660
0.66, 3.91, 25.06, 97.88, 33, 84, 6570484
0.66, 3.91, 25.06, 97.88, 33, 84, 6582316
0.66, 3.91, 24.90, 97.25, 33, 84, 6594136
0.66, 2.60, 24.92, 64.90, 33, 84, 6605968
0.67, 3.91, 24.90, 97.25, 33, 84, 6617792
0.67, 3.91, 25.03, 97.77, 33, 84, 6629624
0.67, 3.91, 25.06, 97.88, 33, 84, 6641448
0.67, 3.91, 25.08, 97.98, 34, 84, 6653272
0.67, 3.58, 25.19, 90.21, 34, 84, 6665100
0.67, 3.91, 25.08, 97.98, 34, 84, 6676924
0.67, 3.91, 25.08, 97.98, 34, 84, 6688756
0.67, 3.91, 24.95, 97.46, 34, 84, 6700576
0.67, 3.91, 24.79, 96.83, 34, 84, 6712408
0.68, 3.91, 24.81, 96.93, 34, 84, 6724232
0.68, 3.91, 24.87, 97.14, 34, 84, 6736068
0.68, 3.91, 25.08, 97.98, 34, 84, 6747888
0.68, 3.91, 25.06, 97.88, 34, 84, 6759724
0.68, 3.91, 25.08, 97.98, 34, 84, 6771540
0.68, 3.91, 25.08, 97.98, 34, 84, 6783372
0.68, 4.23, 25.08, 106.15, 34, 84, 6795204
0.68, 4.23, 25.08, 106.15, 34, 84, 6807044
0.68, 4.23, 24.95, 105.58, 34, 84, 6818860
0.69, 3.91, 24.84, 97.04, 34, 84, 6830680
0.69, 3.91, 25.03, 97.77, 34, 84, 6842512
0.69, 4.23, 25.06, 106.04, 35, 84, 6854328
0.69, 2.93, 25.22, 73.88, 35, 84, 6866164
0.69, 4.23, 25.06, 106.04, 35, 84, 6877988
0.69, 4.23, 24.79, 104.89, 35, 84, 6889812
0.69, 4.23, 24.95, 105.58, 35, 84, 6901636
0.70, 4.23, 25.00, 105.81, 35, 84, 6913468
0.70, 3.58, 25.19, 90.21, 35, 84, 6925300
0.70, 4.23, 25.08, 106.15, 35, 84, 6937116
0.70, 4.23, 25.08, 106.15, 35, 84, 6948952
0.70, 4.23, 24.81, 105.01, 35, 84, 6960768
0.71, 4.23, 24.81, 105.01, 35, 84, 6972600
0.71, 4.23, 25.06, 106.04, 35, 84, 6984420
0.71, 4.23, 25.08, 106.15, 35, 84, 6996252
0.71, 4.23, 24.90, 105.35, 35, 84, 7008072
0.71, 4.23, 24.76, 104.78, 35, 84, 7019900
0.71, 4.23, 24.98, 105.69, 35, 84, 7031728
0.71, 4.23, 25.11, 106.26, 35, 84, 7043552
0.71, 4.23, 25.08, 106.15, 36, 84, 7055384
0.71, 4.23, 25.11, 106.26, 36, 84, 7067224
0.71, 4.23, 24.81, 105.01, 36, 84, 7079036
0.71, 4.23, 24.87, 105.24, 36, 84, 7090856
0.72, 4.23, 25.06, 106.04, 36, 84, 7102688
0.72, 4.23, 25.06, 106.04, 36, 84, 7114508
0.72, 3.58, 25.06, 89.72, 36, 84, 7126340
0.72, 4.23, 25.00, 105.81, 36, 85, 7138160
0.72, 4.23, 25.06, 106.04, 36, 84, 7149988
0.72, 4.23, 25.08, 106.15, 36, 84, 7161824
0.73, 4.23, 25.08, 106.15, 36, 84, 7173644
0.73, 3.58, 25.03, 89.63, 36, 84, 7185480
0.73, 4.23, 24.90, 105.35, 36, 84, 7197300
0.73, 4.23, 25.03, 105.92, 36, 84, 7209132
0.73, 4.56, 25.08, 114.32, 36, 84, 7220956
0.73, 4.23, 25.08, 106.15, 36, 84, 7232788
0.73, 4.23, 24.84, 105.12, 36, 84, 7244612
0.73, 4.23, 24.87, 105.24, 37, 84, 7256436
0.73, 4.56, 25.06, 114.19, 37, 84, 7268264
0.73, 4.23, 25.06, 106.04, 37, 84, 7280088
0.73, 4.56, 24.87, 113.33, 37, 84, 7291920
0.73, 4.56, 25.03, 114.07, 37, 84, 7303736
0.74, 4.56, 25.03, 114.07, 37, 84, 7315572
0.74, 4.56, 25.08, 114.32, 37, 84, 7327388
0.74, 4.56, 24.92, 113.58, 37, 84, 7339220
0.74, 4.56, 24.98, 113.82, 37, 84, 7351044
0.74, 4.56, 25.08, 114.32, 37, 84, 7362872
0.75, 4.56, 25.03, 114.07, 37, 84, 7374696
0.75, 3.91, 24.95, 97.46, 37, 84, 7386516
0.75, 4.56, 25.00, 113.95, 37, 84, 7398348
0.75, 4.56, 25.08, 114.32, 37, 84, 7410168
0.75, 4.56, 25.08, 114.32, 37, 84, 7422004
0.75, 4.56, 24.84, 113.21, 37, 84, 7433820
0.75, 3.26, 25.00, 81.39, 37, 84, 7445672
0.75, 4.56, 25.08, 114.32, 38, 84, 7457472
0.76, 4.56, 24.84, 113.21, 38, 84, 7469304
0.75, 4.56, 25.00, 113.95, 38, 84, 7481124
0.76, 4.56, 25.08, 114.32, 38, 84, 7492948
0.76, 4.56, 24.79, 112.96, 38, 84, 7504772
0.76, 4.56, 25.00, 113.95, 38, 84, 7516600
0.76, 4.56, 25.06, 114.19, 38, 84, 7528432
0.76, 4.56, 24.73, 112.72, 38, 84, 7540248
0.76, 4.56, 24.81, 113.09, 38, 84, 7552084
0.77, 4.56, 25.06, 114.19, 38, 84, 7563900
0.77, 4.56, 25.06, 114.19, 38, 84, 7575736
0.77, 4.56, 24.84, 113.21, 38, 84, 7587556
0.77, 4.56, 25.03, 114.07, 38, 84, 7599384
0.77, 4.56, 25.06, 114.19, 38, 84, 7611204
0.77, 4.56, 24.76, 112.84, 38, 84, 7623032
0.77, 4.88, 24.87, 121.43, 38, 84, 7634860
0.77, 4.23, 25.14, 106.38, 38, 84, 7646684
0.77, 4.56, 24.95, 113.70, 39, 84, 7658516
0.77, 4.88, 25.03, 122.22, 39, 84, 7670336
0.77, 4.88, 25.08, 122.48, 39, 84, 7682168
0.78, 4.88, 25.00, 122.09, 39, 84, 7693988
0.78, 3.58, 25.03, 89.63, 39, 84, 7705832
0.78, 4.88, 25.08, 122.48, 39, 85, 7717640
0.78, 4.88, 24.79, 121.03, 39, 84, 7729472
0.78, 4.88, 25.06, 122.35, 39, 84, 7741292
0.78, 4.88, 25.06, 122.35, 39, 84, 7753116
0.79, 4.88, 24.87, 121.43, 39, 84, 7764948
0.79, 4.88, 25.06, 122.35, 39, 84, 7776768
0.79, 4.88, 25.08, 122.48, 39, 84, 7788604
0.79, 4.88, 24.87, 121.43, 39, 84, 7800424
0.79, 4.88, 25.00, 122.09, 39, 84, 7812260
0.79, 4.88, 25.06, 122.35, 39, 84, 7824080
0.79, 4.88, 24.76, 120.90, 39, 84, 7835916
0.79, 4.88, 25.08, 122.48, 39, 84, 7847736
0.80, 4.88, 25.06, 122.35, 40, 84, 7859564
0.80, 4.88, 24.84, 121.30, 40, 84, 7871392
0.80, 4.88, 25.03, 122.22, 40, 84, 7883220
0.80, 4.88, 25.08, 122.48, 40, 84, 7895052
0.80, 4.56, 25.00, 113.95, 40, 84, 7906872
0.80, 4.88, 25.06, 122.35, 40, 84, 7918708
0.80, 4.88, 25.06, 122.35, 40, 84, 7930528
0.81, 4.88, 24.76, 120.90, 40, 84, 7942364
0.81, 4.88, 25.06, 122.35, 40, 84, 7954184
0.81, 3.91, 25.25, 98.62, 40, 84, 7966036
0.81, 4.88, 25.03, 122.22, 40, 85, 7977836
0.81, 4.88, 25.00, 122.09, 40, 84, 7989664
0.81, 5.21, 24.81, 129.24, 40, 84, 8001500
0.81, 5.21, 25.06, 130.51, 40, 84, 8013316
0.81, 4.56, 24.79, 112.96, 40, 84, 8025148
0.81, 4.88, 25.06, 122.35, 40, 84, 8036968
0.81, 4.88, 25.03, 122.22, 40, 84, 8048800
0.81, 4.88, 24.81, 121.16, 41, 84, 8060620
0.81, 5.21, 25.06, 130.51, 41, 84, 8072456
0.81, 5.21, 25.03, 130.37, 41, 84, 8084276
0.82, 5.21, 24.90, 129.66, 41, 84, 8096104
0.82, 5.21, 25.06, 130.51, 41, 84, 8107928
0.82, 5.21, 24.79, 129.10, 41, 84, 8119752
0.82, 5.21, 25.03, 130.37, 41, 84, 8131588
0.82, 5.21, 24.81, 129.24, 41, 84, 8143408
0.82, 5.21, 24.87, 129.52, 41, 84, 8155240
0.83, 4.88, 25.06, 122.35, 41, 84, 8167060
0.83, 5.21, 24.79, 129.10, 41, 84, 8178892
0.83, 5.21, 25.06, 130.51, 41, 84, 8190712
0.83, 5.21, 24.71, 128.68, 41, 84, 8202544
0.83, 5.21, 25.06, 130.51, 41, 84, 8214360
0.83, 3.91, 25.08, 97.98, 41, 84, 8226192
0.83, 5.21, 24.95, 129.94, 41, 84, 8238024
0.83, 5.21, 25.06, 130.51, 41, 84, 8249848
0.83, 5.21, 24.76, 128.96, 42, 84, 8261680
0.83, 5.21, 25.06, 130.51, 42, 84, 8273500
0.83, 4.88, 24.92, 121.69, 42, 84, 8285332
0.83, 5.21, 25.06, 130.51, 42, 84, 8297148
0.84, 5.21, 24.87, 129.52, 42, 84, 8308980
0.84, 5.21, 25.00, 130.23, 42, 84, 8320804
0.84, 5.21, 25.06, 130.51, 42, 84, 8332628
0.84, 5.21, 24.95, 129.94, 42, 84, 8344452
0.84, 5.21, 25.06, 130.51, 42, 84, 8356280
0.85, 5.21, 24.76, 128.96, 42, 84, 8368112
0.85, 5.21, 25.06, 130.51, 42, 84, 8379932
0.85, 5.21, 24.87, 129.52, 42, 84, 8391764
0.85, 5.21, 25.06, 130.51, 42, 84, 8403584
0.85, 5.21, 24.90, 129.66, 42, 84, 8415412
0.85, 5.21, 24.87, 129.52, 42, 84, 8427252
0.85, 5.53, 24.87, 137.62, 42, 84, 8439064
0.85, 5.21, 25.00, 130.23, 42, 84, 8450884
0.85, 5.21, 25.06, 130.51, 43, 84, 8462716
0.85, 5.21, 24.81, 129.24, 43, 84, 8474540
0.85, 4.23, 25.25, 106.84, 43, 84, 8486368
0.85, 5.53, 24.79, 137.17, 43, 84, 8498200
0.86, 5.53, 25.08, 138.81, 43, 84, 8510020
0.86, 5.53, 24.87, 137.62, 43, 84, 8521848
0.86, 5.53, 25.08, 138.81, 43, 84, 8533668
0.86, 4.88, 25.08, 122.48, 43, 84, 8545500
0.86, 5.53, 25.06, 138.66, 43, 85, 8557320
0.87, 5.53, 25.03, 138.51, 43, 84, 8569152
0.87, 5.53, 25.06, 138.66, 43, 85, 8580976
0.87, 5.53, 24.90, 137.77, 43, 84, 8592804
0.87, 5.53, 24.90, 137.77, 43, 84, 8604636
0.87, 5.53, 25.06, 138.66, 43, 84, 8616456
0.87, 5.53, 24.81, 137.32, 43, 84, 8628296
0.87, 5.53, 25.06, 138.66, 43, 84, 8640116
0.87, 5.53, 24.79, 137.17, 43, 84, 8651948
0.87, 5.53, 25.03, 138.51, 44, 84, 8663764
0.88, 5.53, 24.87, 137.62, 44, 84, 8675600
0.87, 5.53, 25.06, 138.66, 44, 84, 8687436
0.88, 5.53, 24.92, 137.92, 44, 84, 8699244
0.88, 5.53, 25.06, 138.66, 44, 84, 8711068
0.88, 5.53, 24.98, 138.21, 44, 84, 8722896
0.88, 5.53, 25.03, 138.51, 44, 84, 8734728
0.89, 4.56, 25.11, 114.44, 44, 84, 8746548
0.89, 5.53, 25.06, 138.66, 44, 84, 8758380
0.89, 5.53, 24.98, 138.21, 44, 84, 8770200
0.89, 5.53, 25.06, 138.66, 44, 84, 8782036
0.89, 5.53, 25.03, 138.51, 44, 84, 8793856
0.89, 4.88, 25.19, 123.01, 44, 84, 8805688
0.89, 5.86, 25.00, 146.50, 44, 84, 8817512
0.89, 5.53, 24.73, 136.87, 44, 84, 8829332
0.89, 5.53, 25.03, 138.51, 44, 84, 8841168
0.89, 5.86, 24.81, 145.40, 44, 84, 8852984
0.89, 5.53, 25.06, 138.66, 45, 84, 8864820
0.89, 5.86, 24.81, 145.40, 45, 85, 8876636
0.89, 5.86, 25.08, 146.98, 45, 84, 8888472
0.90, 5.86, 24.79, 145.24, 45, 84, 8900296
0.90, 5.86, 25.06, 146.82, 45, 84, 8912128
0.90, 5.86, 24.87, 145.71, 45, 84, 8923948
0.90, 5.86, 25.08, 146.98, 45, 84, 8935772
0.90, 5.86, 24.73, 144.92, 45, 84, 8947612
0.90, 5.86, 25.03, 146.66, 45, 85, 8959424
0.91, 5.86, 24.81, 145.40, 45, 84, 8971256
0.91, 5.86, 24.90, 145.87, 45, 84, 8983080
0.91, 5.86, 24.95, 146.19, 45, 84, 8994912
0.91, 5.21, 25.17, 131.07, 45, 84, 9006732
0.91, 5.86, 24.92, 146.03, 45, 84, 9018568
0.91, 5.86, 24.73, 144.92, 45, 84, 9030384
0.91, 5.86, 24.92, 146.03, 45, 84, 9042220
0.91, 5.86, 24.71, 144.76, 45, 84, 9054040
0.92, 4.88, 25.06, 122.35, 46, 84, 9065880
0.91, 5.86, 24.84, 145.55, 46, 84, 9077700
0.92, 5.86, 25.06, 146.82, 46, 84, 9089520
0.92, 5.86, 24.76, 145.08, 46, 84, 9101352
0.92, 5.86, 25.03, 146.66, 46, 84, 9113172
0.92, 5.86, 24.90, 145.87, 46, 84, 9125004
0.92, 5.86, 25.03, 146.66, 46, 84, 9136828
0.92, 6.18, 24.98, 154.48, 46, 84, 9148660
0.93, 6.18, 24.92, 154.14, 46, 84, 9160480
0.93, 6.18, 25.06, 154.98, 46, 84, 9172308
0.93, 6.18, 24.87, 153.81, 46, 84, 9184132
0.93, 6.18, 25.03, 154.81, 46, 84, 9195960
0.93, 6.18, 24.81, 153.47, 46, 84, 9207796
0.93, 6.18, 25.00, 154.64, 46, 84, 9219616
0.93, 6.18, 24.95, 154.31, 46, 84, 9231452
0.93, 6.18, 24.71, 152.81, 46, 84, 9243272
0.93, 6.18, 25.03, 154.81, 46, 84, 9255108
0.93, 5.53, 24.81, 137.32, 47, 84, 9266928
0.93, 6.18, 25.06, 154.98, 47, 84, 9278760
0.93, 6.18, 24.84, 153.64, 47, 84, 9290580
0.94, 6.18, 25.06, 154.98, 47, 84, 9302408
0.94, 6.18, 25.03, 154.81, 47, 84, 9314240
0.94, 4.88, 25.25, 123.27, 47, 84, 9326076
0.95, 6.18, 25.06, 154.98, 47, 84, 9337892
0.95, 6.18, 24.81, 153.47, 47, 84, 9349712
0.95, 6.18, 25.06, 154.98, 47, 84, 9361548
0.95, 6.18, 25.00, 154.64, 47, 84, 9373364
0.95, 6.18, 24.73, 152.97, 47, 84, 9385196
0.95, 6.18, 25.06, 154.98, 47, 84, 9397016
0.96, 6.18, 25.03, 154.81, 47, 84, 9408840
0.96, 6.18, 24.73, 152.97, 47, 84, 9420668
0.96, 6.18, 25.03, 154.81, 47, 84, 9432496
0.96, 6.18, 24.90, 153.97, 47, 84, 9444324
0.96, 6.18, 24.90, 153.97, 47, 84, 9456148
0.96, 6.18, 25.03, 154.81, 48, 84, 9467980
0.96, 6.18, 24.79, 153.31, 48, 84, 9479800
0.96, 6.18, 25.06, 154.98, 48, 84, 9491636
0.96, 6.18, 24.98, 154.48, 48, 84, 9503456
0.96, 6.18, 24.90, 153.97, 48, 84, 9515288
0.97, 5.86, 25.03, 146.66, 48, 84, 9527112
0.97, 6.51, 24.76, 161.20, 48, 84, 9538940
0.97, 6.51, 25.06, 163.13, 48, 84, 9550768
0.97, 6.51, 24.98, 162.61, 48, 84, 9562592
0.97, 6.51, 24.79, 161.38, 48, 84, 9574428
0.97, 5.21, 25.08, 130.65, 48, 84, 9586264
0.97, 6.51, 24.76, 161.20, 48, 84, 9598084
0.97, 6.51, 25.06, 163.13, 48, 84, 9609908
0.97, 6.51, 24.95, 162.43, 48, 84, 9621740
0.98, 6.51, 24.76, 161.20, 48, 84, 9633560
0.98, 6.18, 25.11, 155.31, 48, 84, 9645388
0.98, 6.51, 24.90, 162.08, 48, 84, 9657220
0.98, 6.51, 24.68, 160.67, 49, 84, 9669044
0.98, 6.51, 25.06, 163.13, 49, 84, 9680876
0.98, 6.51, 24.90, 162.08, 49, 84, 9692696
0.98, 6.51, 24.90, 162.08, 49, 84, 9704532
0.98, 6.51, 25.06, 163.13, 49, 84, 9716352
0.98, 6.51, 24.98, 162.61, 49, 84, 9728184
0.99, 6.51, 24.73, 161.03, 49, 84, 9740000
0.99, 6.51, 25.03, 162.96, 49, 84, 9751836
0.99, 6.51, 25.06, 163.13, 49, 84, 9763652
0.99, 6.51, 24.79, 161.38, 49, 84, 9775484
1.00, 6.18, 25.08, 155.14, 49, 84, 9787312
1.00, 6.51, 25.06, 163.13, 49, 84, 9799136
1.00, 6.51, 24.76, 161.20, 49, 84, 9810968
1.00, 6.51, 24.79, 161.38, 49, 84, 9822788
1.00, 6.51, 25.03, 162.96, 49, 84, 9834620
1.00, 5.53, 25.06, 138.66, 49, 84, 9846444
1.00, 6.51, 24.71, 160.85, 49, 85, 9858272
1.00, 6.84, 25.03, 171.10, 50, 84, 9870092
1.00, 6.84, 24.98, 170.74, 50, 84, 9881924
1.00, 6.84, 24.90, 170.18, 50, 84, 9893744
1.00, 6.51, 24.98, 162.61, 50, 84, 9905572
1.01, 6.84, 25.06, 171.29, 50, 84, 9917404
1.01, 6.84, 25.03, 171.10, 50, 84, 9929224
1.01, 6.84, 24.79, 169.45, 50, 84, 9941060
1.01, 6.84, 25.06, 171.29, 50, 84, 9952880
1.01, 6.84, 24.95, 170.55, 50, 84, 9964716
1.01, 6.84, 24.90, 170.18, 50, 84, 9976532
1.02, 6.84, 24.71, 168.89, 50, 84, 9988368
1.02, 6.84, 25.06, 171.29, 50, 84, 10000188
1.02, 6.84, 24.90, 170.18, 50, 84, 10012020
1.02, 6.84, 24.73, 169.08, 50, 84, 10023844
1.02, 6.84, 25.03, 171.10, 50, 84, 10035672
1.02, 6.51, 25.00, 162.78, 50, 84, 10047500
1.02, 6.84, 24.81, 169.63, 50, 84, 10059324
1.02, 6.84, 25.00, 170.92, 51, 84, 10071152
1.02, 6.84, 25.06, 171.29, 51, 84, 10082976
1.02, 6.84, 24.90, 170.18, 51, 84, 10094804
1.03, 5.86, 24.87, 145.71, 51, 84, 10106628
1.03, 7.16, 25.06, 179.45, 51, 84, 10118460
1.03, 6.84, 25.06, 171.29, 51, 84, 10130280
1.03, 7.16, 25.00, 179.06, 51, 84, 10142104
1.03, 7.16, 24.84, 177.90, 51, 84, 10153936
1.03, 6.51, 25.17, 163.83, 51, 84, 10165756
1.04, 7.16, 25.06, 179.45, 51, 84, 10177592
1.04, 7.16, 24.92, 178.48, 51, 84, 10189416
1.04, 7.16, 24.68, 176.74, 51, 84, 10201248
1.04, 7.16, 25.06, 179.45, 51, 84, 10213072
1.04, 7.16, 25.03, 179.25, 51, 84, 10224904
1.04, 7.16, 24.84, 177.90, 51, 84, 10236728
1.04, 7.16, 24.87, 178.09, 51, 84, 10248556
1.04, 7.16, 25.03, 179.25, 51, 84, 10260380
1.04, 7.16, 25.06, 179.45, 52, 84, 10272208
1.05, 7.16, 24.76, 177.32, 52, 84, 10284044
1.05, 7.16, 24.79, 177.51, 52, 84, 10295868
1.05, 7.16, 24.98, 178.87, 52, 84, 10307720
1.06, 7.16, 24.95, 178.67, 52, 84, 10319524
1.06, 7.16, 24.73, 177.13, 52, 84, 10331356
1.06, 7.16, 24.79, 177.51, 52, 84, 10343184
1.06, 7.16, 25.06, 179.45, 52, 84, 10355012
1.06, 6.18, 25.06, 154.98, 52, 84, 10366832
1.06, 7.16, 24.79, 177.51, 52, 84, 10378660
1.06, 7.49, 24.87, 186.19, 52, 84, 10390492
1.06, 7.49, 25.00, 187.20, 52, 84, 10402312
1.07, 7.49, 25.06, 187.60, 52, 84, 10414144
1.07, 6.51, 24.95, 162.43, 52, 84, 10425964
1.07, 7.49, 24.71, 184.98, 52, 84, 10437796
1.07, 7.49, 24.79, 185.58, 52, 84, 10449620
1.07, 7.49, 25.06, 187.60, 52, 84, 10461452
1.07, 7.49, 24.95, 186.79, 53, 84, 10473276
1.07, 7.49, 24.90, 186.39, 53, 84, 10485104
1.07, 7.49, 24.71, 184.98, 53, 84, 10496928
1.08, 7.49, 24.79, 185.58, 53, 84, 10508756
1.08, 7.49, 25.06, 187.60, 53, 84, 10520588
1.08, 7.49, 25.06, 187.60, 53, 84, 10532408
1.08, 7.49, 24.95, 186.79, 53, 84, 10544240
1.09, 7.49, 24.79, 185.58, 53, 84, 10556060
1.09, 7.49, 25.03, 187.40, 53, 84, 10567908
1.09, 7.49, 24.68, 184.78, 53, 85, 10579708
1.09, 7.49, 25.06, 187.60, 53, 84, 10591540
1.09, 7.49, 25.03, 187.40, 53, 84, 10603364
1.09, 7.49, 25.00, 187.20, 53, 84, 10615188
1.09, 6.84, 24.84, 169.81, 53, 84, 10627024
1.09, 7.49, 24.65, 184.57, 53, 84, 10638848
1.09, 7.49, 24.90, 186.39, 53, 84, 10650676
1.09, 7.49, 25.06, 187.60, 53, 84, 10662504
1.09, 7.49, 25.00, 187.20, 54, 84, 10674336
1.10, 6.51, 25.00, 162.78, 54, 84, 10686168
1.10, 7.49, 24.76, 185.38, 54, 84, 10697988
1.10, 7.81, 24.73, 193.23, 54, 84, 10709808
1.10, 7.81, 24.87, 194.28, 54, 84, 10721636
1.10, 7.81, 24.76, 193.44, 54, 84, 10733456
1.10, 7.81, 25.06, 195.76, 54, 84, 10745284
1.10, 7.81, 24.95, 194.92, 54, 84, 10757116
1.11, 7.81, 24.92, 194.71, 54, 84, 10768936
1.11, 7.81, 24.73, 193.23, 54, 84, 10780768
1.11, 7.81, 24.76, 193.44, 54, 84, 10792588
1.11, 7.81, 25.03, 195.55, 54, 84, 10804424
1.11, 7.81, 25.06, 195.76, 54, 84, 10816244
1.11, 7.81, 24.73, 193.23, 54, 84, 10828096
1.11, 7.81, 24.95, 194.92, 54, 85, 10839904
1.11, 7.81, 24.76, 193.44, 54, 84, 10851724
1.11, 7.81, 24.68, 192.81, 54, 84, 10863560
1.11, 7.81, 24.79, 193.65, 55, 84, 10875380
1.11, 7.16, 25.11, 179.83, 55, 84, 10887212
1.11, 7.81, 24.87, 194.28, 55, 84, 10899032
1.12, 7.81, 25.03, 195.55, 55, 84, 10910868
1.12, 7.81, 25.03, 195.55, 55, 84, 10922688
1.12, 7.81, 24.84, 194.07, 55, 84, 10934524
1.12, 6.84, 25.17, 172.03, 55, 84, 10946360
1.12, 7.81, 24.76, 193.44, 55, 84, 10958172
1.12, 8.14, 24.73, 201.28, 55, 84, 10969996
1.12, 7.81, 24.73, 193.23, 55, 84, 10981828
1.13, 8.14, 24.92, 202.82, 55, 84, 10993660
1.13, 8.14, 25.08, 204.14, 55, 84, 11005480
1.13, 8.14, 25.03, 203.70, 55, 84, 11017316
1.13, 8.14, 25.03, 203.70, 55, 84, 11029136
1.13, 8.14, 24.84, 202.16, 55, 84, 11040968
1.13, 8.14, 24.95, 203.04, 55, 84, 11052788
1.13, 7.81, 24.79, 193.65, 55, 84, 11064620
1.13, 8.14, 24.76, 201.50, 56, 84, 11076444
1.13, 8.14, 24.71, 201.06, 56, 84, 11088268
1.13, 8.14, 24.87, 202.38, 56, 84, 11100104
1.13, 8.14, 25.00, 203.48, 56, 84, 11111924
1.14, 8.14, 25.03, 203.70, 56, 84, 11123752
1.14, 8.14, 25.03, 203.70, 56, 84, 11135572
1.14, 7.49, 25.11, 188.01, 56, 84, 11147408
1.14, 8.14, 24.95, 203.04, 56, 84, 11159228
1.14, 8.14, 25.00, 203.48, 56, 84, 11171056
1.14, 8.14, 24.95, 203.04, 56, 84, 11182876
1.14, 8.14, 24.90, 202.60, 56, 84, 11194704
1.15, 6.84, 24.87, 170.00, 56, 84, 11206544
1.15, 8.14, 24.71, 201.06, 56, 84, 11218352
1.15, 8.14, 24.71, 201.06, 56, 84, 11230180
1.15, 8.14, 24.68, 200.84, 56, 84, 11242004
1.15, 8.14, 25.00, 203.48, 56, 84, 11253836
1.15, 7.81, 25.06, 195.76, 56, 84, 11265656
1.15, 8.14, 25.00, 203.48, 57, 84, 11277484
1.15, 8.14, 24.76, 201.50, 57, 84, 11289304
1.15, 8.14, 25.03, 203.70, 57, 84, 11301136
1.15, 8.14, 25.06, 203.92, 57, 84, 11312956
1.15, 8.46, 25.06, 212.07, 57, 84, 11324780
1.16, 8.46, 25.03, 211.84, 57, 84, 11336608
1.16, 8.46, 24.98, 211.39, 57, 84, 11348436
1.16, 8.46, 25.00, 211.62, 57, 84, 11360264
1.17, 8.46, 25.06, 212.07, 57, 84, 11372084
1.16, 8.46, 24.92, 210.93, 57, 84, 11383916
1.17, 8.46, 24.95, 211.16, 57, 84, 11395736
1.17, 8.14, 24.73, 201.28, 57, 84, 11407568
1.17, 8.46, 24.81, 210.02, 57, 85, 11419388
1.17, 8.46, 24.73, 209.33, 57, 84, 11431220
1.17, 8.46, 24.76, 209.56, 57, 84, 11443040
1.17, 8.46, 24.76, 209.56, 57, 84, 11454868
1.17, 7.16, 24.95, 178.67, 57, 84, 11466704
1.17, 8.46, 24.68, 208.88, 58, 84, 11478520
1.17, 8.46, 25.03, 211.84, 58, 84, 11490352
1.17, 8.46, 24.73, 209.33, 58, 84, 11502176
1.17, 8.46, 25.06, 212.07, 58, 84, 11514012
1.17, 8.14, 25.14, 204.57, 58, 84, 11525832
1.17, 8.46, 25.00, 211.62, 58, 84, 11537668
1.18, 8.46, 25.06, 212.07, 58, 84, 11549484
1.18, 8.46, 24.92, 210.93, 58, 84, 11561312
1.18, 8.46, 25.03, 211.84, 58, 84, 11573136
1.18, 8.46, 25.00, 211.62, 58, 84, 11584964
1.18, 8.46, 24.90, 210.70, 58, 84, 11596796
1.18, 8.46, 24.98, 211.39, 58, 84, 11608616
1.18, 8.46, 24.76, 209.56, 58, 84, 11620452
1.18, 8.46, 24.76, 209.56, 58, 84, 11632272
1.18, 8.46, 24.84, 210.25, 58, 84, 11644104
1.18, 8.46, 24.98, 211.39, 58, 84, 11655928
1.19, 8.14, 24.68, 200.84, 58, 84, 11667764
1.18, 8.46, 24.81, 210.02, 59, 85, 11679580
1.19, 8.46, 24.71, 209.10, 59, 84, 11691412
1.18, 8.46, 24.65, 208.65, 59, 84, 11703244
1.19, 8.79, 24.76, 217.62, 59, 84, 11715064
1.19, 7.49, 24.90, 186.39, 59, 84, 11726900
1.19, 8.79, 24.79, 217.86, 59, 85, 11738720
1.20, 8.79, 24.65, 216.67, 59, 84, 11750556
1.20, 8.79, 24.71, 217.15, 59, 84, 11762376
1.20, 8.79, 24.73, 217.38, 59, 84, 11774208
1.20, 8.14, 24.79, 201.72, 59, 84, 11786028
1.21, 8.79, 24.71, 217.15, 59, 84, 11797856
1.21, 8.79, 24.73, 217.38, 59, 84, 11809684
1.21, 8.79, 24.79, 217.86, 59, 84, 11821512
1.21, 8.79, 24.73, 217.38, 59, 84, 11833344
1.21, 8.79, 24.81, 218.10, 59, 84, 11845168
1.21, 8.79, 24.68, 216.91, 59, 84, 11857000
1.21, 8.79, 24.73, 217.38, 59, 84, 11868824
1.21, 8.79, 24.76, 217.62, 60, 84, 11880656
1.21, 8.79, 24.76, 217.62, 60, 84, 11892480
1.21, 8.79, 24.71, 217.15, 60, 84, 11904312
1.22, 8.79, 24.84, 218.33, 60, 84, 11916128
1.22, 8.79, 24.73, 217.38, 60, 84, 11927968
1.22, 8.79, 24.81, 218.10, 60, 84, 11939788
1.22, 9.11, 24.95, 227.40, 60, 84, 11951604
1.22, 8.79, 24.95, 219.28, 60, 84, 11963436
1.23, 9.11, 25.03, 228.14, 60, 84, 11975256
1.22, 7.81, 25.19, 196.81, 60, 84, 11987088
1.23, 8.79, 25.03, 219.99, 60, 84, 11998908
1.23, 8.79, 25.03, 219.99, 60, 84, 12010740
1.23, 9.11, 24.76, 225.68, 60, 84, 12022560
1.23, 9.11, 24.98, 227.65, 60, 84, 12034388
1.23, 8.14, 24.90, 202.60, 60, 84, 12046212
1.23, 9.11, 24.76, 225.68, 60, 84, 12058040
1.23, 9.11, 24.79, 225.93, 60, 84, 12069872
1.23, 8.79, 24.65, 216.67, 61, 84, 12081692
1.23, 9.11, 24.76, 225.68, 61, 84, 12093528
1.23, 9.11, 24.63, 224.45, 61, 84, 12105348
1.23, 9.11, 24.84, 226.42, 61, 84, 12117184
1.24, 9.11, 24.76, 225.68, 61, 84, 12129004
1.24, 9.11, 24.68, 224.94, 61, 84, 12140836
1.24, 9.11, 24.68, 224.94, 61, 84, 12152660
1.25, 9.11, 24.71, 225.19, 61, 84, 12164488
1.25, 9.11, 24.79, 225.93, 61, 84, 12176320
1.25, 9.11, 24.60, 224.21, 61, 84, 12188152
1.25, 9.11, 24.81, 226.17, 61, 84, 12199968
1.25, 9.11, 24.92, 227.16, 61, 84, 12211788
1.25, 9.11, 24.84, 226.42, 61, 84, 12223620
1.26, 9.11, 24.87, 226.66, 61, 84, 12235444
1.25, 8.14, 25.06, 203.92, 61, 84, 12247276
1.26, 9.11, 25.03, 228.14, 61, 84, 12259096
1.26, 9.44, 25.03, 236.29, 61, 84, 12270924
1.26, 9.11, 25.00, 227.89, 62, 84, 12282748
1.26, 9.11, 24.87, 226.66, 62, 84, 12294576
1.26, 8.46, 25.22, 213.44, 62, 84, 12306424
1.26, 9.44, 24.68, 232.98, 62, 84, 12318228
1.26, 9.44, 24.71, 233.23, 62, 84, 12330064
1.27, 9.44, 24.71, 233.23, 62, 84, 12341888
1.27, 9.44, 24.76, 233.74, 62, 84, 12353720
1.27, 9.44, 24.84, 234.51, 62, 84, 12365540
1.27, 9.44, 24.92, 235.27, 62, 84, 12377372
1.27, 9.44, 25.03, 236.29, 62, 84, 12389192
1.28, 9.44, 24.98, 235.78, 62, 84, 12401016
1.28, 9.44, 24.73, 233.49, 62, 84, 12412844
1.28, 9.44, 24.71, 233.23, 62, 84, 12424672
1.28, 9.44, 24.71, 233.23, 62, 84, 12436504
1.28, 9.44, 24.71, 233.23, 62, 84, 12448336
1.28, 9.44, 24.81, 234.25, 62, 84, 12460156
1.28, 9.44, 25.00, 236.03, 62, 84, 12471972
1.29, 9.44, 25.03, 236.29, 63, 84, 12483808
1.28, 9.44, 24.87, 234.76, 63, 84, 12495624
1.28, 8.79, 25.11, 220.70, 63, 84, 12507456
1.29, 9.44, 24.63, 232.47, 63, 85, 12519276
1.29, 9.44, 24.65, 232.72, 63, 84, 12531104
1.29, 9.77, 24.68, 241.01, 63, 84, 12542932
1.30, 9.77, 24.76, 241.80, 63, 84, 12554756
1.30, 8.46, 24.87, 210.47, 63, 84, 12566600
1.30, 9.77, 25.03, 244.44, 63, 85, 12578408
1.30, 9.77, 25.03, 244.44, 63, 84, 12590240
1.30, 9.77, 25.00, 244.17, 63, 84, 12602064
1.31, 9.77, 24.87, 242.85, 63, 84, 12613896
1.31, 9.77, 24.76, 241.80, 63, 84, 12625712
1.31, 9.77, 24.71, 241.27, 63, 84, 12637536
1.31, 9.77, 25.03, 244.44, 63, 84, 12649364
1.31, 9.77, 24.65, 240.75, 63, 84, 12661188
1.31, 9.77, 24.63, 240.48, 63, 84, 12673024
1.31, 9.77, 24.79, 242.06, 64, 84, 12684848
1.31, 9.77, 24.84, 242.59, 64, 84, 12696680
1.31, 9.77, 24.68, 241.01, 64, 84, 12708516
1.32, 10.09, 25.00, 252.31, 64, 84, 12720336
1.33, 10.09, 24.87, 250.95, 64, 84, 12732160
1.33, 10.09, 24.95, 251.77, 64, 84, 12743988
1.33, 10.09, 24.65, 248.77, 64, 84, 12755812
1.33, 9.44, 24.90, 235.01, 64, 84, 12767640
1.33, 10.09, 24.73, 249.59, 64, 84, 12779476
1.33, 10.09, 24.90, 251.22, 64, 84, 12791296
1.33, 10.09, 25.03, 252.58, 64, 84, 12803128
1.33, 9.77, 24.73, 241.54, 64, 84, 12814952
1.33, 8.79, 25.17, 221.18, 64, 84, 12826800
1.33, 10.09, 24.71, 249.32, 64, 84, 12838608
1.33, 10.09, 24.71, 249.32, 64, 84, 12850440
1.33, 9.77, 24.98, 243.91, 64, 84, 12862264
1.33, 10.09, 25.03, 252.58, 64, 84, 12874088
1.33, 9.77, 25.08, 244.96, 65, 84, 12885916
1.33, 10.09, 24.68, 249.04, 65, 85, 12897744
1.33, 10.09, 24.65, 248.77, 65, 84, 12909572
1.34, 10.09, 24.79, 250.13, 65, 84, 12921396
1.34, 10.09, 24.84, 250.68, 65, 84, 12933228
1.35, 10.09, 24.98, 252.04, 65, 84, 12945048
1.35, 10.09, 25.03, 252.58, 65, 84, 12956884
1.36, 10.42, 24.63, 256.52, 65, 84, 12968704
1.36, 10.42, 24.73, 257.64, 65, 84, 12980540
1.36, 10.42, 25.00, 260.45, 65, 84, 12992360
1.36, 10.42, 24.63, 256.52, 65, 84, 13004184
1.36, 10.42, 24.73, 257.64, 65, 84, 13016016
1.36, 9.77, 24.92, 243.38, 65, 84, 13027836
1.36, 10.42, 24.98, 260.17, 65, 84, 13039668
1.36, 10.42, 24.73, 257.64, 65, 84, 13051488
1.36, 10.42, 24.79, 258.20, 65, 84, 13063320
1.37, 10.42, 24.84, 258.76, 65, 84, 13075140
1.37, 9.11, 25.19, 229.61, 66, 84, 13086972
1.36, 10.42, 24.71, 257.36, 66, 84, 13098796
1.37, 10.42, 24.71, 257.36, 66, 84, 13110620
1.37, 10.42, 24.87, 259.05, 66, 84, 13122452
1.38, 10.42, 24.87, 259.05, 66, 84, 13134276
1.38, 10.09, 24.98, 252.04, 66, 84, 13146112
1.38, 10.42, 24.73, 257.64, 66, 85, 13157932
1.38, 10.42, 24.87, 259.05, 66, 84, 13169768
1.39, 10.42, 25.03, 260.73, 66, 84, 13181588
1.39, 10.42, 24.63, 256.52, 66, 84, 13193420
1.39, 10.42, 24.76, 257.92, 66, 84, 13205244
1.39, 10.42, 24.84, 258.76, 66, 84, 13217076
1.39, 10.74, 25.00, 268.59, 66, 84, 13228900
1.39, 10.42, 24.63, 256.52, 66, 84, 13240728
1.39, 10.74, 24.71, 265.40, 66, 84, 13252556
1.39, 10.42, 24.90, 259.33, 66, 84, 13264380
1.39, 10.42, 24.84, 258.76, 66, 84, 13276208
1.39, 10.09, 24.73, 249.59, 67, 84, 13288028
1.39, 10.74, 24.79, 266.27, 67, 84, 13299860
1.39, 10.74, 25.00, 268.59, 67, 84, 13311680
1.40, 10.74, 24.65, 264.82, 67, 84, 13323508
1.41, 10.74, 24.87, 267.14, 67, 84, 13335332
1.41, 9.77, 25.19, 246.02, 67, 84, 13347156
1.42, 11.07, 24.65, 272.85, 67, 84, 13358980
1.42, 11.07, 24.84, 274.94, 67, 84, 13370808
1.42, 11.07, 24.95, 276.13, 67, 84, 13382640
1.43, 11.07, 24.65, 272.85, 67, 84, 13394464
1.43, 10.42, 24.92, 259.61, 67, 84, 13406296
1.43, 11.07, 24.95, 276.13, 67, 84, 13418116
1.43, 11.07, 25.00, 276.73, 67, 84, 13429948
1.43, 11.07, 24.81, 274.64, 67, 84, 13441764
1.43, 11.07, 24.92, 275.83, 67, 84, 13453600
1.43, 11.07, 24.87, 275.24, 67, 84, 13465420
1.43, 11.07, 24.68, 273.15, 67, 84, 13477244
1.43, 11.07, 24.81, 274.64, 68, 84, 13489068
1.43, 11.07, 25.00, 276.73, 68, 84, 13500900
1.43, 11.07, 24.63, 272.55, 68, 84, 13512732
1.44, 11.07, 24.87, 275.24, 68, 84, 13524548
1.44, 11.07, 25.00, 276.73, 68, 84, 13536384
1.45, 10.74, 24.65, 264.82, 68, 84, 13548204
1.45, 11.39, 24.81, 282.72, 68, 84, 13560036
1.45, 11.39, 24.71, 281.49, 68, 84, 13571856
1.45, 11.39, 24.71, 281.49, 68, 84, 13583688
1.45, 11.39, 24.87, 283.33, 68, 84, 13595508
1.45, 10.09, 24.84, 250.68, 68, 84, 13607336
1.45, 11.39, 24.81, 282.72, 68, 84, 13619164
1.45, 11.39, 24.73, 281.79, 68, 84, 13630984
1.45, 11.39, 24.71, 281.49, 68, 84, 13642816
1.46, 11.39, 24.90, 283.64, 68, 84, 13654632
1.46, 10.74, 24.87, 267.14, 68, 84, 13666468
1.46, 11.39, 24.71, 281.49, 68, 84, 13678288
1.46, 11.39, 24.84, 283.02, 69, 84, 13690120
1.46, 11.39, 24.60, 280.26, 69, 84, 13701940
1.47, 11.72, 24.81, 290.79, 69, 84, 13713768
1.47, 11.72, 24.84, 291.11, 69, 84, 13725600
1.48, 11.72, 24.60, 288.27, 69, 84, 13737424
1.48, 11.72, 24.95, 292.37, 69, 84, 13749256
1.49, 11.72, 24.60, 288.27, 69, 84, 13761076
1.49, 11.72, 24.71, 289.53, 69, 84, 13772916
1.50, 11.72, 25.00, 293.01, 69, 84, 13784736
1.50, 11.72, 24.73, 289.85, 69, 84, 13796568
1.50, 11.72, 24.81, 290.79, 69, 84, 13808404
1.50, 11.72, 24.60, 288.27, 69, 84, 13820220
1.50, 11.72, 25.00, 293.01, 69, 84, 13832040
1.51, 11.72, 24.65, 288.90, 69, 84, 13843868
1.50, 11.72, 24.81, 290.79, 69, 84, 13855700
1.51, 10.74, 24.87, 267.14, 69, 84, 13867524
1.51, 11.72, 24.73, 289.85, 69, 84, 13879352
1.51, 12.04, 24.84, 299.20, 70, 84, 13891176
1.51, 12.04, 24.65, 296.92, 70, 84, 13903008
1.51, 12.04, 24.95, 300.50, 70, 84, 13914828
1.52, 11.39, 25.14, 286.40, 70, 84, 13926680
1.53, 12.04, 24.90, 299.85, 70, 85, 13938480
1.54, 12.04, 24.68, 297.25, 70, 84, 13950308
1.54, 12.04, 24.90, 299.85, 70, 84, 13962132
1.54, 12.37, 24.60, 304.28, 70, 84, 13973960
1.54, 12.37, 24.73, 305.95, 70, 84, 13985792
1.54, 12.04, 24.60, 296.27, 70, 85, 13997612
1.54, 12.04, 24.76, 298.22, 70, 84, 14009444
1.54, 12.04, 25.00, 301.15, 70, 84, 14021268
1.54, 12.04, 24.73, 297.90, 70, 84, 14033096
1.54, 12.04, 24.71, 297.57, 70, 84, 14044920
1.54, 12.04, 24.63, 296.60, 70, 84, 14056752
1.54, 12.04, 24.84, 299.20, 70, 84, 14068588
1.54, 12.04, 24.63, 296.60, 70, 84, 14080404
1.55, 12.04, 24.79, 298.55, 71, 84, 14092236
1.55, 12.37, 24.65, 304.95, 71, 84, 14104060
1.55, 12.37, 24.81, 306.95, 71, 84, 14115888
1.56, 11.39, 24.73, 281.79, 71, 84, 14127708
1.57, 12.37, 24.79, 306.62, 71, 84, 14139544
1.57, 12.70, 24.60, 312.29, 71, 84, 14151360
1.58, 12.70, 24.95, 316.74, 71, 84, 14163192
1.58, 12.70, 24.65, 312.97, 71, 84, 14175012
1.58, 11.39, 24.92, 283.95, 71, 84, 14186852
1.59, 12.70, 24.65, 312.97, 71, 85, 14198660
1.59, 12.70, 24.98, 317.08, 71, 84, 14210488
1.59, 12.70, 24.68, 313.31, 71, 84, 14222320
1.59, 12.70, 24.81, 315.03, 71, 84, 14234136
1.59, 12.70, 24.73, 314.00, 71, 84, 14245968
1.59, 12.70, 25.00, 317.42, 71, 84, 14257784
1.59, 12.70, 24.65, 312.97, 71, 84, 14269620
1.59, 12.37, 24.84, 307.28, 71, 84, 14281436
1.59, 12.70, 24.68, 313.31, 72, 84, 14293268
1.59, 12.70, 24.81, 315.03, 72, 84, 14305092
1.59, 13.02, 24.73, 322.05, 72, 84, 14316912
1.61, 13.02, 24.95, 324.86, 72, 84, 14328764
1.62, 13.02, 24.92, 324.51, 72, 85, 14340568
1.62, 13.02, 24.57, 319.94, 72, 84, 14352396
1.62, 13.02, 24.92, 324.51, 72, 84, 14364216
1.62, 13.02, 24.68, 321.35, 72, 84, 14376048
1.62, 12.37, 25.08, 310.29, 72, 84, 14387868
1.62, 13.02, 24.76, 322.40, 72, 84, 14399700
1.63, 13.02, 24.71, 321.70, 72, 84, 14411524
1.63, 13.02, 24.73, 322.05, 72, 84, 14423352
1.63, 13.02, 24.65, 321.00, 72, 84, 14435172
1.63, 12.04, 25.00, 301.15, 72, 84, 14447016
1.63, 13.02, 24.71, 321.70, 72, 84, 14458832
1.63, 13.02, 25.00, 325.56, 72, 84, 14470652
1.63, 13.02, 24.71, 321.70, 72, 84, 14482484
1.63, 13.02, 24.57, 319.94, 73, 84, 14494300
1.62, 12.70, 24.79, 314.68, 73, 84, 14506132
1.63, 13.35, 24.60, 328.30, 73, 84, 14517948
1.64, 13.35, 24.90, 332.26, 73, 84, 14529780
1.65, 13.35, 24.65, 329.02, 73, 84, 14541600
1.65, 13.35, 24.60, 328.30, 73, 84, 14553424
1.65, 13.35, 24.79, 330.82, 73, 84, 14565252
1.66, 13.35, 24.63, 328.66, 73, 84, 14577076
1.66, 13.35, 24.68, 329.38, 73, 84, 14588924
1.66, 13.35, 24.63, 328.66, 73, 85, 14600732
1.66, 13.35, 24.81, 331.18, 73, 84, 14612560
1.67, 13.35, 24.73, 330.10, 73, 84, 14624380
1.67, 13.35, 24.73, 330.10, 73, 84, 14636212
1.67, 12.70, 25.06, 318.11, 73, 84, 14648032
1.66, 13.35, 24.71, 329.74, 73, 84, 14659864
1.67, 13.35, 24.84, 331.54, 73, 84, 14671684
1.67, 13.35, 24.76, 330.46, 73, 84, 14683508
1.67, 13.67, 24.68, 337.42, 74, 84, 14695336
1.67, 12.70, 24.90, 316.05, 74, 84, 14707176
1.67, 13.67, 24.68, 337.42, 74, 84, 14718992
1.69, 13.67, 24.71, 337.78, 74, 84, 14730812
1.69, 14.00, 24.76, 346.58, 74, 84, 14742644
1.69, 14.00, 24.65, 345.07, 74, 84, 14754464
1.70, 13.67, 24.76, 338.52, 74, 84, 14766292
1.71, 14.00, 24.98, 349.60, 74, 84, 14778112
1.71, 14.00, 24.60, 344.32, 74, 84, 14789948
1.71, 13.67, 24.68, 337.42, 74, 84, 14801768
1.71, 13.67, 24.79, 338.89, 74, 84, 14813596
1.70, 14.00, 24.60, 344.32, 74, 84, 14825428
1.70, 14.00, 24.81, 347.34, 74, 84, 14837248
1.71, 14.00, 24.81, 347.34, 74, 84, 14849080
1.71, 13.67, 24.68, 337.42, 74, 84, 14860900
1.70, 13.67, 24.95, 341.10, 74, 84, 14872732
1.70, 13.67, 24.68, 337.42, 74, 84, 14884556
1.70, 13.67, 24.71, 337.78, 75, 84, 14896384
1.70, 13.02, 25.03, 325.91, 75, 84, 14908208
1.70, 14.00, 24.60, 344.32, 75, 84, 14920036
1.71, 14.00, 24.71, 345.83, 75, 84, 14931864
1.71, 14.32, 24.79, 355.03, 75, 84, 14943692
1.73, 14.32, 24.65, 353.10, 75, 84, 14955524
1.73, 13.02, 25.00, 325.56, 75, 84, 14967348
1.74, 14.32, 24.73, 354.26, 75, 84, 14979180
1.74, 14.32, 24.57, 351.94, 75, 84, 14990996
1.74, 14.32, 24.81, 355.41, 75, 84, 15002832
1.74, 14.32, 24.87, 356.19, 75, 84, 15014652
1.74, 14.00, 24.71, 345.83, 75, 84, 15026480
1.75, 14.32, 24.65, 353.10, 75, 84, 15038300
1.75, 14.32, 24.95, 357.35, 75, 84, 15050128
1.75, 14.32, 24.60, 352.32, 75, 84, 15061964
1.75, 14.32, 24.60, 352.32, 75, 84, 15073780
1.75, 14.32, 24.95, 357.35, 75, 84, 15085608
1.75, 14.32, 24.81, 355.41, 76, 84, 15097432
1.75, 14.32, 24.54, 351.55, 76, 84, 15109264
1.75, 14.65, 24.90, 364.68, 76, 84, 15121080
1.76, 14.65, 24.87, 364.28, 76, 84, 15132912
1.77, 14.65, 24.65, 361.12, 76, 84, 15144736
1.77, 14.65, 24.57, 359.94, 76, 84, 15156560
1.77, 14.32, 24.98, 357.73, 76, 84, 15168384
1.78, 14.65, 24.95, 365.47, 76, 84, 15180212
1.78, 14.65, 24.65, 361.12, 76, 84, 15192044
1.78, 14.65, 24.60, 360.33, 76, 84, 15203868
1.78, 14.65, 24.92, 365.07, 76, 84, 15215696
1.78, 13.67, 25.06, 342.58, 76, 84, 15227520
1.78, 14.65, 24.68, 361.52, 76, 84, 15239352
1.79, 14.65, 24.57, 359.94, 76, 84, 15251172
1.78, 14.65, 24.95, 365.47, 76, 84, 15263004
1.78, 14.97, 24.87, 372.38, 76, 84, 15274824
1.78, 14.00, 24.76, 346.58, 76, 84, 15286648
1.79, 14.65, 24.73, 362.31, 77, 85, 15298472
1.79, 14.65, 24.71, 361.91, 77, 84, 15310296
1.78, 14.97, 24.73, 370.36, 77, 84, 15322132
1.79, 14.97, 24.76, 370.76, 77, 84, 15333952
1.80, 14.97, 24.71, 369.95, 77, 84, 15345784
1.81, 15.30, 24.65, 377.17, 77, 84, 15357608
1.81, 15.30, 24.98, 382.12, 77, 84, 15369440
1.81, 14.97, 24.79, 371.17, 77, 84, 15381256
1.82, 15.30, 24.57, 375.93, 77, 84, 15393092
1.82, 15.30, 24.57, 375.93, 77, 84, 15404908
1.82, 15.30, 24.68, 377.58, 77, 84, 15416732
1.82, 14.97, 24.90, 372.78, 77, 84, 15428564
1.82, 15.30, 24.76, 378.82, 77, 84, 15440384
1.82, 15.30, 24.65, 377.17, 77, 84, 15452216
1.82, 15.30, 24.57, 375.93, 77, 84, 15464036
1.82, 15.30, 24.84, 380.06, 77, 84, 15475868
1.82, 14.00, 25.06, 350.73, 77, 84, 15487684
1.82, 15.30, 24.71, 378.00, 78, 84, 15499516
1.82, 15.30, 24.65, 377.17, 78, 84, 15511340
1.82, 15.30, 24.54, 375.52, 78, 84, 15523160
1.82, 15.63, 24.65, 385.20, 78, 84, 15534988
1.84, 14.97, 25.03, 374.80, 78, 84, 15546816
1.84, 15.63, 24.68, 385.62, 78, 84, 15558644
1.86, 15.63, 24.71, 386.04, 78, 84, 15570464
1.86, 15.63, 24.65, 385.20, 78, 84, 15582296
1.86, 15.63, 24.57, 383.93, 78, 84, 15594112
1.86, 15.63, 24.68, 385.62, 78, 84, 15605948
1.86, 15.63, 24.68, 385.62, 78, 85, 15617768
1.86, 15.63, 24.90, 388.99, 78, 84, 15629596
1.86, 15.63, 24.90, 388.99, 78, 84, 15641416
1.87, 15.63, 24.73, 386.46, 78, 84, 15653244
1.86, 15.63, 24.60, 384.35, 78, 84, 15665072
1.87, 15.95, 24.60, 392.36, 78, 84, 15676896
1.87, 15.95, 24.92, 397.52, 78, 84, 15688728
1.87, 15.63, 24.68, 385.62, 79, 85, 15700552
1.88, 15.63, 24.98, 390.25, 79, 84, 15712384
1.87, 15.95, 24.76, 394.94, 79, 84, 15724208
1.87, 15.95, 24.68, 393.65, 79, 84, 15736040
1.88, 14.97, 24.79, 371.17, 79, 84, 15747856
1.89, 16.28, 24.57, 399.93, 79, 84, 15759692
1.90, 16.28, 24.57, 399.93, 79, 84, 15771512
1.90, 16.28, 24.63, 400.81, 79, 84, 15783344
1.91, 16.28, 24.81, 403.88, 79, 84, 15795176
1.91, 15.30, 24.87, 380.47, 79, 84, 15807012
1.91, 16.28, 24.79, 403.44, 79, 84, 15818832
1.91, 16.28, 24.65, 401.25, 79, 84, 15830648
1.91, 16.28, 24.60, 400.37, 79, 84, 15842480
1.91, 16.28, 24.63, 400.81, 79, 84, 15854304
1.91, 16.28, 24.65, 401.25, 79, 84, 15866136
1.91, 16.28, 24.54, 399.49, 79, 84, 15877956
1.91, 16.28, 24.54, 399.49, 79, 84, 15889784
1.92, 16.28, 24.90, 405.20, 80, 84, 15901608
1.92, 16.28, 24.81, 403.88, 80, 84, 15913436
1.92, 16.60, 24.65, 409.27, 80, 84, 15925272
1.92, 16.60, 24.63, 408.82, 80, 84, 15937092
1.93, 16.60, 24.63, 408.82, 80, 84, 15948944
1.94, 16.60, 24.57, 407.93, 80, 84, 15960748
1.94, 16.60, 24.54, 407.48, 80, 84, 15972576
1.95, 16.93, 24.68, 417.75, 80, 84, 15984396
1.95, 16.93, 24.60, 416.38, 80, 84, 15996224
1.96, 15.63, 24.71, 386.04, 80, 84, 16008044
1.96, 16.60, 24.57, 407.93, 80, 84, 16019868
1.95, 16.60, 24.54, 407.48, 80, 84, 16031704
1.95, 16.60, 24.63, 408.82, 80, 84, 16043524
1.95, 16.93, 24.79, 419.58, 80, 84, 16055356
1.95, 15.63, 25.03, 391.10, 80, 84, 16067184
1.95, 16.93, 24.65, 417.30, 80, 84, 16079004
1.96, 16.93, 24.54, 415.47, 80, 84, 16090824
1.96, 16.93, 24.68, 417.75, 81, 84, 16102652
1.97, 16.93, 24.68, 417.75, 81, 84, 16114476
1.97, 17.25, 24.68, 425.79, 81, 84, 16126300
1.97, 17.25, 24.63, 424.86, 81, 84, 16138128
1.99, 17.25, 24.63, 424.86, 81, 84, 16149952
1.99, 17.25, 24.87, 429.04, 81, 84, 16161784
2.00, 17.25, 24.71, 426.25, 81, 84, 16173604
2.00, 17.25, 24.79, 427.65, 81, 84, 16185436
2.00, 17.25, 24.52, 422.99, 81, 84, 16197252
2.00, 17.58, 24.81, 436.19, 81, 84, 16209100
2.01, 17.58, 24.71, 434.29, 81, 84, 16220908
2.01, 17.25, 24.65, 425.32, 81, 84, 16232736
2.01, 17.25, 24.54, 423.46, 81, 84, 16244560
2.01, 17.25, 24.54, 423.46, 81, 84, 16256384
2.01, 16.60, 24.68, 409.72, 81, 84, 16268216
2.01, 17.25, 24.63, 424.86, 81, 84, 16280036
2.01, 17.25, 24.54, 423.46, 81, 84, 16291868
2.00, 17.25, 24.57, 423.93, 82, 84, 16303688
2.01, 17.58, 24.54, 431.45, 82, 84, 16315520
2.00, 16.60, 24.95, 414.20, 82, 84, 16327352
2.01, 17.90, 24.57, 439.92, 82, 84, 16339172
2.03, 17.90, 24.63, 440.89, 82, 84, 16350988
2.04, 17.90, 24.57, 439.92, 82, 84, 16362820
2.04, 17.90, 24.73, 442.82, 82, 84, 16374640
2.05, 17.58, 24.73, 434.77, 82, 84, 16386464
2.05, 17.90, 24.65, 441.37, 82, 84, 16398296
2.05, 17.90, 24.73, 442.82, 82, 84, 16410116
2.05, 17.90, 24.71, 442.34, 82, 84, 16421948
2.04, 17.90, 24.87, 445.23, 82, 84, 16433768
2.04, 17.90, 24.84, 444.75, 82, 84, 16445600
2.04, 17.90, 24.90, 445.72, 82, 84, 16457420
2.05, 17.90, 24.71, 442.34, 82, 84, 16469268
2.06, 17.90, 24.54, 439.44, 82, 85, 16481068
2.06, 17.90, 24.54, 439.44, 82, 84, 16492896
2.05, 17.90, 24.52, 438.96, 83, 84, 16504724
2.05, 17.90, 24.54, 439.44, 83, 84, 16516548
2.05, 17.58, 24.63, 432.87, 83, 84, 16528380
2.06, 18.23, 24.65, 449.40, 83, 85, 16540196
2.07, 18.23, 24.65, 449.40, 83, 84, 16552032
2.08, 18.55, 24.68, 457.92, 83, 84, 16563848
2.09, 18.55, 24.76, 459.42, 83, 84, 16575688
2.09, 17.25, 25.00, 431.37, 83, 84, 16587516
2.09, 18.55, 24.76, 459.42, 83, 84, 16599340
2.09, 18.55, 24.63, 456.92, 83, 84, 16611160
2.09, 18.55, 24.52, 454.92, 83, 84, 16622988
2.10, 18.55, 24.63, 456.92, 83, 84, 16634816
2.10, 18.23, 24.68, 449.89, 83, 84, 16646636
2.10, 18.55, 24.63, 456.92, 83, 84, 16658472
2.10, 18.55, 24.84, 460.92, 83, 84, 16670288
2.10, 18.55, 24.84, 460.92, 83, 84, 16682120
2.10, 18.55, 24.79, 459.92, 83, 84, 16693940
2.10, 18.55, 24.71, 458.42, 84, 84, 16705776
2.10, 18.55, 24.52, 454.92, 84, 84, 16717592
2.10, 18.88, 24.54, 463.41, 84, 84, 16729420
2.11, 18.88, 24.68, 465.95, 84, 84, 16741248
2.12, 19.21, 24.65, 473.47, 84, 84, 16753076
2.14, 18.88, 24.68, 465.95, 84, 84, 16764908
2.14, 19.21, 24.76, 475.54, 84, 84, 16776728
2.14, 18.55, 24.79, 459.92, 84, 84, 16788564
2.14, 19.21, 24.54, 471.40, 84, 84, 16800384
2.14, 19.21, 24.54, 471.40, 84, 84, 16812216
2.15, 19.21, 24.63, 472.95, 84, 84, 16824040
2.15, 19.21, 24.60, 472.43, 84, 84, 16835876
2.15, 17.90, 24.95, 446.68, 84, 84, 16847692
2.15, 19.21, 24.52, 470.88, 84, 84, 16859520
2.15, 19.21, 24.52, 470.88, 84, 84, 16871348
2.15, 19.21, 24.60, 472.43, 84, 84, 16883172
2.15, 19.21, 24.65, 473.47, 84, 84, 16895004
2.15, 18.88, 24.76, 467.48, 85, 84, 16906820
2.15, 19.21, 24.63, 472.95, 85, 84, 16918652
2.15, 19.53, 24.52, 478.86, 85, 84, 16930476
2.16, 19.53, 24.54, 479.39, 85, 84, 16942304
2.17, 19.53, 24.63, 480.97, 85, 84, 16954128
2.18, 19.53, 24.65, 481.50, 85, 84, 16965956
2.18, 19.53, 24.65, 481.50, 85, 84, 16977776
2.18, 19.53, 24.49, 478.33, 85, 84, 16989600
2.19, 19.53, 24.52, 478.86, 85, 84, 17001432
2.19, 19.86, 24.52, 486.84, 85, 84, 17013248
2.19, 19.53, 24.54, 479.39, 85, 84, 17025080
2.19, 19.86, 24.76, 491.66, 85, 84, 17036904
2.19, 19.21, 24.90, 478.13, 85, 84, 17048732
2.19, 19.53, 24.54, 479.39, 85, 84, 17060552
2.19, 19.86, 24.57, 487.91, 85, 84, 17072384
2.18, 19.53, 24.76, 483.60, 85, 84, 17084204
2.19, 19.86, 24.71, 490.59, 85, 84, 17096028
2.19, 18.55, 24.68, 457.92, 86, 84, 17107856
2.19, 19.86, 24.60, 488.45, 86, 84, 17119680
2.19, 20.18, 24.60, 496.46, 86, 84, 17131508
2.20, 20.18, 24.71, 498.63, 86, 84, 17143332
2.22, 20.18, 24.60, 496.46, 86, 84, 17155164
2.22, 19.53, 24.68, 482.02, 86, 84, 17166980
2.23, 20.18, 24.57, 495.91, 86, 84, 17178812
2.23, 20.18, 24.71, 498.63, 86, 84, 17190632
2.24, 20.18, 24.63, 497.00, 86, 84, 17202464
2.23, 20.18, 24.54, 495.37, 86, 84, 17214284
2.23, 20.18, 24.57, 495.91, 86, 84, 17226108
2.23, 20.51, 24.63, 505.02, 86, 84, 17237936
2.23, 20.51, 24.60, 504.46, 86, 84, 17249760
2.24, 20.18, 24.54, 495.37, 86, 84, 17261592
2.24, 20.18, 24.60, 496.46, 86, 84, 17273416
2.24, 20.18, 24.73, 499.18, 86, 84, 17285252
2.23, 20.18, 24.52, 494.82, 86, 84, 17297072
2.23, 20.18, 24.68, 498.09, 87, 84, 17308904
2.24, 20.51, 24.68, 506.12, 87, 84, 17320724
2.24, 20.51, 24.81, 508.89, 87, 84, 17332556
2.25, 20.83, 24.49, 510.22, 87, 84, 17344380
2.26, 20.83, 24.57, 511.91, 87, 84, 17356204
2.27, 19.86, 24.84, 493.27, 87, 84, 17368036
2.28, 20.83, 24.63, 513.03, 87, 84, 17379860
2.28, 20.83, 24.49, 510.22, 87, 84, 17391692
2.28, 20.83, 24.54, 511.35, 87, 84, 17403516
2.28, 20.83, 24.63, 513.03, 87, 84, 17415348
2.28, 20.18, 24.71, 498.63, 87, 84, 17427168
2.28, 20.83, 24.52, 510.79, 87, 84, 17438996
2.28, 20.83, 24.71, 514.72, 87, 84, 17450820
2.29, 20.83, 24.54, 511.35, 87, 84, 17462644
2.29, 20.83, 24.54, 511.35, 87, 84, 17474472
2.29, 20.83, 24.60, 512.47, 87, 84, 17486300
2.28, 20.83, 24.71, 514.72, 87, 84, 17498132
2.28, 20.83, 24.52, 510.79, 88, 84, 17509952
2.29, 21.16, 24.52, 518.77, 88, 84, 17521788
2.28, 21.48, 24.76, 531.96, 88, 84, 17533608
2.30, 21.48, 24.46, 525.59, 88, 84, 17545440
2.31, 21.48, 24.54, 527.33, 88, 84, 17557264
2.32, 21.48, 24.71, 530.80, 88, 84, 17569096
2.33, 21.81, 24.52, 534.73, 88, 84, 17580916
2.34, 21.81, 24.60, 536.49, 88, 84, 17592744
2.34, 21.81, 24.65, 537.67, 88, 84, 17604576
2.35, 21.81, 24.49, 534.14, 88, 84, 17616396
2.34, 20.51, 24.76, 507.78, 88, 84, 17628232
2.34, 21.81, 24.73, 539.43, 88, 84, 17640052
2.35, 21.81, 24.49, 534.14, 88, 84, 17651884
2.34, 21.81, 24.57, 535.91, 88, 84, 17663704
2.34, 21.81, 24.65, 537.67, 88, 84, 17675540
2.34, 20.83, 24.73, 515.28, 88, 84, 17687376
2.34, 21.81, 24.60, 536.49, 88, 84, 17699188
2.35, 21.81, 24.46, 533.55, 89, 84, 17711016
2.35, 22.14, 24.52, 542.71, 89, 84, 17722840
2.35, 22.14, 24.68, 546.29, 89, 84, 17734676
2.37, 22.46, 24.49, 550.08, 89, 84, 17746496
2.38, 22.46, 24.52, 550.69, 89, 84, 17758332
2.39, 22.46, 24.73, 555.54, 89, 84, 17770148
2.39, 22.46, 24.54, 551.30, 89, 84, 17781984
2.39, 22.46, 24.68, 554.33, 89, 84, 17793804
2.39, 22.46, 24.54, 551.30, 89, 84, 17805640
2.40, 22.46, 24.52, 550.69, 89, 84, 17817460
2.39, 22.46, 24.57, 551.90, 89, 84, 17829300
2.39, 22.46, 24.46, 549.48, 89, 84, 17841116
2.39, 22.46, 24.60, 552.51, 89, 84, 17852936
2.39, 22.46, 24.49, 550.08, 89, 84, 17864768
2.39, 22.46, 24.52, 550.69, 89, 84, 17876588
2.39, 21.16, 24.76, 523.90, 89, 84, 17888416
2.39, 22.46, 24.49, 550.08, 89, 84, 17900236
2.39, 22.46, 24.52, 550.69, 90, 84, 17912068
2.39, 22.79, 24.54, 559.29, 90, 84, 17923884
2.39, 22.79, 24.79, 564.82, 90, 84, 17935708
2.42, 21.81, 24.73, 539.43, 90, 84, 17947552
2.43, 23.11, 24.65, 569.77, 90, 84, 17959364
2.43, 23.11, 24.46, 565.41, 90, 84, 17971192
2.43, 23.11, 24.57, 567.90, 90, 84, 17983016
2.44, 23.11, 24.44, 564.78, 90, 84, 17994848
2.44, 23.44, 24.63, 577.16, 90, 84, 18006668
2.44, 23.11, 24.46, 565.41, 90, 84, 18018500
2.45, 23.11, 24.52, 566.65, 90, 84, 18030324
2.45, 23.11, 24.76, 572.26, 90, 84, 18042156
2.45, 23.11, 24.46, 565.41, 90, 84, 18053976
2.45, 23.11, 24.60, 568.52, 90, 84, 18065804
2.45, 23.11, 24.46, 565.41, 90, 84, 18077636
2.45, 23.11, 24.46, 565.41, 90, 84, 18089476
2.45, 23.11, 24.52, 566.65, 90, 84, 18101292
2.45, 23.44, 24.49, 574.00, 91, 84, 18113112
2.45, 23.44, 24.60, 576.53, 91, 84, 18124944
2.45, 23.44, 24.49, 574.00, 91, 84, 18136764
2.46, 22.46, 24.81, 557.35, 91, 84, 18148596
2.47, 23.76, 24.49, 581.97, 91, 84, 18160412
2.48, 23.76, 24.46, 581.33, 91, 84, 18172240
2.48, 23.76, 24.49, 581.97, 91, 84, 18184068
2.48, 23.76, 24.49, 581.97, 91, 84, 18195896
2.48, 22.46, 24.81, 557.35, 91, 84, 18207740
2.48, 23.76, 24.49, 581.97, 91, 85, 18219544
2.49, 23.76, 24.54, 583.26, 91, 84, 18231380
2.48, 23.76, 24.65, 585.82, 91, 84, 18243196
2.49, 23.76, 24.49, 581.97, 91, 84, 18255028
2.48, 23.44, 24.54, 575.27, 91, 84, 18266844
2.48, 23.76, 24.49, 581.97, 91, 84, 18278680
2.48, 23.76, 24.57, 583.90, 91, 84, 18290500
2.48, 23.76, 24.46, 581.33, 91, 84, 18302328
2.48, 23.76, 24.49, 581.97, 92, 84, 18314164
2.49, 24.09, 24.49, 589.95, 92, 84, 18325984
2.49, 24.09, 24.44, 588.65, 92, 84, 18337816
2.51, 24.41, 24.52, 598.58, 92, 84, 18349656
2.52, 24.41, 24.60, 600.55, 92, 84, 18361468
2.53, 24.41, 24.52, 598.58, 92, 84, 18373288
2.53, 24.41, 24.49, 597.92, 92, 84, 18385124
2.54, 24.41, 24.52, 598.58, 92, 84, 18396944
2.54, 23.76, 24.54, 583.26, 92, 84, 18408772
2.54, 24.41, 24.57, 599.89, 92, 85, 18420592
2.54, 24.41, 24.46, 597.26, 92, 84, 18432416
2.54, 24.41, 24.54, 599.24, 92, 84, 18444248
2.54, 24.41, 24.52, 598.58, 92, 84, 18456072
2.54, 23.44, 24.68, 578.43, 92, 84, 18467904
2.54, 24.41, 24.54, 599.24, 92, 84, 18479724
2.54, 24.41, 24.46, 597.26, 92, 84, 18491560
2.54, 24.41, 24.63, 601.21, 92, 84, 18503376
2.54, 24.41, 24.52, 598.58, 93, 84, 18515212
2.53, 24.41, 24.79, 605.16, 93, 84, 18527032
2.54, 24.74, 24.44, 604.56, 93, 84, 18538860
2.55, 24.74, 24.46, 605.22, 93, 84, 18550688
2.56, 25.07, 24.46, 613.19, 93, 84, 18562516
2.56, 25.07, 24.44, 612.51, 93, 84, 18574348
2.56, 25.07, 24.60, 616.57, 93, 84, 18586168
2.57, 25.07, 24.49, 613.86, 93, 84, 18598004
2.57, 25.07, 24.63, 617.24, 93, 84, 18609824
2.57, 25.07, 24.44, 612.51, 93, 84, 18621656
2.57, 25.07, 24.52, 614.54, 93, 84, 18633476
2.57, 25.07, 24.46, 613.19, 93, 84, 18645312
2.57, 25.07, 24.54, 615.22, 93, 84, 18657132
2.57, 24.41, 24.60, 600.55, 93, 84, 18668960
2.57, 25.07, 24.44, 612.51, 93, 84, 18680796
2.57, 25.07, 24.57, 615.89, 93, 84, 18692616
2.57, 25.07, 24.46, 613.19, 93, 84, 18704452
2.57, 25.07, 24.60, 616.57, 94, 84, 18716268
2.57, 24.09, 24.65, 593.84, 94, 84, 18728104
2.58, 25.39, 24.41, 619.78, 94, 84, 18739924
2.60, 25.39, 24.46, 621.15, 94, 84, 18751756
2.61, 25.72, 24.46, 629.11, 94, 84, 18763576
2.61, 25.72, 24.44, 628.42, 94, 84, 18775404
2.62, 25.07, 24.63, 617.24, 94, 84, 18787228
2.62, 25.72, 24.44, 628.42, 94, 84, 18799060
2.63, 25.72, 24.63, 633.28, 94, 84, 18810888
2.62, 25.72, 24.49, 629.81, 94, 84, 18822712
2.62, 25.72, 24.44, 628.42, 94, 84, 18834540
2.63, 25.72, 24.60, 632.58, 94, 84, 18846356
2.63, 25.72, 24.46, 629.11, 94, 84, 18858192
2.62, 25.72, 24.49, 629.81, 94, 84, 18870012
2.63, 25.72, 24.65, 633.97, 94, 84, 18881844
2.62, 25.72, 24.46, 629.11, 94, 84, 18893672
2.62, 25.72, 24.52, 630.50, 94, 84, 18905496
2.63, 25.72, 24.46, 629.11, 95, 84, 18917328
2.62, 25.39, 24.49, 621.84, 95, 84, 18929148
2.63, 25.72, 24.57, 631.89, 95, 84, 18940980
2.63, 25.72, 24.57, 631.89, 95, 84, 18952804
2.63, 25.72, 24.44, 628.42, 95, 84, 18964636
2.63, 25.72, 24.46, 629.11, 95, 84, 18976452
2.62, 24.74, 24.65, 609.89, 95, 84, 18988288
2.62, 25.72, 24.46, 629.11, 95, 84, 19000108
2.63, 25.72, 24.52, 630.50, 95, 84, 19011932
2.62, 25.72, 24.46, 629.11, 95, 84, 19023756
2.62, 25.72, 24.49, 629.81, 95, 84, 19035584
2.63, 25.07, 24.60, 616.57, 95, 84, 19047412
2.62, 25.72, 24.46, 629.11, 95, 84, 19059236
2.63, 25.72, 24.44, 628.42, 95, 84, 19071068
2.62, 25.72, 24.49, 629.81, 95, 84, 19082884
2.62, 25.72, 24.44, 628.42, 95, 84, 19094724
2.63, 25.72, 24.60, 632.58, 95, 84, 19106540
2.62, 25.72, 24.44, 628.42, 96, 84, 19118376
2.62, 25.72, 24.46, 629.11, 96, 84, 19130196
2.62, 25.72, 24.49, 629.81, 96, 84, 19142028
2.63, 26.04, 24.54, 639.18, 96, 84, 19153860
2.63, 25.72, 24.44, 628.42, 96, 84, 19165680
2.63, 25.72, 24.46, 629.11, 96, 84, 19177512
2.63, 25.72, 24.52, 630.50, 96, 84, 19189332
2.63, 25.72, 24.49, 629.81, 96, 84, 19201164
2.63, 25.72, 24.44, 628.42, 96, 84, 19212980
2.63, 26.04, 24.44, 636.37, 96, 84, 19224816
2.63, 26.04, 24.60, 640.59, 96, 84, 19236636
2.63, 24.74, 24.65, 609.89, 96, 84, 19248460
2.63, 26.04, 24.54, 639.18, 96, 84, 19260292
2.63, 26.04, 24.46, 637.08, 96, 84, 19272116
2.63, 26.04, 24.46, 637.08, 96, 84, 19283948
2.64, 26.04, 24.52, 638.48, 96, 84, 19295768
2.63, 25.07, 24.63, 617.24, 96, 84, 19307612
2.63, 26.04, 24.46, 637.08, 97, 84, 19319416
2.64, 26.04, 24.38, 634.97, 97, 84, 19331248
2.64, 27.02, 24.33, 657.32, 97, 84, 19343068
2.65, 27.34, 24.38, 666.72, 97, 84, 19354900
2.70, 27.67, 24.41, 675.40, 97, 84, 19366720
2.74, 27.99, 24.41, 683.35, 97, 84, 19378548
2.76, 27.99, 24.41, 683.35, 97, 84, 19390376
2.78, 28.32, 24.38, 690.53, 97, 84, 19402204
2.79, 28.32, 24.38, 690.53, 97, 84, 19414040
2.80, 28.32, 24.41, 691.29, 97, 84, 19425860
2.80, 28.32, 24.44, 692.06, 97, 84, 19437696
2.81, 27.99, 24.44, 684.10, 97, 84, 19449520
2.81, 28.32, 24.41, 691.29, 97, 84, 19461352
2.82, 28.65, 24.41, 699.24, 97, 84, 19473176
2.81, 28.32, 24.41, 691.29, 97, 84, 19485008
2.81, 28.32, 24.41, 691.29, 97, 84, 19496836
2.81, 27.34, 24.60, 672.62, 97, 84, 19508672
2.81, 28.65, 24.41, 699.24, 98, 84, 19520508
2.82, 28.65, 24.41, 699.24, 98, 84, 19532328
2.81, 28.65, 24.46, 700.78, 98, 84, 19544168
2.81, 28.65, 24.41, 699.24, 98, 84, 19555992
2.81, 27.67, 24.57, 679.88, 98, 84, 19567840
2.82, 28.65, 24.49, 701.56, 98, 84, 19579648
2.82, 28.65, 24.38, 698.47, 98, 84, 19591484
2.82, 28.65, 24.41, 699.24, 98, 84, 19603304
2.82, 28.65, 24.41, 699.24, 98, 84, 19615132
2.82, 28.32, 24.44, 692.06, 98, 84, 19626972
2.82, 28.65, 24.41, 699.24, 98, 85, 19638792
2.81, 28.65, 24.41, 699.24, 98, 84, 19650628
2.82, 28.65, 24.41, 699.24, 98, 84, 19662448
2.82, 28.65, 24.41, 699.24, 98, 84, 19674284
2.81, 28.65, 24.41, 699.24, 98, 84, 19686108
2.82, 28.65, 24.46, 700.78, 98, 84, 19697944
2.82, 28.65, 24.41, 699.24, 98, 84, 19709784
2.82, 28.65, 24.44, 700.01, 99, 84, 19721596
2.82, 28.65, 24.38, 698.47, 99, 84, 19733432
2.82, 28.65, 24.38, 698.47, 99, 84, 19745256
2.81, 28.65, 24.38, 698.47, 99, 84, 19757092
2.82, 27.67, 24.52, 678.39, 99, 84, 19768916
2.81, 28.65, 24.41, 699.24, 99, 84, 19780752
2.81, 28.65, 24.38, 698.47, 99, 84, 19792576
2.82, 28.65, 24.41, 699.24, 99, 84, 19804408
2.81, 28.65, 24.41, 699.24, 99, 84, 19816232
2.82, 27.67, 24.63, 681.37, 99, 84, 19828060
2.81, 28.65, 24.38, 698.47, 99, 84, 19839892
2.81, 28.65, 24.41, 699.24, 99, 84, 19851720
2.81, 28.65, 24.41, 699.24, 99, 84, 19863560
2.82, 28.65, 24.38, 698.47, 99, 84, 19875384
2.82, 28.32, 24.52, 694.35, 99, 84, 19887220
2.82, 28.65, 24.41, 699.24, 99, 84, 19899048
2.82, 28.65, 24.46, 700.78, 99, 84, 19910880
2.81, 28.65, 24.44, 700.01, 100, 84, 19922704
2.82, 28.65, 24.38, 698.47, 100, 84, 19934536
2.81, 28.65, 24.41, 699.24, 100, 84, 19946364
2.81, 28.65, 24.41, 699.24, 100, 84, 19958192
2.82, 28.65, 24.41, 699.24, 100, 84, 19970044
2.81, 28.65, 24.38, 698.47, 100, 85, 19981848
2.82, 28.65, 24.41, 699.24, 100, 84, 19993684
2.82, 28.65, 24.41, 699.24, 100, 84, 20005508
2.82, 28.65, 24.38, 698.47, 100, 84, 20017344
2.82, 27.99, 24.49, 685.61, 100, 84, 20029168
2.82, 28.65, 24.38, 698.47, 100, 84, 20041004
2.82, 28.65, 24.38, 698.47, 100, 84, 20052828
2.81, 28.65, 24.38, 698.47, 100, 84, 20064660
2.81, 28.65, 24.44, 700.01, 100, 84, 20076496
2.81, 27.67, 24.57, 679.88, 100, 84, 20088320
2.81, 28.65, 24.38, 698.47, 100, 84, 20100156
2.81, 28.65, 24.38, 698.47, 100, 84, 20111980
2.81, 28.65, 24.41, 699.24, 100, 84, 20123816
2.81, 28.65, 24.38, 698.47, 100, 84, 20135640
2.81, 27.99, 24.49, 685.61, 100, 84, 20147476
2.81, 28.65, 24.38, 698.47, 100, 84, 20159300
2.81, 28.65, 24.38, 698.47, 100, 84, 20171128
2.81, 28.65, 24.41, 699.24, 100, 84, 20182964
2.81, 28.65, 24.44, 700.01, 100, 84, 20194792
2.81, 28.65, 24.38, 698.47, 100, 84, 20206624
2.81, 28.65, 24.38, 698.47, 100, 84, 20218452
2.81, 28.65, 24.38, 698.47, 100, 84, 20230288
2.81, 28.65, 24.41, 699.24, 100, 84, 20242116
2.81, 28.65, 24.38, 698.47, 100, 84, 20253948
2.81, 28.65, 24.38, 698.47, 100, 84, 20265772
2.81, 28.65, 24.38, 698.47, 100, 84, 20277604
2.81, 28.32, 24.46, 692.82, 100, 84, 20289432
2.81, 28.65, 24.49, 701.56, 100, 84, 20301260
2.81, 28.65, 24.38, 698.47, 100, 84, 20313096
2.81, 28.65, 24.44, 700.01, 100, 84, 20324920
2.81, 28.65, 24.38, 698.47, 100, 84, 20336752
2.81, 27.67, 24.57, 679.88, 100, 84, 20348572
2.81, 28.65, 24.46, 700.78, 100, 84, 20360412
2.81, 28.65, 24.36, 697.69, 100, 84, 20372236
2.81, 28.65, 24.41, 699.24, 100, 84, 20384068
2.81, 28.65, 24.38, 698.47, 100, 84, 20395888
2.81, 28.32, 24.65, 698.17, 100, 84, 20407716
2.81, 28.65, 24.44, 700.01, 100, 84, 20419552
2.81, 28.65, 24.38, 698.47, 100, 84, 20431376
2.81, 28.65, 24.38, 698.47, 100, 84, 20443208
2.81, 28.65, 24.36, 697.69, 100, 84, 20455032
2.80, 28.65, 24.38, 698.47, 100, 84, 20466864
2.80, 28.65, 24.46, 700.78, 100, 84, 20478692
2.80, 28.65, 24.38, 698.47, 100, 84, 20490524
2.80, 28.65, 24.38, 698.47, 100, 84, 20502348
2.80, 28.65, 24.36, 697.69, 100, 84, 20514180
2.80, 28.65, 24.44, 700.01, 100, 84, 20526016
2.80, 28.65, 24.46, 700.78, 100, 84, 20537840
2.79, 28.32, 24.38, 690.53, 100, 84, 20549676
2.79, 28.65, 24.38, 698.47, 100, 84, 20561504
2.79, 28.65, 24.44, 700.01, 100, 84, 20573336
2.79, 28.65, 24.38, 698.47, 100, 84, 20585160
2.80, 28.65, 24.38, 698.47, 100, 84, 20596996
2.80, 27.67, 24.54, 679.13, 100, 84, 20608824
2.80, 28.65, 24.38, 698.47, 100, 84, 20620652
2.80, 28.65, 24.38, 698.47, 100, 84, 20632484
2.80, 28.65, 24.38, 698.47, 100, 84, 20644312
2.80, 28.65, 24.38, 698.47, 100, 84, 20656144
2.80, 27.34, 24.54, 671.14, 100, 84, 20667988
2.80, 28.65, 24.38, 698.47, 100, 84, 20679808
2.80, 28.65, 24.38, 698.47, 100, 84, 20691632
2.80, 28.65, 24.46, 700.78, 100, 84, 20703468
2.79, 28.65, 24.49, 701.56, 100, 84, 20715288
2.80, 28.65, 24.46, 700.78, 100, 84, 20727116
2.79, 28.65, 24.41, 699.24, 100, 84, 20738944
2.79, 28.65, 24.36, 697.69, 100, 84, 20750772
2.79, 28.65, 24.36, 697.69, 100, 84, 20762608
2.79, 28.65, 24.46, 700.78, 100, 84, 20774428
2.79, 28.65, 24.38, 698.47, 100, 84, 20786268
2.79, 28.65, 24.38, 698.47, 100, 84, 20798088
2.79, 28.65, 24.38, 698.47, 100, 84, 20809944
2.79, 28.65, 24.36, 697.69, 100, 84, 20821748
2.79, 28.65, 24.38, 698.47, 100, 84, 20833588
2.79, 28.65, 24.38, 698.47, 100, 84, 20845408
2.79, 28.65, 24.38, 698.47, 100, 84, 20857240
2.79, 27.34, 24.54, 671.14, 100, 84, 20869080
2.79, 28.65, 24.44, 700.01, 100, 84, 20880904
2.79, 28.65, 24.36, 697.69, 100, 84, 20892740
2.79, 28.65, 24.44, 700.01, 100, 84, 20904564
2.79, 28.32, 24.38, 690.53, 100, 84, 20916400
STOP
2.79, 27.67, 24.54, 679.13, 0, 84, 20928240
2.79, 25.72, 24.73, 636.05, 0, 84, 20940060
2.75, 23.11, 24.79, 572.89, 0, 84, 20951880
2.57, 20.83, 24.79, 516.40, 0, 84, 20963708
2.35, 18.55, 24.79, 459.92, 0, 84, 20975544
2.17, 16.60, 24.87, 412.85, 0, 84, 20987368
2.01, 14.97, 24.81, 371.57, 0, 84, 20999204
1.86, 13.67, 24.81, 339.26, 0, 84, 21011024
1.72, 12.37, 24.81, 306.95, 0, 84, 21022856
1.61, 11.07, 24.81, 274.64, 0, 84, 21034680
1.48, 9.77, 24.81, 242.33, 0, 84, 21046512
1.40, 9.11, 24.81, 226.17, 0, 84, 21058336
1.31, 8.14, 24.81, 201.94, 0, 84, 21070168
1.23, 7.16, 24.81, 177.71, 0, 84, 21081992
1.17, 6.51, 24.81, 161.55, 0, 84, 21093820
1.11, 5.86, 24.81, 145.40, 0, 84, 21105656
1.06, 5.21, 24.81, 129.24, 0, 84, 21117480
1.00, 4.56, 24.81, 113.09, 0, 84, 21129312
0.94, 4.23, 24.81, 105.01, 0, 84, 21141136
0.89, 3.91, 24.81, 96.93, 0, 84, 21152968
0.85, 3.26, 24.84, 80.86, 0, 84, 21164792
0.80, 2.93, 24.81, 72.70, 0, 84, 21176628
0.76, 2.28, 24.87, 56.67, 0, 84, 21188456
0.72, 2.28, 24.84, 56.60, 0, 84, 21200284
0.68, 2.28, 24.84, 56.60, 0, 84, 21212116
0.66, 1.95, 24.81, 48.47, 0, 84, 21223944
0.62, 1.63, 24.81, 40.39, 0, 84, 21235780
0.60, 0.65, 24.95, 16.24, 0, 84, 21247600
0.57, 1.30, 24.81, 32.31, 0, 84, 21259440
0.55, 1.30, 24.84, 32.35, 0, 84, 21271260
0.53, 0.98, 24.84, 24.26, 0, 84, 21283096
0.51, 0.98, 24.84, 24.26, 0, 84, 21294920
0.49, 0.65, 24.84, 16.17, 0, 84, 21306752
0.47, 0.65, 24.84, 16.17, 0, 84, 21318584
0.45, 0.65, 24.84, 16.17, 0, 84, 21330404
0.43, 0.33, 24.84, 8.09, 0, 84, 21342244
