START
-0.01, -0.65, 25.00, -16.28, 1, 18, 512
-0.01, -0.33, 25.00, -8.14, 1, 158, 6840
-0.01, -0.33, 25.00, -8.14, 1, 84, 18672
-0.01, -0.33, 25.00, -8.14, 1, 84, 30488
-0.01, -0.33, 25.00, -8.14, 1, 84, 42316
-0.01, -0.33, 25.00, -8.14, 1, 84, 54144
-0.01, -0.33, 25.00, -8.14, 1, 84, 65968
-0.01, -0.98, 25.00, -24.42, 1, 84, 77800
-0.01, -0.33, 25.00, -8.14, 1, 84, 89620
-0.01, -0.33, 25.00, -8.14, 1, 84, 101452
-0.01, -0.33, 25.00, -8.14, 1, 84, 113272
-0.01, -0.65, 25.00, -16.28, 1, 84, 125104
-0.01, -1.63, 25.19, -41.00, 1, 84, 136940
-0.01, -0.65, 25.00, -16.28, 1, 85, 148756
-0.01, -0.65, 25.03, -16.30, 1, 84, 160580
-0.01, -0.65, 25.00, -16.28, 1, 84, 172404
-0.01, -0.33, 25.00, -8.14, 1, 84, 184232
-0.01, -0.65, 25.00, -16.28, 1, 84, 196060
-0.01, -0.65, 25.00, -16.28, 1, 84, 207888
-0.01, -0.33, 25.00, -8.14, 2, 84, 219704
-0.01, -0.33, 25.00, -8.14, 2, 84, 231544
-0.01, -0.65, 25.00, -16.28, 2, 84, 243360
-0.01, -0.65, 25.00, -16.28, 2, 84, 255192
-0.01, -0.65, 25.00, -16.28, 2, 84, 267012
-0.01, -0.65, 25.00, -16.28, 2, 84, 278844
-0.01, -0.65, 25.00, -16.28, 2, 84, 290664
-0.01, -0.65, 25.00, -16.28, 2, 84, 302492
-0.01, -0.65, 25.00, -16.28, 2, 84, 314320
-0.01, -0.65, 25.00, -16.28, 2, 84, 326144
-0.01, -0.65, 25.00, -16.28, 2, 84, 337992
-0.01, -0.65, 25.00, -16.28, 2, 85, 349796
-0.01, -0.65, 25.00, -16.28, 2, 84, 361628
-0.01, -0.65, 25.00, -16.28, 2, 84, 373444
-0.01, -0.33, 25.00, -8.14, 2, 84, 385276
-0.01, -1.95, 25.19, -49.20, 2, 84, 397116
-0.01, -0.65, 25.00, -16.28, 2, 84, 408924
-0.01, -0.65, 25.00, -16.28, 3, 84, 420748
-0.01, -0.65, 25.00, -16.28, 3, 84, 432576
-0.01, -0.65, 25.00, -16.28, 3, 84, 444408
-0.01, -0.65, 25.06, -16.31, 3, 84, 456228
-0.01, -0.65, 25.00, -16.28, 3, 84, 468064
-0.01, -0.65, 25.00, -16.28, 3, 84, 479880
-0.01, -0.65, 25.03, -16.30, 3, 84, 491712
-0.01, -0.65, 25.00, -16.28, 3, 84, 503536
-0.01, -0.65, 25.00, -16.28, 3, 84, 515364
-0.01, -0.65, 25.03, -16.30, 3, 84, 527188
-0.01, -0.65, 25.00, -16.28, 3, 84, 539012
-0.01, -0.65, 25.00, -16.28, 3, 84, 550852
-0.01, -0.65, 25.00, -16.28, 3, 84, 562672
-0.01, -0.65, 25.00, -16.28, 3, 84, 574504
-0.01, -0.65, 25.00, -16.28, 3, 84, 586324
-0.01, -0.65, 25.00, -16.28, 3, 84, 598176
-0.01, -0.65, 25.00, -16.28, 3, 84, 609984
-0.01, -0.33, 25.00, -8.14, 4, 84, 621816
-0.01, -0.65, 25.00, -16.28, 4, 84, 633636
-0.01, -0.65, 25.00, -16.28, 4, 84, 645464
-0.01, -1.95, 25.14, -49.10, 4, 84, 657312
-0.01, -0.65, 25.00, -16.28, 4, 84, 669124
-0.01, -0.65, 25.00, -16.28, 4, 84, 680956
-0.01, -0.65, 25.00, -16.28, 4, 84, 692776
-0.01, -0.33, 25.00, -8.14, 4, 84, 704612
-0.01, -0.98, 25.06, -24.47, 4, 84, 716436
-0.01, -0.65, 25.00, -16.28, 4, 84, 728272
-0.01, -0.65, 25.00, -16.28, 4, 84, 740092
-0.01, -0.65, 25.00, -16.28, 4, 84, 751924
-0.01, -0.65, 25.00, -16.28, 4, 84, 763748
-0.01, -0.65, 25.00, -16.28, 4, 84, 775580
-0.01, -0.65, 25.00, -16.28, 4, 84, 787408
-0.01, -0.65, 24.98, -16.26, 4, 84, 799228
-0.01, -0.65, 25.00, -16.28, 4, 84, 811060
-0.01, -0.33, 25.00, -8.14, 5, 84, 822880
-0.01, -0.33, 25.00, -8.14, 5, 84, 834716
-0.01, -0.33, 25.00, -8.14, 5, 84, 846536
-0.01, -0.33, 25.03, -8.15, 5, 84, 858384
-0.01, -0.00, 24.92, -0.00, 5, 85, 870192
-0.01, 0.33, 25.00, 8.14, 5, 84, 882020
-0.02, 0.65, 25.03, 16.30, 5, 84, 893848
-0.01, 0.98, 24.87, 24.29, 5, 84, 905680
-0.01, 0.65, 25.14, 16.37, 5, 84, 917508
-0.01, 1.63, 24.98, 40.65, 5, 85, 929332
-0.01, 1.63, 25.00, 40.70, 5, 84, 941164
-0.02, 1.95, 25.00, 48.83, 5, 84, 952984
0.00, 1.95, 25.00, 48.83, 5, 84, 964816
-0.00, 1.63, 24.84, 40.43, 5, 84, 976640
-0.00, 1.95, 25.00, 48.83, 5, 84, 988472
0.01, 1.95, 25.00, 48.83, 5, 84, 1000288
0.00, 1.63, 25.00, 40.70, 5, 84, 1012116
0.01, 1.63, 25.00, 40.70, 6, 84, 1023948
0.01, 1.30, 25.00, 32.56, 6, 84, 1035768
0.01, 1.30, 24.98, 32.52, 6, 84, 1047600
0.01, 1.30, 25.00, 32.56, 6, 84, 1059420
0.01, 0.98, 25.00, 24.42, 6, 84, 1071252
0.01, 0.98, 25.00, 24.42, 6, 84, 1083072
0.02, 0.98, 25.00, 24.42, 6, 84, 1094904
0.01, 0.98, 25.00, 24.42, 6, 84, 1106724
0.01, 0.65, 25.00, 16.28, 6, 84, 1118552
0.01, 0.65, 25.00, 16.28, 6, 84, 1130380
0.01, 0.65, 25.03, 16.30, 6, 84, 1142208
0.02, 0.65, 25.00, 16.28, 6, 84, 1154040
0.01, 0.65, 25.00, 16.28, 6, 84, 1165860
0.01, -0.33, 25.08, -8.17, 6, 84, 1177692
0.02, 0.33, 24.95, 8.12, 6, 84, 1189516
0.02, 0.33, 24.90, 8.10, 6, 84, 1201348
0.02, 0.33, 24.98, 8.13, 6, 84, 1213168
0.02, 0.33, 25.00, 8.14, 7, 84, 1225004
0.02, -0.33, 25.11, -8.17, 7, 84, 1236824
0.02, 0.33, 25.00, 8.14, 7, 84, 1248652
0.02, 0.33, 25.03, 8.15, 7, 84, 1260484
0.02, 0.33, 25.00, 8.14, 7, 84, 1272304
0.03, 0.33, 25.03, 8.15, 7, 84, 1284136
0.03, 0.33, 25.03, 8.15, 7, 84, 1295956
0.03, 0.33, 25.00, 8.14, 7, 84, 1307788
0.02, 0.33, 25.00, 8.14, 7, 84, 1319608
0.03, 0.33, 25.00, 8.14, 7, 84, 1331440
0.04, 0.33, 25.03, 8.15, 7, 84, 1343260
0.03, 0.33, 25.00, 8.14, 7, 84, 1355088
0.03, 0.33, 25.00, 8.14, 7, 84, 1366916
0.03, 0.33, 25.00, 8.14, 7, 84, 1378740
0.04, 0.33, 25.03, 8.15, 7, 84, 1390576
0.03, 0.33, 25.00, 8.14, 7, 84, 1402396
0.03, 0.33, 25.03, 8.15, 7, 84, 1414232
0.04, 0.33, 25.00, 8.14, 8, 84, 1426052
0.04, -0.00, 25.06, -0.00, 8, 84, 1437884
0.03, 0.33, 24.92, 8.11, 8, 84, 1449704
0.04, 0.33, 24.98, 8.13, 8, 84, 1461540
0.05, 0.33, 25.00, 8.14, 8, 84, 1473356
0.04, 0.33, 25.00, 8.14, 8, 84, 1485180
0.04, -0.33, 25.17, -8.19, 8, 84, 1497016
0.05, 0.33, 25.03, 8.15, 8, 84, 1508836
0.05, 0.33, 25.03, 8.15, 8, 84, 1520668
0.04, 0.33, 25.03, 8.15, 8, 84, 1532484
0.04, 0.33, 25.03, 8.15, 8, 84, 1544320
0.06, 0.33, 24.92, 8.11, 8, 84, 1556136
0.05, 0.33, 25.00, 8.14, 8, 84, 1567968
0.04, 0.33, 25.03, 8.15, 8, 84, 1579792
0.06, 0.33, 25.03, 8.15, 8, 84, 1591624
0.05, 0.33, 25.00, 8.14, 8, 84, 1603440
0.05, 0.33, 24.87, 8.10, 8, 84, 1615268
0.06, 0.33, 25.00, 8.14, 9, 84, 1627100
0.06, 0.33, 25.00, 8.14, 9, 84, 1638920
0.05, 0.33, 25.00, 8.14, 9, 84, 1650756
0.06, 0.33, 25.03, 8.15, 9, 84, 1662576
0.06, 0.33, 25.00, 8.14, 9, 84, 1674408
0.05, 0.33, 25.00, 8.14, 9, 84, 1686228
0.07, -0.00, 25.06, -0.00, 9, 84, 1698064
0.06, 0.33, 25.03, 8.15, 9, 84, 1709884
0.05, 0.33, 25.00, 8.14, 9, 84, 1721712
0.07, 0.33, 25.00, 8.14, 9, 84, 1733540
0.07, 0.33, 25.00, 8.14, 9, 84, 1745368
0.06, -0.65, 25.19, -16.40, 9, 84, 1757216
0.08, 0.33, 25.00, 8.14, 9, 85, 1769020
0.07, 0.33, 24.95, 8.12, 9, 84, 1780852
0.06, 0.33, 25.03, 8.15, 9, 84, 1792672
0.08, 0.33, 25.00, 8.14, 9, 84, 1804504
0.07, 0.33, 24.87, 8.10, 9, 84, 1816324
0.07, 0.33, 24.98, 8.13, 10, 84, 1828156
0.09, 0.33, 25.03, 8.15, 10, 84, 1839980
0.06, 0.33, 25.00, 8.14, 10, 84, 1851804
0.08, 0.33, 25.00, 8.14, 10, 84, 1863636
0.09, 0.33, 25.00, 8.14, 10, 84, 1875456
0.07, 0.33, 25.00, 8.14, 10, 84, 1887288
0.09, 0.33, 25.00, 8.14, 10, 84, 1899108
0.08, 0.33, 25.03, 8.15, 10, 84, 1910940
0.07, 0.33, 24.95, 8.12, 10, 84, 1922760
0.10, 0.33, 25.00, 8.14, 10, 84, 1934596
0.07, 0.33, 25.00, 8.14, 10, 84, 1946412
0.09, -0.00, 24.98, -0.00, 10, 84, 1958236
0.10, 0.65, 25.00, 16.28, 10, 84, 1970064
0.07, 0.65, 25.00, 16.28, 10, 84, 1981892
0.11, 0.65, 25.00, 16.28, 10, 84, 1993724
0.09, 0.65, 25.00, 16.28, 10, 84, 2005548
0.09, -0.65, 25.19, -16.40, 10, 84, 2017396
0.12, 0.65, 25.00, 16.28, 11, 84, 2029204
0.08, 0.33, 25.03, 8.15, 11, 84, 2041036
0.11, 0.65, 25.00, 16.28, 11, 84, 2052856
0.10, 0.65, 25.00, 16.28, 11, 84, 2064692
0.09, 0.65, 25.03, 16.30, 11, 84, 2076516
0.12, 0.65, 25.00, 16.28, 11, 84, 2088340
0.09, 0.65, 25.00, 16.28, 11, 84, 2100176
0.11, 0.65, 24.98, 16.26, 11, 84, 2112000
0.11, 0.65, 25.00, 16.28, 11, 84, 2123832
0.10, 0.65, 25.00, 16.28, 11, 84, 2135656
0.12, 0.65, 25.03, 16.30, 11, 84, 2147488
0.11, 0.65, 24.95, 16.24, 11, 84, 2159312
0.12, 0.65, 25.00, 16.28, 11, 84, 2171144
0.11, 0.65, 24.81, 16.16, 11, 84, 2182964
0.12, 0.65, 25.00, 16.28, 11, 84, 2194792
0.11, 0.65, 24.81, 16.16, 11, 84, 2206620
0.13, 0.65, 25.00, 16.28, 11, 84, 2218464
0.12, 0.65, 25.00, 16.28, 12, 84, 2230284
0.12, 0.65, 25.00, 16.28, 12, 84, 2242104
0.13, 0.65, 25.00, 16.28, 12, 84, 2253940
0.11, 0.65, 25.00, 16.28, 12, 84, 2265756
0.14, -0.65, 25.19, -16.40, 12, 84, 2277608
0.12, 0.65, 25.03, 16.30, 12, 84, 2289416
0.13, 0.65, 25.00, 16.28, 12, 84, 2301248
0.13, 0.65, 25.03, 16.30, 12, 84, 2313072
0.13, 0.65, 24.81, 16.16, 12, 84, 2324900
0.14, 0.33, 25.06, 8.16, 12, 84, 2336732
0.13, 0.65, 25.00, 16.28, 12, 84, 2348552
0.15, 0.65, 25.03, 16.30, 12, 84, 2360388
0.13, 0.65, 25.00, 16.28, 12, 84, 2372208
0.15, 0.65, 25.00, 16.28, 12, 84, 2384044
0.13, 0.65, 25.00, 16.28, 12, 84, 2395860
0.15, 0.65, 25.00, 16.28, 12, 84, 2407700
0.14, 0.65, 25.00, 16.28, 12, 84, 2419516
0.15, 0.65, 24.92, 16.23, 13, 84, 2431348
0.15, 0.65, 25.03, 16.30, 13, 84, 2443176
0.14, 0.65, 25.00, 16.28, 13, 84, 2455004
0.16, 0.98, 25.00, 24.42, 13, 84, 2466836
0.14, 0.65, 24.95, 16.24, 13, 84, 2478672
0.16, 0.98, 25.00, 24.42, 13, 84, 2490492
0.15, 0.98, 25.00, 24.42, 13, 84, 2502316
0.16, 0.98, 24.90, 24.31, 13, 84, 2514148
0.16, 0.98, 25.00, 24.42, 13, 84, 2525968
0.16, -0.00, 25.06, -0.00, 13, 84, 2537800
0.16, 0.98, 25.00, 24.42, 13, 84, 2549620
0.16, 0.98, 25.00, 24.42, 13, 84, 2561448
0.17, 0.98, 25.00, 24.42, 13, 84, 2573280
0.16, 0.98, 25.00, 24.42, 13, 84, 2585104
0.17, 0.65, 25.11, 16.35, 13, 84, 2596936
0.16, 0.98, 25.00, 24.42, 13, 84, 2608752
0.17, 0.98, 25.00, 24.42, 13, 84, 2620584
0.17, 0.98, 24.90, 24.31, 14, 84, 2632404
0.17, 0.98, 25.00, 24.42, 14, 84, 2644236
0.17, 0.98, 24.98, 24.39, 14, 84, 2656060
0.17, 0.98, 24.87, 24.29, 14, 84, 2667888
0.18, 0.98, 25.00, 24.42, 14, 84, 2679716
0.18, 0.98, 25.00, 24.42, 14, 84, 2691544
0.18, 0.98, 24.98, 24.39, 14, 84, 2703380
0.18, 0.98, 25.00, 24.42, 14, 84, 2715196
0.19, 0.98, 25.00, 24.42, 14, 84, 2727032
0.18, 0.98, 25.00, 24.42, 14, 84, 2738868
0.19, 0.98, 25.00, 24.42, 14, 84, 2750684
0.19, 0.98, 25.00, 24.42, 14, 84, 2762508
0.19, 0.98, 24.98, 24.39, 14, 84, 2774340
0.19, 0.98, 24.84, 24.26, 14, 84, 2786164
0.19, 0.33, 25.11, 8.17, 14, 84, 2797992
0.20, 0.98, 25.00, 24.42, 14, 84, 2809824
0.20, 0.98, 25.00, 24.42, 14, 84, 2821648
0.20, 0.98, 24.92, 24.34, 15, 84, 2833480
0.20, 0.98, 24.98, 24.39, 15, 84, 2845300
0.20, 0.33, 25.14, 8.18, 15, 84, 2857136
0.20, 0.98, 25.00, 24.42, 15, 84, 2868952
0.21, 0.98, 24.95, 24.36, 15, 84, 2880788
0.21, 0.98, 24.98, 24.39, 15, 84, 2892604
0.21, 0.98, 25.00, 24.42, 15, 84, 2904432
0.21, 0.98, 25.00, 24.42, 15, 84, 2916256
0.21, 0.98, 25.03, 24.44, 15, 84, 2928088
0.21, 1.30, 24.95, 32.49, 15, 84, 2939924
0.22, 1.30, 25.00, 32.56, 15, 84, 2951744
0.22, 1.30, 25.00, 32.56, 15, 84, 2963580
0.22, 0.98, 25.00, 24.42, 15, 84, 2975400
0.22, 1.30, 25.00, 32.56, 15, 84, 2987232
0.22, 1.30, 25.00, 32.56, 15, 84, 2999056
0.22, 1.30, 24.87, 32.38, 15, 84, 3010888
0.22, 1.30, 24.90, 32.42, 15, 84, 3022708
0.23, 1.30, 24.90, 32.42, 16, 84, 3034536
0.23, 1.30, 25.00, 32.56, 16, 84, 3046372
0.23, 0.65, 25.06, 16.31, 16, 84, 3058192
0.23, 1.30, 25.00, 32.56, 16, 84, 3070024
0.23, 1.30, 25.00, 32.56, 16, 84, 3081848
0.24, 1.30, 24.95, 32.49, 16, 84, 3093680
0.24, 1.30, 24.84, 32.35, 16, 84, 3105500
0.24, 0.65, 25.17, 16.38, 16, 84, 3117332
0.24, 1.30, 25.00, 32.56, 16, 84, 3129152
0.24, 1.30, 25.00, 32.56, 16, 84, 3140980
0.24, 1.30, 25.00, 32.56, 16, 84, 3152808
0.24, 1.30, 25.00, 32.56, 16, 84, 3164632
0.25, 1.30, 25.00, 32.56, 16, 84, 3176464
0.25, 1.30, 25.00, 32.56, 16, 85, 3188284
0.25, 1.30, 25.00, 32.56, 16, 84, 3200116
0.25, 1.30, 24.92, 32.45, 16, 84, 3211940
0.25, 1.30, 24.95, 32.49, 16, 84, 3223768
0.26, 1.30, 24.95, 32.49, 17, 84, 3235588
0.25, 1.30, 24.98, 32.52, 17, 84, 3247420
0.26, 1.30, 24.84, 32.35, 17, 84, 3259240
0.26, 1.30, 24.95, 32.49, 17, 84, 3271068
0.26, 1.30, 25.00, 32.56, 17, 84, 3282900
0.26, 1.30, 25.00, 32.56, 17, 84, 3294716
0.26, 1.30, 25.00, 32.56, 17, 84, 3306552
0.27, 0.98, 25.06, 24.47, 17, 84, 3318372
0.27, 1.30, 25.00, 32.56, 17, 84, 3330204
0.27, 1.30, 25.00, 32.56, 17, 84, 3342024
0.27, 1.30, 25.00, 32.56, 17, 84, 3353856
0.27, 1.30, 25.03, 32.59, 17, 84, 3365680
0.27, -0.00, 25.19, -0.00, 17, 84, 3377520
0.28, 1.30, 25.00, 32.56, 17, 84, 3389328
0.28, 1.30, 25.00, 32.56, 17, 84, 3401156
0.28, 1.30, 25.03, 32.59, 17, 84, 3412988
0.28, 1.30, 25.00, 32.56, 17, 84, 3424808
0.28, 1.30, 25.00, 32.56, 18, 84, 3436644
0.29, 1.30, 25.00, 32.56, 18, 84, 3448464
0.28, 1.30, 25.00, 32.56, 18, 84, 3460296
0.29, 1.63, 25.00, 40.70, 18, 84, 3472120
0.29, 1.63, 25.00, 40.70, 18, 84, 3483952
0.29, 1.63, 25.00, 40.70, 18, 84, 3495776
0.29, 1.63, 25.03, 40.74, 18, 84, 3507604
0.30, 1.63, 25.00, 40.70, 18, 84, 3519440
0.29, 1.63, 25.00, 40.70, 18, 84, 3531260
0.30, 1.63, 25.00, 40.70, 18, 84, 3543096
0.30, 1.63, 25.00, 40.70, 18, 84, 3554916
0.30, 1.63, 25.00, 40.70, 18, 84, 3566752
0.31, 1.30, 25.00, 32.56, 18, 84, 3578572
0.30, 1.63, 25.00, 40.70, 18, 84, 3590408
0.31, 1.63, 25.00, 40.70, 18, 84, 3602228
0.31, 1.63, 25.00, 40.70, 18, 84, 3614056
0.31, 1.63, 25.00, 40.70, 18, 84, 3625884
0.31, 0.33, 25.19, 8.20, 19, 84, 3637728
0.31, 1.63, 25.00, 40.70, 19, 84, 3649548
0.31, 1.63, 24.98, 40.65, 19, 84, 3661372
0.32, 1.63, 25.00, 40.70, 19, 84, 3673204
0.32, 1.63, 24.81, 40.39, 19, 84, 3685024
0.32, 1.30, 25.06, 32.63, 19, 84, 3696860
0.32, 1.63, 24.84, 40.43, 19, 84, 3708684
0.32, 1.63, 24.81, 40.39, 19, 84, 3720512
0.32, 1.63, 25.00, 40.70, 19, 84, 3732332
0.33, 1.63, 25.00, 40.70, 19, 84, 3744164
0.33, 1.63, 25.00, 40.70, 19, 84, 3755996
0.33, 1.63, 25.00, 40.70, 19, 84, 3767816
0.34, 1.63, 25.00, 40.70, 19, 84, 3779648
0.33, 1.63, 25.00, 40.70, 19, 84, 3791464
0.33, 1.63, 25.00, 40.70, 19, 84, 3803300
0.34, 1.63, 24.81, 40.39, 19, 84, 3815116
0.34, 1.63, 24.87, 40.48, 19, 84, 3826952
0.34, 1.63, 24.79, 40.34, 20, 84, 3838788
0.34, 1.95, 25.00, 48.83, 20, 84, 3850600
0.34, 1.63, 25.00, 40.70, 20, 84, 3862424
0.34, 1.95, 25.00, 48.83, 20, 84, 3874248
0.35, 1.95, 25.00, 48.83, 20, 84, 3886084
0.35, 0.65, 25.14, 16.37, 20, 84, 3897920
0.35, 1.95, 24.84, 48.52, 20, 84, 3909736
0.35, 1.95, 25.00, 48.83, 20, 84, 3921560
0.35, 1.95, 25.00, 48.83, 20, 84, 3933392
0.35, 1.95, 25.00, 48.83, 20, 84, 3945212
0.36, 1.63, 25.08, 40.83, 20, 84, 3957044
0.36, 1.95, 24.71, 48.25, 20, 84, 3968864
0.36, 1.95, 24.79, 48.41, 20, 84, 3980692
0.36, 1.95, 24.90, 48.62, 20, 84, 3992524
0.36, 1.95, 24.98, 48.78, 20, 84, 4004348
0.36, 1.95, 25.00, 48.83, 20, 84, 4016180
0.37, 1.95, 25.00, 48.83, 20, 84, 4028000
0.37, 1.95, 24.98, 48.78, 21, 84, 4039832
0.37, 1.95, 24.81, 48.47, 21, 84, 4051656
0.37, 1.95, 24.98, 48.78, 21, 84, 4063484
0.37, 1.95, 25.00, 48.83, 21, 84, 4075304
0.37, 1.95, 25.00, 48.83, 21, 84, 4087132
0.37, 1.95, 25.00, 48.83, 21, 84, 4098972
0.38, 1.95, 24.87, 48.57, 21, 84, 4110784
0.38, 1.95, 24.87, 48.57, 21, 84, 4122616
0.38, 1.95, 25.00, 48.83, 21, 84, 4134436
0.38, 1.95, 25.00, 48.83, 21, 84, 4146268
0.39, 0.98, 25.11, 24.52, 21, 84, 4158088
0.39, 2.28, 24.76, 56.42, 21, 84, 4169924
0.39, 1.95, 25.00, 48.83, 21, 84, 4181744
0.39, 1.95, 25.00, 48.83, 21, 84, 4193572
0.39, 2.28, 24.95, 56.85, 21, 84, 4205392
0.39, 1.63, 25.00, 40.70, 21, 84, 4217220
0.39, 1.95, 25.00, 48.83, 21, 84, 4229056
0.40, 1.95, 25.00, 48.83, 22, 84, 4240876
0.40, 2.28, 25.00, 56.97, 22, 84, 4252712
0.40, 2.28, 24.81, 56.54, 22, 84, 4264532
0.40, 2.28, 24.98, 56.91, 22, 84, 4276368
0.40, 2.28, 25.00, 56.97, 22, 84, 4288188
0.40, 2.28, 25.00, 56.97, 22, 84, 4300020
0.41, 2.28, 24.76, 56.42, 22, 84, 4311844
0.41, 2.28, 25.00, 56.97, 22, 84, 4323668
0.41, 2.28, 25.00, 56.97, 22, 84, 4335496
0.41, 2.28, 24.87, 56.67, 22, 84, 4347320
0.42, 2.28, 24.79, 56.48, 22, 84, 4359172
0.42, 2.28, 25.00, 56.97, 22, 85, 4370976
0.42, 2.28, 24.87, 56.67, 22, 84, 4382804
0.42, 2.28, 24.95, 56.85, 22, 84, 4394628
0.42, 2.28, 25.00, 56.97, 22, 84, 4406464
0.42, 1.63, 25.11, 40.87, 22, 84, 4418280
0.42, 2.28, 24.84, 56.60, 22, 84, 4430116
0.42, 2.28, 25.00, 56.97, 23, 84, 4441936
0.43, 2.28, 24.98, 56.91, 23, 84, 4453764
0.43, 2.28, 24.81, 56.54, 23, 84, 4465596
0.43, 1.63, 25.11, 40.87, 23, 84, 4477420
0.43, 2.28, 25.00, 56.97, 23, 84, 4489256
0.44, 2.28, 24.79, 56.48, 23, 84, 4501076
0.44, 2.28, 24.98, 56.91, 23, 84, 4512908
0.44, 2.28, 25.00, 56.97, 23, 84, 4524732
0.44, 2.28, 24.76, 56.42, 23, 84, 4536564
0.44, 2.28, 25.00, 56.97, 23, 84, 4548388
0.44, 2.28, 25.00, 56.97, 23, 84, 4560216
0.44, 2.60, 24.81, 64.62, 23, 84, 4572044
0.45, 2.28, 25.00, 56.97, 23, 84, 4583872
0.45, 2.28, 25.00, 56.97, 23, 84, 4595708
0.45, 2.28, 24.98, 56.91, 23, 84, 4607528
0.45, 2.28, 25.00, 56.97, 23, 84, 4619364
0.45, 2.28, 24.98, 56.91, 23, 84, 4631184
0.45, 2.28, 24.92, 56.79, 24, 84, 4643016
0.45, 2.60, 25.00, 65.11, 24, 84, 4654832
0.46, 2.60, 24.98, 65.04, 24, 84, 4666668
0.46, 1.63, 25.06, 40.78, 24, 84, 4678488
0.46, 2.60, 25.00, 65.11, 24, 84, 4690316
0.46, 2.60, 24.76, 64.48, 24, 84, 4702148
0.46, 2.60, 25.00, 65.11, 24, 84, 4713968
0.47, 2.60, 24.95, 64.97, 24, 84, 4725800
0.47, 1.95, 25.17, 49.15, 24, 84, 4737620
0.47, 2.60, 25.00, 65.11, 24, 84, 4749452
0.47, 2.60, 24.81, 64.62, 24, 84, 4761272
0.47, 2.60, 25.00, 65.11, 24, 84, 4773104
0.47, 2.60, 24.73, 64.41, 24, 84, 4784924
0.48, 2.60, 25.00, 65.11, 24, 84, 4796752
0.48, 2.60, 24.87, 64.76, 24, 84, 4808580
0.48, 2.60, 25.00, 65.11, 24, 84, 4820408
0.48, 2.60, 25.00, 65.11, 24, 84, 4832240
0.48, 2.60, 24.87, 64.76, 25, 84, 4844060
0.48, 2.60, 25.00, 65.11, 25, 84, 4855892
0.48, 2.60, 24.76, 64.48, 25, 84, 4867712
0.48, 2.60, 24.98, 65.04, 25, 84, 4879544
0.48, 2.60, 24.84, 64.69, 25, 84, 4891364
0.49, 2.60, 24.98, 65.04, 25, 84, 4903200
0.49, 2.60, 25.00, 65.11, 25, 84, 4915020
0.49, 2.60, 24.92, 64.90, 25, 84, 4926848
0.49, 2.28, 25.06, 57.10, 25, 84, 4938668
0.49, 2.60, 24.95, 64.97, 25, 85, 4950496
0.50, 2.60, 25.00, 65.11, 25, 84, 4962328
0.50, 2.60, 24.79, 64.55, 25, 84, 4974148
0.50, 2.93, 24.98, 73.17, 25, 84, 4985984
0.50, 1.63, 25.19, 41.00, 25, 84, 4997824
0.50, 2.60, 24.98, 65.04, 25, 84, 5009636
0.50, 2.60, 24.98, 65.04, 25, 84, 5021460
0.50, 2.60, 24.92, 64.90, 25, 84, 5033292
0.50, 2.60, 25.00, 65.11, 26, 84, 5045116
0.51, 2.93, 24.92, 73.01, 26, 84, 5056944
0.51, 2.93, 25.00, 73.25, 26, 84, 5068776
0.51, 2.93, 24.79, 72.62, 26, 84, 5080604
0.51, 2.93, 24.98, 73.17, 26, 84, 5092436
0.52, 2.93, 24.68, 72.30, 26, 84, 5104256
0.52, 2.93, 25.00, 73.25, 26, 84, 5116088
0.52, 2.93, 24.79, 72.62, 26, 84, 5127912
0.52, 2.93, 24.98, 73.17, 26, 84, 5139740
0.52, 2.93, 24.71, 72.38, 26, 84, 5151568
0.52, 2.93, 25.00, 73.25, 26, 84, 5163396
0.53, 2.93, 24.95, 73.09, 26, 84, 5175228
0.53, 2.93, 24.98, 73.17, 26, 84, 5187052
0.53, 2.60, 25.00, 65.11, 26, 84, 5198884
0.53, 2.93, 24.98, 73.17, 26, 84, 5210708
0.53, 2.93, 24.98, 73.17, 26, 84, 5222540
0.53, 2.93, 24.95, 73.09, 26, 84, 5234360
0.54, 2.93, 24.98, 73.17, 27, 84, 5246196
0.54, 1.63, 25.17, 40.96, 27, 84, 5258032
0.54, 2.93, 24.84, 72.78, 27, 84, 5269844
0.54, 2.93, 25.00, 73.25, 27, 84, 5281672
0.54, 2.93, 24.76, 72.54, 27, 84, 5293496
0.55, 2.93, 24.98, 73.17, 27, 84, 5305332
0.55, 2.60, 24.92, 64.90, 27, 84, 5317148
0.55, 2.93, 25.00, 73.25, 27, 84, 5328988
0.55, 3.26, 24.92, 81.13, 27, 84, 5340804
0.55, 3.26, 25.00, 81.39, 27, 84, 5352636
0.56, 3.26, 24.98, 81.30, 27, 84, 5364460
0.56, 2.93, 24.98, 73.17, 27, 84, 5376292
0.56, 3.26, 25.00, 81.39, 27, 84, 5388112
0.56, 3.26, 24.76, 80.60, 27, 84, 5399936
0.56, 3.26, 25.00, 81.39, 27, 84, 5411768
0.56, 3.26, 24.98, 81.30, 27, 84, 5423588
0.57, 3.26, 24.98, 81.30, 27, 84, 5435420
0.57, 3.26, 24.98, 81.30, 28, 84, 5447248
0.57, 3.26, 25.00, 81.39, 28, 84, 5459096
0.57, 3.26, 24.98, 81.30, 28, 84, 5470900
0.57, 3.26, 24.68, 80.34, 28, 84, 5482732
0.57, 3.26, 25.00, 81.39, 28, 84, 5494556
0.57, 3.26, 24.84, 80.86, 28, 84, 5506380
0.58, 1.95, 25.17, 49.15, 28, 84, 5518204
0.58, 3.26, 25.00, 81.39, 28, 84, 5530032
0.58, 3.26, 24.84, 80.86, 28, 84, 5541868
0.58, 3.26, 25.00, 81.39, 28, 84, 5553684
0.58, 3.26, 24.95, 81.22, 28, 84, 5565520
0.59, 2.93, 25.08, 73.49, 28, 84, 5577340
0.59, 3.26, 24.98, 81.30, 28, 84, 5589172
0.59, 3.26, 24.76, 80.60, 28, 84, 5600996
0.59, 3.26, 25.00, 81.39, 28, 84, 5612828
0.59, 3.26, 24.98, 81.30, 28, 84, 5624652
0.59, 3.26, 24.92, 81.13, 28, 84, 5636480
0.59, 3.26, 24.98, 81.30, 29, 84, 5648308
0.60, 3.26, 24.76, 80.60, 29, 84, 5660132
0.60, 3.26, 25.00, 81.39, 29, 84, 5671964
0.60, 3.26, 24.98, 81.30, 29, 84, 5683784
0.60, 3.26, 24.95, 81.22, 29, 84, 5695616
0.60, 3.26, 24.98, 81.30, 29, 84, 5707436
0.61, 3.58, 25.00, 89.53, 29, 84, 5719284
0.61, 3.26, 25.00, 81.39, 29, 84, 5731092
0.61, 3.26, 24.87, 80.95, 29, 84, 5742924
0.61, 3.58, 24.71, 88.47, 29, 84, 5754744
0.61, 3.58, 25.00, 89.53, 29, 84, 5766568
0.62, 2.28, 24.92, 56.79, 29, 84, 5778404
0.62, 3.58, 24.92, 89.24, 29, 84, 5790224
0.62, 3.58, 24.98, 89.43, 29, 84, 5802056
0.62, 3.26, 24.76, 80.60, 29, 84, 5813876
0.62, 3.58, 25.00, 89.53, 29, 84, 5825708
0.62, 2.93, 25.08, 73.49, 29, 84, 5837528
0.62, 3.58, 24.76, 88.66, 30, 84, 5849356
0.63, 3.58, 24.79, 88.76, 30, 84, 5861176
0.63, 3.58, 24.98, 89.43, 30, 84, 5873004
0.63, 3.58, 24.84, 88.95, 30, 84, 5884832
0.63, 3.58, 24.98, 89.43, 30, 84, 5896656
0.63, 3.58, 24.98, 89.43, 30, 84, 5908492
0.63, 3.58, 24.90, 89.14, 30, 84, 5920312
0.64, 3.58, 24.98, 89.43, 30, 84, 5932140
0.64, 3.58, 25.00, 89.53, 30, 84, 5943964
0.64, 3.58, 24.81, 88.85, 30, 84, 5955796
0.64, 3.58, 24.76, 88.66, 30, 84, 5967616
0.64, 3.58, 24.92, 89.24, 30, 84, 5979464
0.65, 3.58, 24.98, 89.43, 30, 85, 5991272
0.65, 3.58, 24.73, 88.56, 30, 84, 6003096
0.65, 3.58, 25.00, 89.53, 30, 84, 6014928
0.65, 3.58, 24.98, 89.43, 30, 84, 6026748
0.65, 2.93, 24.98, 73.17, 30, 84, 6038580
0.65, 3.58, 24.95, 89.34, 31, 85, 6050400
0.65, 3.58, 24.98, 89.43, 31, 84, 6062236
0.66, 3.58, 24.79, 88.76, 31, 84, 6074056
0.66, 3.58, 24.92, 89.24, 31, 84, 6085888
0.66, 2.93, 25.11, 73.57, 31, 84, 6097708
0.66, 3.58, 24.98, 89.43, 31, 84, 6109532
0.66, 3.91, 24.90, 97.25, 31, 84, 6121360
0.67, 3.91, 24.98, 97.56, 31, 84, 6133188
0.67, 3.91, 25.00, 97.67, 31, 84, 6145020
0.67, 3.91, 24.98, 97.56, 31, 84, 6156840
0.67, 3.91, 24.76, 96.72, 31, 84, 6168672
0.67, 3.91, 24.98, 97.56, 31, 84, 6180496
0.67, 3.91, 24.98, 97.56, 31, 84, 6192332
0.68, 3.91, 24.95, 97.46, 31, 84, 6204152
0.68, 3.91, 24.98, 97.56, 31, 84, 6215984
0.68, 3.91, 24.98, 97.56, 31, 84, 6227808
0.68, 3.91, 24.98, 97.56, 31, 84, 6239644
0.68, 3.91, 24.81, 96.93, 32, 84, 6251464
0.68, 3.91, 24.68, 96.40, 32, 84, 6263280
0.68, 3.91, 25.00, 97.67, 32, 84, 6275120
0.69, 3.91, 25.00, 97.67, 32, 84, 6286940
0.69, 3.26, 24.98, 81.30, 32, 84, 6298772
0.69, 3.91, 24.92, 97.35, 32, 84, 6310592
0.69, 3.91, 25.00, 97.67, 32, 84, 6322428
0.69, 3.91, 24.98, 97.56, 32, 84, 6334248
0.70, 3.91, 24.92, 97.35, 32, 84, 6346080
0.70, 3.26, 24.95, 81.22, 32, 84, 6357908
0.70, 3.91, 24.95, 97.46, 32, 84, 6369736
0.70, 3.91, 25.00, 97.67, 32, 84, 6381564
0.70, 3.91, 24.98, 97.56, 32, 84, 6393384
0.70, 3.91, 24.79, 96.83, 32, 84, 6405220
0.70, 3.91, 24.92, 97.35, 32, 84, 6417040
0.71, 3.91, 25.00, 97.67, 32, 84, 6428872
0.71, 3.91, 25.00, 97.67, 32, 84, 6440692
0.71, 3.91, 24.95, 97.46, 33, 84, 6452520
0.71, 3.91, 24.92, 97.35, 33, 84, 6464344
0.71, 3.91, 24.92, 97.35, 33, 84, 6476172
0.71, 4.23, 25.00, 105.81, 33, 84, 6488004
0.72, 4.23, 24.98, 105.69, 33, 84, 6499820
0.72, 4.23, 24.95, 105.58, 33, 84, 6511652
0.72, 4.23, 24.87, 105.24, 33, 84, 6523476
0.72, 4.23, 24.81, 105.01, 33, 84, 6535304
0.73, 4.23, 24.95, 105.58, 33, 84, 6547124
0.73, 3.58, 25.06, 89.72, 33, 84, 6558960
0.73, 4.23, 25.00, 105.81, 33, 84, 6570780
0.73, 4.23, 24.98, 105.69, 33, 84, 6582604
0.73, 4.23, 24.92, 105.47, 33, 84, 6594432
0.73, 4.23, 24.71, 104.55, 33, 84, 6606256
0.74, 2.93, 25.14, 73.65, 33, 84, 6618104
0.74, 4.23, 25.00, 105.81, 33, 85, 6629908
0.74, 4.23, 24.98, 105.69, 33, 84, 6641744
0.74, 4.23, 24.87, 105.24, 34, 84, 6653560
0.74, 4.23, 24.68, 104.44, 34, 84, 6665396
0.75, 4.23, 24.87, 105.24, 34, 84, 6677220
0.75, 4.23, 25.00, 105.81, 34, 84, 6689048
0.75, 4.23, 25.00, 105.81, 34, 84, 6700868
0.75, 4.23, 25.00, 105.81, 34, 84, 6712696
0.75, 4.23, 24.79, 104.89, 34, 84, 6724524
0.75, 4.23, 24.87, 105.24, 34, 84, 6736352
0.76, 4.23, 24.84, 105.12, 34, 84, 6748188
0.76, 4.23, 24.71, 104.55, 34, 84, 6760008
0.76, 4.23, 24.98, 105.69, 34, 84, 6771844
0.76, 4.23, 24.98, 105.69, 34, 84, 6783668
0.76, 4.23, 24.95, 105.58, 34, 84, 6795500
0.77, 4.23, 24.84, 105.12, 34, 84, 6807320
0.77, 3.91, 24.73, 96.62, 34, 84, 6819148
0.77, 4.23, 24.63, 104.21, 34, 84, 6830976
0.77, 4.23, 24.98, 105.69, 34, 84, 6842804
0.77, 4.23, 24.98, 105.69, 35, 84, 6854640
0.77, 4.56, 24.98, 113.82, 35, 84, 6866456
0.77, 3.26, 24.92, 81.13, 35, 84, 6878308
0.78, 4.56, 24.81, 113.09, 35, 85, 6890116
0.78, 4.56, 24.68, 112.47, 35, 84, 6901952
0.78, 4.56, 24.65, 112.35, 35, 84, 6913772
0.78, 4.56, 24.98, 113.82, 35, 84, 6925608
0.78, 4.23, 25.03, 105.92, 35, 84, 6937432
0.79, 4.56, 24.98, 113.82, 35, 84, 6949260
0.79, 4.56, 24.95, 113.70, 35, 84, 6961092
0.79, 4.56, 24.92, 113.58, 35, 84, 6972916
0.80, 4.56, 24.73, 112.72, 35, 84, 6984748
0.80, 4.56, 24.84, 113.21, 35, 84, 6996568
0.80, 4.56, 24.73, 112.72, 35, 84, 7008404
0.80, 4.56, 24.63, 112.23, 35, 84, 7020224
0.80, 4.56, 24.98, 113.82, 35, 84, 7032060
0.80, 4.56, 25.00, 113.95, 35, 84, 7043884
0.81, 4.56, 24.98, 113.82, 36, 84, 7055712
0.80, 4.56, 24.98, 113.82, 36, 84, 7067540
0.81, 4.23, 24.98, 105.69, 36, 84, 7079368
0.81, 4.56, 24.73, 112.72, 36, 84, 7091204
0.81, 4.56, 24.71, 112.59, 36, 84, 7103028
0.81, 4.56, 24.73, 112.72, 36, 84, 7114860
0.81, 4.56, 24.95, 113.70, 36, 84, 7126684
0.82, 3.58, 25.17, 90.11, 36, 84, 7138516
0.82, 4.56, 24.81, 113.09, 36, 85, 7150336
0.82, 4.56, 25.00, 113.95, 36, 84, 7162168
0.82, 4.88, 25.00, 122.09, 36, 84, 7173996
0.83, 4.88, 24.98, 121.95, 36, 84, 7185820
0.82, 4.56, 25.08, 114.32, 36, 84, 7197656
0.83, 4.88, 25.00, 122.09, 36, 84, 7209476
0.83, 4.88, 24.98, 121.95, 36, 84, 7221312
0.83, 4.56, 24.87, 113.33, 36, 84, 7233132
0.83, 4.56, 24.84, 113.21, 36, 84, 7244964
0.83, 4.88, 24.79, 121.03, 37, 84, 7256784
0.83, 4.56, 24.71, 112.59, 37, 84, 7268620
0.83, 4.88, 24.90, 121.56, 37, 84, 7280440
0.84, 4.88, 24.65, 120.37, 37, 84, 7292272
0.84, 4.88, 24.71, 120.64, 37, 84, 7304096
0.84, 4.88, 24.92, 121.69, 37, 84, 7315928
0.84, 4.88, 25.00, 122.09, 37, 84, 7327764
0.84, 4.88, 24.98, 121.95, 37, 84, 7339600
0.85, 4.88, 24.98, 121.95, 37, 84, 7351416
0.85, 4.88, 24.98, 121.95, 37, 84, 7363236
0.85, 4.88, 24.98, 121.95, 37, 84, 7375072
0.85, 4.88, 24.98, 121.95, 37, 84, 7386896
0.85, 3.58, 25.06, 89.72, 37, 84, 7398728
0.85, 4.88, 24.98, 121.95, 37, 84, 7410552
0.86, 4.88, 24.95, 121.82, 37, 84, 7422380
0.86, 4.88, 24.92, 121.69, 37, 84, 7434212
0.86, 4.88, 24.92, 121.69, 37, 84, 7446036
0.86, 4.23, 24.81, 105.01, 38, 84, 7457868
0.86, 4.88, 24.84, 121.30, 38, 84, 7469692
0.87, 4.88, 24.81, 121.16, 38, 84, 7481524
0.87, 4.88, 24.84, 121.30, 38, 84, 7493348
0.87, 5.21, 24.81, 129.24, 38, 84, 7505180
0.87, 5.21, 24.98, 130.08, 38, 84, 7517000
0.87, 5.21, 24.95, 129.94, 38, 84, 7528828
0.87, 5.21, 24.92, 129.80, 38, 84, 7540664
0.88, 5.21, 24.95, 129.94, 38, 84, 7552480
0.88, 5.21, 24.95, 129.94, 38, 84, 7564312
0.88, 5.21, 24.98, 130.08, 38, 84, 7576136
0.88, 5.21, 24.92, 129.80, 38, 84, 7587968
0.88, 5.21, 24.71, 128.68, 38, 84, 7599804
0.89, 5.21, 24.92, 129.80, 38, 84, 7611620
0.89, 5.21, 24.98, 130.08, 38, 84, 7623436
0.89, 5.21, 24.95, 129.94, 38, 84, 7635272
0.89, 5.21, 24.98, 130.08, 38, 84, 7647092
0.89, 4.23, 25.08, 106.15, 39, 84, 7658920
0.89, 5.21, 24.95, 129.94, 39, 84, 7670752
0.89, 5.21, 24.98, 130.08, 39, 84, 7682572
0.90, 5.21, 24.98, 130.08, 39, 84, 7694404
0.90, 5.21, 24.98, 130.08, 39, 84, 7706224
0.90, 4.56, 25.14, 114.56, 39, 84, 7718056
0.90, 5.21, 24.95, 129.94, 39, 84, 7729876
0.91, 5.21, 24.98, 130.08, 39, 84, 7741708
0.91, 5.21, 24.65, 128.40, 39, 84, 7753528
0.91, 5.21, 24.63, 128.26, 39, 84, 7765356
0.91, 5.21, 24.73, 128.82, 39, 84, 7777180
0.91, 5.21, 24.79, 129.10, 39, 85, 7789008
0.91, 5.21, 24.71, 128.68, 39, 84, 7800840
0.92, 5.21, 24.95, 129.94, 39, 84, 7812664
0.92, 5.21, 24.95, 129.94, 39, 84, 7824496
0.92, 5.21, 24.95, 129.94, 39, 84, 7836320
0.92, 5.21, 24.98, 130.08, 39, 84, 7848152
0.92, 5.53, 24.92, 137.92, 40, 84, 7859992
0.92, 5.53, 24.98, 138.21, 40, 84, 7871804
0.92, 5.53, 24.98, 138.21, 40, 84, 7883624
0.93, 5.53, 24.98, 138.21, 40, 84, 7895452
0.93, 5.53, 24.98, 138.21, 40, 84, 7907284
0.93, 4.88, 25.06, 122.35, 40, 84, 7919104
0.93, 5.53, 24.81, 137.32, 40, 84, 7930936
0.93, 5.53, 24.71, 136.72, 40, 84, 7942756
0.94, 5.53, 24.63, 136.27, 40, 84, 7954588
0.94, 5.53, 24.71, 136.72, 40, 84, 7966408
0.94, 4.23, 24.84, 105.12, 40, 84, 7978256
0.94, 5.53, 24.95, 138.07, 40, 84, 7990060
0.94, 5.53, 24.95, 138.07, 40, 84, 8001888
0.94, 5.53, 25.00, 138.36, 40, 84, 8013716
0.94, 5.53, 24.98, 138.21, 40, 84, 8025540
0.95, 5.53, 24.98, 138.21, 40, 84, 8037368
0.95, 5.53, 24.60, 136.13, 40, 84, 8049192
0.95, 5.53, 24.73, 136.87, 41, 84, 8061024
0.95, 5.53, 24.68, 136.57, 41, 84, 8072844
0.95, 5.53, 24.71, 136.72, 41, 84, 8084676
0.95, 5.53, 24.90, 137.77, 41, 84, 8096496
0.95, 5.53, 24.95, 138.07, 41, 84, 8108328
0.96, 5.53, 24.98, 138.21, 41, 84, 8120148
0.96, 5.53, 24.98, 138.21, 41, 84, 8131976
0.96, 5.53, 24.98, 138.21, 41, 84, 8143812
0.96, 5.86, 24.92, 146.03, 41, 84, 8155632
0.97, 5.86, 24.95, 146.19, 41, 84, 8167464
0.97, 4.88, 24.71, 120.64, 41, 84, 8179288
0.97, 5.86, 24.65, 144.45, 41, 84, 8191120
0.97, 5.86, 24.73, 144.92, 41, 84, 8202944
0.97, 5.86, 24.87, 145.71, 41, 84, 8214776
0.97, 5.86, 24.98, 146.35, 41, 84, 8226600
0.97, 4.56, 25.00, 113.95, 41, 84, 8238440
0.97, 5.86, 24.98, 146.35, 41, 84, 8250256
0.98, 5.86, 24.98, 146.35, 42, 84, 8262084
0.98, 5.86, 24.98, 146.35, 42, 84, 8273916
0.98, 5.86, 24.84, 145.55, 42, 84, 8285740
0.98, 5.86, 24.71, 144.76, 42, 84, 8297572
0.98, 5.86, 24.68, 144.61, 42, 84, 8309396
0.99, 5.86, 24.81, 145.40, 42, 84, 8321228
0.99, 5.86, 24.95, 146.19, 42, 84, 8333052
0.99, 5.86, 24.95, 146.19, 42, 84, 8344884
0.99, 5.86, 24.98, 146.35, 42, 84, 8356708
0.99, 5.86, 24.95, 146.19, 42, 84, 8368540
0.99, 5.86, 24.98, 146.35, 42, 84, 8380372
0.99, 5.86, 24.65, 144.45, 42, 84, 8392196
1.00, 5.86, 24.71, 144.76, 42, 84, 8404024
1.00, 5.86, 24.95, 146.19, 42, 84, 8415848
1.00, 5.86, 24.98, 146.35, 42, 84, 8427680
1.00, 5.53, 25.03, 138.51, 42, 84, 8439500
1.00, 5.86, 24.95, 146.19, 42, 84, 8451328
1.00, 5.86, 24.68, 144.61, 43, 84, 8463156
1.00, 5.86, 24.76, 145.08, 43, 84, 8474980
1.01, 5.86, 24.95, 146.19, 43, 84, 8486808
1.01, 4.88, 25.03, 122.22, 43, 84, 8498652
1.01, 6.18, 24.98, 154.48, 43, 84, 8510464
1.01, 6.18, 24.81, 153.47, 43, 84, 8522288
1.01, 6.18, 24.57, 151.97, 43, 84, 8534120
1.01, 6.18, 24.68, 152.64, 43, 84, 8545940
1.02, 5.86, 24.87, 145.71, 43, 84, 8557776
1.02, 6.18, 24.98, 154.48, 43, 84, 8569596
1.02, 6.18, 24.98, 154.48, 43, 84, 8581432
1.02, 6.18, 24.81, 153.47, 43, 84, 8593252
1.02, 6.18, 24.71, 152.81, 43, 84, 8605080
1.03, 6.18, 24.76, 153.14, 43, 84, 8616912
1.03, 6.18, 24.95, 154.31, 43, 84, 8628732
1.03, 6.18, 24.98, 154.48, 43, 84, 8640564
1.03, 6.18, 24.95, 154.31, 43, 84, 8652388
1.03, 6.18, 24.68, 152.64, 44, 84, 8664216
1.03, 6.18, 24.79, 153.31, 44, 84, 8676036
1.03, 6.18, 24.95, 154.31, 44, 84, 8687868
1.04, 5.86, 24.95, 146.19, 44, 84, 8699688
1.04, 6.18, 24.79, 153.31, 44, 84, 8711516
1.04, 6.18, 24.71, 152.81, 44, 84, 8723348
1.04, 6.18, 24.84, 153.64, 44, 84, 8735176
1.04, 6.18, 24.98, 154.48, 44, 84, 8747008
1.05, 4.88, 25.19, 123.01, 44, 84, 8758832
1.05, 6.18, 24.95, 154.31, 44, 84, 8770664
1.05, 6.18, 24.63, 152.31, 44, 84, 8782484
1.05, 6.18, 24.84, 153.64, 44, 84, 8794316
1.05, 6.18, 24.98, 154.48, 44, 84, 8806136
1.05, 5.86, 25.08, 146.98, 44, 84, 8817972
1.06, 6.18, 24.65, 152.47, 44, 84, 8829788
1.05, 6.18, 24.79, 153.31, 44, 84, 8841616
1.06, 6.51, 24.92, 162.25, 44, 84, 8853448
1.06, 6.18, 24.98, 154.48, 45, 84, 8865268
1.06, 6.51, 24.98, 162.61, 45, 84, 8877100
1.06, 6.51, 24.71, 160.85, 45, 84, 8888916
1.06, 6.51, 24.84, 161.73, 45, 84, 8900752
1.07, 6.51, 24.95, 162.43, 45, 84, 8912572
1.07, 6.51, 24.98, 162.61, 45, 84, 8924404
1.07, 6.51, 24.68, 160.67, 45, 84, 8936224
1.07, 6.51, 24.79, 161.38, 45, 84, 8948048
1.08, 6.51, 24.84, 161.73, 45, 84, 8959892
1.08, 6.51, 24.98, 162.61, 45, 84, 8971708
1.08, 6.51, 24.76, 161.20, 45, 84, 8983540
1.08, 6.51, 24.90, 162.08, 45, 84, 8995356
1.08, 6.51, 24.98, 162.61, 45, 84, 9007192
1.08, 5.21, 25.14, 130.93, 45, 84, 9019012
1.08, 6.51, 24.57, 159.97, 45, 84, 9030848
1.09, 6.51, 24.87, 161.90, 45, 84, 9042672
1.09, 6.51, 24.95, 162.43, 45, 84, 9054504
1.09, 6.51, 24.71, 160.85, 46, 84, 9066328
1.09, 5.86, 24.71, 144.76, 46, 84, 9078156
1.09, 6.84, 24.90, 170.18, 46, 84, 9089988
1.09, 6.84, 24.79, 169.45, 46, 84, 9101808
1.10, 6.51, 24.60, 160.15, 46, 84, 9113644
1.10, 6.51, 24.84, 161.73, 46, 84, 9125468
1.10, 6.84, 24.95, 170.55, 46, 84, 9137300
1.10, 6.84, 24.95, 170.55, 46, 84, 9149124
1.10, 6.84, 24.65, 168.52, 46, 84, 9160960
1.11, 6.84, 24.95, 170.55, 46, 84, 9172776
1.11, 6.84, 24.98, 170.74, 46, 84, 9184604
1.11, 6.84, 24.63, 168.34, 46, 84, 9196428
1.11, 6.84, 24.87, 170.00, 46, 84, 9208256
1.11, 6.84, 24.76, 169.26, 46, 84, 9220104
1.11, 6.84, 24.79, 169.45, 46, 85, 9231908
1.11, 6.84, 24.65, 168.52, 46, 84, 9243740
1.12, 6.84, 24.90, 170.18, 46, 84, 9255560
1.12, 6.84, 24.95, 170.55, 47, 84, 9267392
1.12, 5.53, 24.79, 137.17, 47, 84, 9279216
1.12, 6.84, 24.90, 170.18, 47, 84, 9291044
1.12, 6.84, 24.95, 170.55, 47, 84, 9302864
1.12, 6.84, 24.60, 168.15, 47, 84, 9314692
1.13, 6.84, 24.84, 169.81, 47, 84, 9326520
1.13, 6.18, 25.11, 155.31, 47, 84, 9338344
1.13, 6.84, 24.60, 168.15, 47, 84, 9350176
1.13, 6.84, 24.95, 170.55, 47, 84, 9361996
1.14, 6.84, 24.98, 170.74, 47, 84, 9373828
1.14, 6.84, 24.60, 168.15, 47, 84, 9385648
1.14, 6.84, 24.92, 170.37, 47, 84, 9397480
1.14, 6.84, 24.95, 170.55, 47, 84, 9409300
1.14, 7.16, 24.57, 175.97, 47, 84, 9421128
1.14, 6.84, 24.92, 170.37, 47, 84, 9432956
1.15, 7.16, 24.95, 178.67, 47, 84, 9444780
1.15, 7.16, 24.63, 176.36, 47, 84, 9456612
1.15, 7.16, 24.92, 178.48, 48, 84, 9468432
1.15, 7.16, 24.98, 178.87, 48, 84, 9480280
1.15, 7.16, 24.63, 176.36, 48, 84, 9492084
1.15, 7.16, 24.90, 178.29, 48, 84, 9503920
1.16, 7.16, 24.98, 178.87, 48, 84, 9515740
1.16, 7.16, 24.57, 175.97, 48, 84, 9527576
1.16, 6.51, 24.98, 162.61, 48, 84, 9539396
1.16, 7.16, 24.95, 178.67, 48, 84, 9551224
1.16, 7.16, 24.60, 176.16, 48, 84, 9563052
1.16, 7.16, 24.95, 178.67, 48, 84, 9574880
1.17, 7.16, 24.95, 178.67, 48, 84, 9586712
1.17, 5.86, 24.71, 144.76, 48, 84, 9598548
1.17, 7.16, 24.92, 178.48, 48, 84, 9610368
1.17, 7.16, 24.98, 178.87, 48, 84, 9622192
1.17, 7.16, 24.63, 176.36, 48, 84, 9634020
1.17, 7.16, 24.98, 178.87, 48, 84, 9645840
1.17, 7.16, 24.98, 178.87, 48, 84, 9657676
1.17, 7.16, 24.81, 177.71, 49, 84, 9669496
1.18, 7.16, 24.98, 178.87, 49, 84, 9681320
1.17, 7.16, 24.92, 178.48, 49, 84, 9693152
1.18, 7.16, 24.81, 177.71, 49, 84, 9704976
1.18, 7.16, 24.95, 178.67, 49, 84, 9716808
1.18, 7.16, 24.65, 176.55, 49, 84, 9728628
1.18, 7.16, 24.65, 176.55, 49, 84, 9740468
1.18, 7.16, 24.98, 178.87, 49, 84, 9752284
1.19, 7.16, 24.68, 176.74, 49, 84, 9764120
1.19, 7.16, 24.92, 178.48, 49, 84, 9775940
1.19, 7.49, 24.98, 187.00, 49, 84, 9787772
1.19, 6.84, 24.71, 168.89, 49, 84, 9799596
1.19, 7.49, 24.95, 186.79, 49, 84, 9811424
1.20, 7.49, 24.84, 185.99, 49, 84, 9823256
1.20, 7.49, 24.92, 186.59, 49, 84, 9835076
1.20, 7.16, 24.98, 178.87, 49, 84, 9846908
1.20, 6.18, 24.84, 153.64, 49, 84, 9858744
1.20, 7.49, 24.95, 186.79, 50, 84, 9870560
1.20, 7.49, 24.60, 184.17, 50, 84, 9882380
1.20, 7.49, 24.76, 185.38, 50, 84, 9894212
1.20, 7.49, 24.81, 185.78, 50, 84, 9906032
1.21, 7.49, 24.71, 184.98, 50, 84, 9917856
1.21, 7.49, 24.92, 186.59, 50, 84, 9929692
1.21, 7.49, 24.81, 185.78, 50, 84, 9941516
1.21, 7.49, 24.76, 185.38, 50, 84, 9953348
1.21, 7.49, 24.95, 186.79, 50, 84, 9965172
1.22, 7.49, 24.54, 183.77, 50, 84, 9977004
1.22, 7.49, 24.98, 187.00, 50, 84, 9988824
1.22, 7.49, 24.90, 186.39, 50, 84, 10000656
1.22, 7.49, 24.79, 185.58, 50, 84, 10012476
1.23, 7.49, 24.98, 187.00, 50, 84, 10024304
1.23, 7.49, 24.79, 185.58, 50, 84, 10036128
1.23, 7.49, 24.95, 186.79, 50, 84, 10047956
1.23, 7.16, 24.84, 177.90, 50, 84, 10059788
1.23, 7.49, 24.95, 186.79, 51, 85, 10071608
1.23, 7.49, 24.60, 184.17, 51, 84, 10083440
1.23, 7.49, 24.92, 186.59, 51, 84, 10095260
1.23, 7.81, 24.90, 194.49, 51, 84, 10107088
1.24, 6.51, 24.84, 161.73, 51, 84, 10118924
1.24, 7.81, 24.92, 194.71, 51, 84, 10130740
1.24, 7.81, 24.79, 193.65, 51, 84, 10142564
1.24, 7.81, 24.92, 194.71, 51, 84, 10154388
1.24, 7.81, 24.68, 192.81, 51, 84, 10166220
1.25, 7.49, 25.03, 187.40, 51, 84, 10178044
1.25, 7.81, 24.65, 192.60, 51, 84, 10189876
1.25, 7.81, 24.95, 194.92, 51, 84, 10201700
1.25, 7.81, 24.68, 192.81, 51, 84, 10213532
1.26, 7.81, 24.90, 194.49, 51, 84, 10225352
1.26, 7.81, 24.84, 194.07, 51, 84, 10237188
1.26, 7.81, 24.92, 194.71, 51, 84, 10249008
1.26, 7.81, 24.92, 194.71, 51, 84, 10260836
1.26, 7.81, 24.76, 193.44, 52, 84, 10272664
1.26, 7.81, 24.95, 194.92, 52, 84, 10284492
1.26, 7.81, 24.65, 192.60, 52, 84, 10296328
1.27, 7.81, 24.87, 194.28, 52, 84, 10308144
1.27, 7.49, 24.65, 184.57, 52, 84, 10319980
1.27, 7.81, 24.95, 194.92, 52, 84, 10331796
1.27, 7.81, 24.63, 192.39, 52, 84, 10343628
1.27, 8.14, 24.98, 203.26, 52, 84, 10355448
1.28, 8.14, 24.76, 201.50, 52, 84, 10367284
1.28, 6.84, 25.14, 171.84, 52, 84, 10379104
1.28, 8.14, 24.54, 199.75, 52, 84, 10390928
1.28, 8.14, 24.73, 201.28, 52, 84, 10402764
1.28, 8.14, 24.79, 201.72, 52, 84, 10414584
1.28, 8.14, 24.81, 201.94, 52, 84, 10426412
1.28, 7.81, 24.92, 194.71, 52, 84, 10438236
1.29, 8.14, 24.73, 201.28, 52, 84, 10450068
1.29, 8.14, 24.65, 200.62, 52, 84, 10461888
1.29, 8.14, 24.81, 201.94, 53, 84, 10473724
1.29, 8.14, 24.54, 199.75, 53, 84, 10485544
1.29, 8.14, 24.95, 203.04, 53, 84, 10497368
1.29, 8.14, 24.68, 200.84, 53, 84, 10509196
1.30, 8.14, 24.79, 201.72, 53, 84, 10521024
1.30, 8.14, 24.92, 202.82, 53, 84, 10532856
1.30, 8.14, 24.81, 201.94, 53, 84, 10544684
1.31, 8.14, 24.95, 203.04, 53, 84, 10556512
1.31, 8.14, 24.65, 200.62, 53, 84, 10568340
1.31, 7.81, 24.98, 195.13, 53, 84, 10580172
1.31, 8.14, 24.68, 200.84, 53, 84, 10591996
1.32, 8.46, 24.95, 211.16, 53, 84, 10603828
1.32, 8.14, 24.65, 200.62, 53, 84, 10615652
1.32, 8.46, 24.95, 211.16, 53, 84, 10627480
1.32, 7.16, 24.79, 177.51, 53, 84, 10639312
1.32, 8.46, 24.95, 211.16, 53, 84, 10651136
1.32, 8.46, 24.63, 208.42, 53, 84, 10662964
1.32, 8.46, 24.95, 211.16, 54, 84, 10674788
1.32, 8.46, 24.73, 209.33, 54, 84, 10686620
1.33, 7.81, 25.08, 195.97, 54, 84, 10698444
1.33, 8.46, 24.71, 209.10, 54, 84, 10710280
1.33, 8.46, 24.92, 210.93, 54, 84, 10722100
1.33, 8.46, 24.76, 209.56, 54, 84, 10733928
1.33, 8.46, 24.90, 210.70, 54, 84, 10745760
1.34, 8.46, 24.71, 209.10, 54, 84, 10757588
1.34, 8.46, 24.95, 211.16, 54, 84, 10769420
1.34, 8.46, 24.90, 210.70, 54, 84, 10781240
1.34, 8.46, 24.65, 208.65, 54, 84, 10793072
1.34, 8.46, 24.90, 210.70, 54, 84, 10804892
1.35, 8.46, 24.52, 207.51, 54, 84, 10816724
1.35, 8.46, 24.95, 211.16, 54, 84, 10828544
1.35, 8.46, 24.95, 211.16, 54, 84, 10840392
1.35, 8.46, 24.92, 210.93, 54, 85, 10852196
1.35, 8.46, 24.73, 209.33, 54, 84, 10864024
1.35, 8.46, 24.95, 211.16, 55, 84, 10875860
1.35, 8.46, 24.87, 210.47, 55, 84, 10887680
1.36, 7.49, 24.68, 184.78, 55, 84, 10899508
1.36, 8.79, 24.95, 219.28, 55, 84, 10911332
1.36, 8.79, 24.60, 216.20, 55, 84, 10923164
1.36, 8.79, 24.92, 219.04, 55, 84, 10934984
1.37, 8.79, 24.90, 218.81, 55, 84, 10946816
1.37, 8.14, 24.76, 201.50, 55, 84, 10958636
1.37, 8.79, 24.95, 219.28, 55, 84, 10970464
1.38, 8.79, 24.65, 216.67, 55, 84, 10982292
1.38, 8.79, 24.79, 217.86, 55, 84, 10994120
1.38, 8.79, 24.73, 217.38, 55, 84, 11005952
1.38, 8.79, 24.63, 216.44, 55, 84, 11017768
1.38, 8.79, 24.92, 219.04, 55, 84, 11029604
1.38, 8.79, 24.57, 215.96, 55, 84, 11041420
1.39, 8.79, 24.92, 219.04, 55, 84, 11053256
1.39, 8.79, 24.76, 217.62, 55, 84, 11065076
1.39, 8.79, 24.95, 219.28, 56, 84, 11076904
1.39, 8.79, 24.92, 219.04, 56, 84, 11088724
1.39, 9.11, 24.52, 223.47, 56, 84, 11100564
1.40, 8.79, 24.92, 219.04, 56, 84, 11112384
1.40, 9.11, 24.92, 227.16, 56, 84, 11124204
1.40, 9.11, 24.60, 224.21, 56, 84, 11136036
1.40, 9.11, 24.65, 224.70, 56, 84, 11147856
1.41, 8.14, 24.87, 202.38, 56, 84, 11159688
1.41, 9.11, 24.57, 223.96, 56, 84, 11171512
1.41, 9.11, 24.98, 227.65, 56, 84, 11183340
1.41, 9.11, 24.71, 225.19, 56, 84, 11195160
1.41, 9.11, 24.65, 224.70, 56, 84, 11206988
1.41, 7.81, 24.98, 195.13, 56, 84, 11218832
1.41, 9.11, 24.76, 225.68, 56, 85, 11230640
1.42, 9.11, 24.79, 225.93, 56, 84, 11242472
1.42, 9.11, 24.95, 227.40, 56, 84, 11254296
1.42, 9.11, 24.57, 223.96, 56, 84, 11266124
1.42, 9.11, 24.95, 227.40, 57, 84, 11277948
1.42, 9.11, 24.68, 224.94, 57, 84, 11289780
1.42, 9.11, 24.54, 223.71, 57, 84, 11301600
1.43, 9.44, 24.95, 235.52, 57, 84, 11313436
1.43, 9.44, 24.84, 234.51, 57, 84, 11325252
1.44, 9.44, 24.57, 231.96, 57, 84, 11337080
1.44, 9.44, 24.92, 235.27, 57, 84, 11348904
1.45, 9.44, 24.60, 232.21, 57, 84, 11360744
1.45, 9.44, 24.65, 232.72, 57, 84, 11372564
1.45, 9.44, 24.92, 235.27, 57, 84, 11384380
1.46, 9.44, 24.84, 234.51, 57, 84, 11396216
1.46, 9.44, 24.54, 231.70, 57, 84, 11408036
1.46, 8.79, 24.87, 218.57, 57, 84, 11419868
1.47, 9.44, 24.95, 235.52, 57, 84, 11431688
1.46, 9.44, 24.63, 232.47, 57, 84, 11443520
1.47, 9.44, 24.65, 232.72, 57, 84, 11455340
1.47, 9.44, 24.95, 235.52, 57, 84, 11467164
1.47, 8.46, 24.73, 209.33, 58, 84, 11479012
1.47, 9.77, 24.49, 239.17, 58, 85, 11490816
1.47, 9.77, 24.95, 243.65, 58, 84, 11502652
1.48, 9.77, 24.90, 243.12, 58, 84, 11514468
1.48, 9.77, 24.57, 239.96, 58, 84, 11526300
1.49, 9.77, 25.00, 244.17, 58, 84, 11538124
1.49, 9.77, 24.92, 243.38, 58, 84, 11549952
1.49, 9.77, 24.63, 240.48, 58, 84, 11561776
1.50, 9.77, 24.52, 239.43, 58, 84, 11573600
1.50, 9.77, 24.95, 243.65, 58, 84, 11585428
1.50, 9.77, 24.79, 242.06, 58, 84, 11597252
1.50, 9.77, 24.52, 239.43, 58, 84, 11609088
1.51, 10.09, 24.95, 251.77, 58, 84, 11620912
1.51, 10.09, 24.84, 250.68, 58, 84, 11632744
1.51, 10.09, 24.57, 247.96, 58, 84, 11644560
1.52, 10.09, 24.84, 250.68, 58, 84, 11656396
1.52, 10.09, 24.92, 251.49, 58, 84, 11668216
1.52, 9.44, 24.87, 234.76, 59, 84, 11680048
1.52, 10.09, 24.60, 248.23, 59, 84, 11691872
1.52, 10.09, 24.52, 247.41, 59, 84, 11703692
1.53, 10.09, 24.95, 251.77, 59, 84, 11715528
1.53, 10.09, 24.84, 250.68, 59, 84, 11727352
1.54, 9.11, 25.00, 227.89, 59, 84, 11739200
1.54, 10.42, 24.52, 255.39, 59, 85, 11751004
1.54, 10.42, 24.92, 259.61, 59, 84, 11762840
1.55, 10.42, 24.87, 259.05, 59, 84, 11774660
1.55, 10.42, 24.54, 255.67, 59, 84, 11786500
1.56, 10.09, 24.84, 250.68, 59, 84, 11798324
1.56, 10.42, 24.95, 259.89, 59, 84, 11810152
1.56, 10.42, 24.71, 257.36, 59, 84, 11821984
1.56, 10.42, 24.49, 255.11, 59, 84, 11833812
1.57, 10.42, 24.95, 259.89, 59, 84, 11845644
1.57, 10.42, 24.87, 259.05, 59, 84, 11857468
1.57, 10.42, 24.60, 256.24, 59, 84, 11869304
1.57, 10.42, 24.49, 255.11, 60, 84, 11881128
1.58, 10.74, 24.92, 267.72, 60, 84, 11892964
1.58, 10.74, 24.84, 266.85, 60, 84, 11904788
1.58, 10.74, 24.52, 263.37, 60, 84, 11916620
1.59, 10.74, 24.52, 263.37, 60, 84, 11928444
1.59, 10.42, 24.98, 260.17, 60, 84, 11940272
1.60, 10.74, 24.79, 266.27, 60, 84, 11952108
1.60, 11.07, 24.63, 272.55, 60, 84, 11963932
1.61, 11.07, 24.73, 273.74, 60, 84, 11975772
1.61, 11.07, 24.92, 275.83, 60, 84, 11987592
1.62, 9.77, 24.92, 243.38, 60, 84, 11999432
1.62, 11.07, 24.71, 273.44, 60, 84, 12011256
1.62, 11.07, 24.54, 271.65, 60, 84, 12023088
1.62, 11.07, 24.60, 272.25, 60, 84, 12034912
1.62, 11.07, 24.92, 275.83, 60, 84, 12046740
1.62, 10.42, 24.73, 257.64, 60, 84, 12058576
1.63, 11.07, 24.63, 272.55, 60, 85, 12070396
1.63, 11.07, 24.49, 271.06, 61, 84, 12082236
1.63, 11.07, 24.84, 274.94, 61, 84, 12094060
1.63, 11.39, 24.95, 284.25, 61, 84, 12105896
1.64, 11.39, 24.92, 283.95, 61, 84, 12117716
1.65, 11.39, 24.68, 281.18, 61, 84, 12129556
1.65, 11.72, 24.57, 287.95, 61, 84, 12141380
1.66, 11.39, 24.52, 279.34, 61, 84, 12153208
1.67, 11.39, 24.90, 283.64, 61, 84, 12165036
1.67, 11.39, 24.92, 283.95, 61, 84, 12176868
1.67, 11.72, 24.90, 291.74, 61, 84, 12188704
1.68, 11.72, 24.60, 288.27, 61, 84, 12200540
1.68, 11.39, 24.52, 279.34, 61, 84, 12212364
1.68, 11.39, 24.49, 279.03, 61, 84, 12224184
1.69, 11.39, 24.63, 280.57, 61, 84, 12236020
1.69, 11.39, 24.90, 283.64, 61, 84, 12247844
1.69, 10.42, 25.14, 261.85, 61, 84, 12259676
1.69, 11.39, 24.90, 283.64, 61, 84, 12271504
1.69, 11.39, 24.73, 281.79, 62, 84, 12283332
1.69, 11.72, 24.57, 287.95, 62, 84, 12295168
1.69, 11.72, 24.54, 287.63, 62, 84, 12306988
1.70, 11.07, 25.06, 277.33, 62, 84, 12318824
1.70, 11.72, 24.92, 292.06, 62, 84, 12330648
1.71, 11.72, 24.90, 291.74, 62, 84, 12342484
1.71, 11.72, 24.87, 291.43, 62, 84, 12354308
1.71, 11.72, 24.65, 288.90, 62, 84, 12366144
1.72, 11.72, 24.68, 289.21, 62, 84, 12377964
1.72, 11.72, 24.54, 287.63, 62, 84, 12389796
1.72, 11.72, 24.52, 287.32, 62, 84, 12401628
1.72, 11.72, 24.57, 287.95, 62, 84, 12413456
1.72, 11.72, 24.90, 291.74, 62, 84, 12425292
1.73, 11.72, 24.92, 292.06, 62, 84, 12437116
1.73, 11.72, 24.92, 292.06, 62, 84, 12448952
1.73, 11.72, 24.60, 288.27, 62, 84, 12460788
1.73, 11.72, 24.57, 287.95, 62, 84, 12472608
1.73, 11.72, 24.54, 287.63, 63, 84, 12484432
1.73, 12.04, 24.49, 294.97, 63, 84, 12496264
1.73, 12.04, 24.60, 296.27, 63, 84, 12508100
1.74, 11.07, 24.73, 273.74, 63, 84, 12519924
1.75, 12.37, 24.95, 308.62, 63, 84, 12531764
1.76, 12.37, 24.90, 307.95, 63, 84, 12543588
1.76, 12.37, 24.81, 306.95, 63, 84, 12555424
1.77, 12.37, 24.71, 305.61, 63, 84, 12567248
1.77, 11.07, 24.68, 273.15, 63, 84, 12579104
1.77, 12.37, 24.54, 303.61, 63, 84, 12590908
1.78, 12.37, 24.54, 303.61, 63, 84, 12602740
1.78, 12.37, 24.49, 302.95, 63, 84, 12614572
1.78, 12.37, 24.52, 303.28, 63, 84, 12626400
1.78, 12.37, 24.65, 304.95, 63, 84, 12638232
1.78, 12.37, 24.49, 302.95, 63, 84, 12650060
1.78, 12.37, 24.92, 308.28, 63, 84, 12661896
1.79, 12.37, 24.90, 307.95, 63, 84, 12673720
1.79, 12.37, 24.92, 308.28, 64, 84, 12685556
1.79, 12.37, 24.90, 307.95, 64, 84, 12697376
1.79, 12.70, 24.92, 316.40, 64, 84, 12709204
1.80, 12.70, 24.84, 315.37, 64, 84, 12721052
1.80, 12.70, 24.92, 316.40, 64, 84, 12732868
1.81, 12.70, 24.92, 316.40, 64, 84, 12744700
1.81, 12.70, 24.92, 316.40, 64, 84, 12756524
1.81, 12.70, 24.92, 316.40, 64, 84, 12768360
1.82, 12.04, 25.03, 301.47, 64, 84, 12780184
1.81, 12.70, 24.92, 316.40, 64, 84, 12792020
1.82, 12.70, 24.95, 316.74, 64, 84, 12803844
1.82, 12.70, 24.92, 316.40, 64, 84, 12815680
1.82, 12.70, 24.92, 316.40, 64, 84, 12827504
1.82, 11.39, 24.95, 284.25, 64, 84, 12839352
1.82, 12.70, 24.81, 315.03, 64, 84, 12851172
1.82, 12.70, 24.81, 315.03, 64, 84, 12862992
1.82, 12.70, 24.84, 315.37, 64, 84, 12874828
1.82, 12.70, 24.84, 315.37, 65, 84, 12886652
1.82, 12.37, 24.87, 307.62, 65, 84, 12898488
1.83, 13.02, 24.92, 324.51, 65, 84, 12910312
1.84, 13.35, 24.81, 331.18, 65, 84, 12922148
1.85, 13.35, 24.92, 332.62, 65, 84, 12933972
1.85, 13.35, 24.92, 332.62, 65, 84, 12945800
1.86, 13.35, 24.87, 331.90, 65, 84, 12957636
1.86, 13.35, 24.90, 332.26, 65, 84, 12969460
1.87, 13.35, 24.90, 332.26, 65, 84, 12981292
1.87, 13.35, 24.76, 330.46, 65, 84, 12993116
1.87, 13.35, 24.90, 332.26, 65, 84, 13004952
1.87, 13.35, 24.90, 332.26, 65, 84, 13016776
1.88, 13.35, 24.92, 332.62, 65, 84, 13028608
1.88, 13.02, 24.92, 324.51, 65, 84, 13040436
1.88, 13.35, 24.92, 332.62, 65, 84, 13052268
1.88, 13.02, 24.79, 322.75, 65, 84, 13064092
1.88, 13.35, 24.92, 332.62, 65, 84, 13075924
1.88, 13.35, 24.92, 332.62, 66, 84, 13087760
1.88, 12.04, 25.03, 301.47, 66, 84, 13099584
1.89, 13.35, 24.73, 330.10, 66, 84, 13111424
1.89, 13.35, 24.87, 331.90, 66, 84, 13123244
1.90, 13.35, 24.68, 329.38, 66, 84, 13135080
1.90, 13.35, 24.60, 328.30, 66, 84, 13146908
1.90, 13.35, 24.57, 327.94, 66, 84, 13158736
1.91, 13.67, 24.46, 334.47, 66, 84, 13170568
1.91, 13.67, 24.49, 334.83, 66, 84, 13182404
1.91, 13.35, 24.52, 327.22, 66, 84, 13194236
1.91, 13.35, 24.52, 327.22, 66, 84, 13206060
1.91, 13.67, 24.52, 335.20, 66, 84, 13217892
1.92, 13.67, 24.54, 335.57, 66, 84, 13229716
1.92, 13.67, 24.52, 335.20, 66, 84, 13241556
1.92, 13.67, 24.68, 337.42, 66, 84, 13253376
1.92, 13.67, 24.60, 336.31, 66, 84, 13265212
1.92, 13.35, 24.79, 330.82, 66, 84, 13277032
1.92, 13.35, 24.87, 331.90, 67, 84, 13288864
1.92, 13.02, 24.73, 322.05, 67, 84, 13300700
1.92, 13.67, 24.87, 340.00, 67, 84, 13312524
1.92, 13.67, 24.87, 340.00, 67, 84, 13324360
1.93, 13.67, 24.90, 340.37, 67, 84, 13336180
1.94, 14.00, 24.90, 348.47, 67, 84, 13348020
1.94, 12.70, 24.65, 312.97, 67, 84, 13359840
1.95, 14.00, 24.49, 342.81, 67, 84, 13371676
1.96, 14.00, 24.54, 343.56, 67, 84, 13383500
1.96, 14.00, 24.57, 343.94, 67, 84, 13395332
1.96, 14.00, 24.73, 346.20, 67, 84, 13407164
1.97, 13.35, 25.06, 334.42, 67, 84, 13418988
1.97, 14.00, 24.87, 348.09, 67, 84, 13430824
1.97, 14.00, 24.76, 346.58, 67, 84, 13442648
1.97, 14.00, 24.90, 348.47, 67, 84, 13454484
1.97, 14.00, 24.71, 345.83, 67, 84, 13466308
1.98, 14.00, 24.46, 342.43, 67, 84, 13478144
1.97, 14.00, 24.54, 343.56, 68, 84, 13489968
1.98, 14.00, 24.54, 343.56, 68, 84, 13501796
1.98, 14.00, 24.60, 344.32, 68, 84, 13513624
1.98, 14.32, 24.79, 355.03, 68, 84, 13525456
1.98, 14.32, 24.79, 355.03, 68, 84, 13537292
1.99, 14.32, 24.90, 356.57, 68, 84, 13549120
1.99, 14.32, 24.81, 355.41, 68, 84, 13560968
1.99, 14.32, 24.54, 351.55, 68, 84, 13572776
2.00, 14.32, 24.49, 350.78, 68, 84, 13584612
2.00, 14.32, 24.52, 351.17, 68, 84, 13596436
2.00, 14.32, 24.57, 351.94, 68, 84, 13608268
2.01, 13.02, 24.81, 323.10, 68, 84, 13620100
2.01, 14.32, 24.84, 355.80, 68, 84, 13631932
2.01, 14.32, 24.90, 356.57, 68, 84, 13643768
2.01, 14.32, 24.73, 354.26, 68, 84, 13655592
2.01, 14.32, 24.73, 354.26, 68, 84, 13667432
2.01, 13.02, 25.06, 326.27, 68, 84, 13679276
2.01, 14.32, 24.57, 351.94, 69, 84, 13691092
2.01, 14.32, 24.52, 351.17, 69, 84, 13702920
2.02, 14.65, 24.63, 360.73, 69, 84, 13714756
2.02, 14.65, 24.84, 363.89, 69, 84, 13726580
2.03, 14.65, 24.95, 365.47, 69, 84, 13738412
2.03, 14.65, 24.54, 359.54, 69, 84, 13750248
2.04, 14.97, 24.46, 366.32, 69, 84, 13762072
2.05, 14.97, 24.46, 366.32, 69, 84, 13773908
2.05, 14.97, 24.68, 369.55, 69, 84, 13785732
2.06, 14.97, 24.87, 372.38, 69, 84, 13797568
2.06, 14.97, 24.68, 369.55, 69, 84, 13809392
2.07, 14.97, 24.90, 372.78, 69, 84, 13821240
2.07, 14.97, 24.52, 367.13, 69, 85, 13833052
2.07, 14.97, 24.65, 369.15, 69, 84, 13844880
2.07, 14.97, 24.76, 370.76, 69, 84, 13856720
2.07, 14.97, 24.87, 372.38, 69, 84, 13868544
2.08, 14.32, 24.68, 353.48, 69, 84, 13880380
2.08, 14.97, 24.49, 366.72, 70, 84, 13892208
2.08, 14.97, 24.57, 367.93, 70, 84, 13904048
2.08, 15.30, 24.87, 380.47, 70, 84, 13915872
2.08, 15.30, 24.87, 380.47, 70, 84, 13927708
2.09, 14.32, 24.84, 355.80, 70, 84, 13939552
2.10, 15.30, 24.63, 376.76, 70, 84, 13951368
2.11, 15.30, 24.68, 377.58, 70, 84, 13963204
2.11, 15.63, 24.84, 388.15, 70, 84, 13975032
2.12, 15.63, 24.54, 383.51, 70, 84, 13986868
2.12, 15.30, 24.60, 376.35, 70, 84, 13998692
2.12, 15.63, 24.68, 385.62, 70, 84, 14010532
2.13, 15.63, 24.73, 386.46, 70, 84, 14022356
2.13, 15.63, 24.46, 382.25, 70, 84, 14034192
2.13, 15.63, 24.63, 384.77, 70, 84, 14046020
2.13, 15.30, 24.84, 380.06, 70, 84, 14057852
2.13, 15.63, 24.90, 388.99, 70, 84, 14069692
2.13, 15.63, 24.49, 382.67, 70, 84, 14081512
2.13, 15.30, 24.52, 375.11, 71, 84, 14093352
2.13, 15.63, 24.87, 388.57, 71, 84, 14105176
2.13, 15.63, 24.87, 388.57, 71, 84, 14117012
2.13, 15.63, 24.52, 383.09, 71, 84, 14128836
2.14, 15.63, 24.52, 383.09, 71, 84, 14140676
2.15, 15.95, 24.84, 396.23, 71, 84, 14152500
2.15, 15.95, 24.68, 393.65, 71, 84, 14164332
2.16, 15.95, 24.49, 390.64, 71, 84, 14176160
2.16, 15.95, 24.81, 395.80, 71, 84, 14187992
2.17, 14.97, 25.00, 374.40, 71, 84, 14199828
2.17, 15.95, 24.46, 390.21, 71, 84, 14211656
2.17, 16.28, 24.49, 398.61, 71, 84, 14223492
2.18, 16.28, 24.71, 402.12, 71, 84, 14235320
2.18, 16.28, 24.87, 404.76, 71, 84, 14247156
2.18, 15.63, 24.54, 383.51, 71, 84, 14258984
2.18, 16.28, 24.71, 402.12, 71, 84, 14270816
2.18, 16.28, 24.54, 399.49, 71, 84, 14282648
2.18, 16.28, 24.46, 398.17, 72, 84, 14294480
2.18, 16.28, 24.60, 400.37, 72, 84, 14306312
2.18, 16.60, 24.54, 407.48, 72, 84, 14318132
2.19, 16.60, 24.41, 405.24, 72, 84, 14329972
2.20, 16.60, 24.63, 408.82, 72, 84, 14341796
2.21, 16.60, 24.87, 412.85, 72, 84, 14353640
2.21, 16.60, 24.41, 405.24, 72, 84, 14365464
2.22, 16.93, 24.71, 418.21, 72, 84, 14377296
2.22, 16.93, 24.49, 414.56, 72, 84, 14389120
2.23, 16.60, 24.49, 406.58, 72, 84, 14400956
2.23, 16.60, 24.73, 410.61, 72, 84, 14412792
2.24, 16.60, 24.38, 404.79, 72, 84, 14424616
2.24, 16.93, 24.52, 415.01, 72, 84, 14436448
2.23, 16.60, 24.87, 412.85, 72, 84, 14448272
2.24, 15.63, 24.63, 384.77, 72, 84, 14460108
2.24, 16.60, 24.71, 410.17, 72, 84, 14471932
2.24, 16.60, 24.52, 407.03, 72, 84, 14483768
2.24, 16.60, 24.54, 407.48, 73, 84, 14495592
2.24, 16.93, 24.73, 418.67, 73, 84, 14507424
2.24, 16.28, 24.71, 402.12, 73, 84, 14519264
2.25, 17.25, 24.41, 421.13, 73, 84, 14531088
2.26, 17.25, 24.73, 426.72, 73, 84, 14542924
2.26, 17.25, 24.46, 422.06, 73, 84, 14554752
2.27, 17.58, 24.49, 430.50, 73, 84, 14566592
2.28, 17.58, 24.71, 434.29, 73, 84, 14578412
2.28, 17.58, 24.38, 428.60, 73, 84, 14590252
2.29, 17.58, 24.71, 434.29, 73, 84, 14602076
2.29, 17.58, 24.41, 429.08, 73, 84, 14613904
2.29, 17.58, 24.52, 430.98, 73, 84, 14625744
2.29, 17.58, 24.87, 437.14, 73, 84, 14637564
2.29, 17.58, 24.41, 429.08, 73, 84, 14649400
2.30, 17.58, 24.44, 429.55, 73, 84, 14661244
2.30, 17.58, 24.52, 430.98, 73, 84, 14673064
2.30, 17.58, 24.60, 432.40, 73, 84, 14684884
2.30, 17.25, 24.84, 428.58, 74, 84, 14696720
2.30, 17.58, 24.38, 428.60, 74, 84, 14708544
2.31, 16.60, 25.00, 415.09, 74, 84, 14720372
2.31, 17.58, 24.46, 430.03, 74, 84, 14732204
2.32, 17.90, 24.60, 440.41, 74, 84, 14744036
2.32, 17.90, 24.65, 441.37, 74, 84, 14755872
2.33, 17.90, 24.52, 438.96, 74, 84, 14767692
2.34, 16.93, 24.81, 420.04, 74, 84, 14779544
2.34, 17.90, 24.49, 438.47, 74, 84, 14791352
2.34, 17.90, 24.71, 442.34, 74, 84, 14803188
2.35, 17.90, 24.44, 437.51, 74, 84, 14815012
2.35, 17.90, 24.60, 440.41, 74, 84, 14826844
2.35, 18.23, 24.44, 445.46, 74, 84, 14838672
2.36, 18.23, 24.63, 448.90, 74, 84, 14850500
2.36, 18.23, 24.52, 446.94, 74, 84, 14862336
2.36, 18.23, 24.57, 447.92, 74, 84, 14874164
2.37, 17.90, 24.81, 444.27, 74, 84, 14886000
2.37, 17.90, 24.49, 438.47, 75, 84, 14897820
2.36, 18.23, 24.79, 451.85, 75, 84, 14909660
2.36, 18.55, 24.38, 452.42, 75, 84, 14921500
2.37, 18.55, 24.76, 459.42, 75, 84, 14933316
2.39, 18.55, 24.44, 453.42, 75, 84, 14945140
2.39, 18.55, 24.81, 460.42, 75, 84, 14956972
2.40, 18.55, 24.38, 452.42, 75, 84, 14968808
2.40, 17.90, 24.79, 443.79, 75, 84, 14980632
2.40, 18.55, 24.52, 454.92, 75, 84, 14992468
2.40, 18.55, 24.57, 455.92, 75, 84, 15004288
2.41, 18.55, 24.52, 454.92, 75, 84, 15016128
2.41, 18.55, 24.60, 456.42, 75, 84, 15027952
2.41, 17.58, 24.92, 438.09, 75, 84, 15039800
2.41, 18.55, 24.60, 456.42, 75, 85, 15051612
2.41, 18.55, 24.41, 452.92, 75, 84, 15063444
2.41, 18.55, 24.54, 455.42, 75, 84, 15075280
2.41, 18.55, 24.49, 454.42, 75, 84, 15087104
2.41, 18.23, 24.60, 448.41, 76, 84, 15098940
2.41, 18.88, 24.65, 465.45, 76, 84, 15110760
2.41, 18.88, 24.63, 464.94, 76, 84, 15122600
2.42, 19.21, 24.38, 468.29, 76, 84, 15134424
2.43, 19.21, 24.65, 473.47, 76, 84, 15146260
2.44, 19.21, 24.41, 468.81, 76, 84, 15158088
2.45, 19.21, 24.57, 471.92, 76, 84, 15169924
2.45, 19.53, 24.36, 475.70, 76, 84, 15181756
2.46, 19.53, 24.73, 483.08, 76, 84, 15193584
2.47, 19.53, 24.38, 476.23, 76, 84, 15205424
2.47, 19.53, 24.68, 482.02, 76, 84, 15217248
2.47, 19.53, 24.44, 477.28, 76, 84, 15229084
2.47, 18.88, 24.73, 466.97, 76, 84, 15240908
2.47, 19.21, 24.52, 470.88, 76, 84, 15252744
2.47, 19.21, 24.52, 470.88, 76, 84, 15264568
2.47, 19.21, 24.49, 470.36, 76, 84, 15276396
2.47, 19.21, 24.38, 468.29, 76, 84, 15288232
2.47, 17.90, 24.84, 444.75, 77, 84, 15300060
2.47, 19.21, 24.33, 467.25, 77, 84, 15311896
2.47, 19.53, 24.73, 483.08, 77, 84, 15323720
2.47, 19.53, 24.36, 475.70, 77, 84, 15335556
2.48, 19.53, 24.87, 485.71, 77, 84, 15347380
2.49, 19.21, 24.65, 473.47, 77, 84, 15359216
2.49, 19.86, 24.44, 485.24, 77, 84, 15371036
2.50, 19.86, 24.52, 486.84, 77, 84, 15382868
2.50, 19.86, 24.41, 484.70, 77, 84, 15394700
2.51, 19.86, 24.65, 489.52, 77, 84, 15406528
2.51, 19.86, 24.46, 485.77, 77, 84, 15418364
2.51, 19.86, 24.33, 483.09, 77, 84, 15430188
2.51, 20.18, 24.46, 493.73, 77, 84, 15442024
2.52, 19.86, 24.44, 485.24, 77, 84, 15453848
2.52, 19.86, 24.71, 490.59, 77, 84, 15465688
2.52, 19.86, 24.41, 484.70, 77, 84, 15477512
2.52, 19.86, 24.81, 492.73, 77, 84, 15489352
2.52, 19.53, 24.57, 479.92, 78, 84, 15501176
2.52, 20.18, 24.36, 491.56, 78, 84, 15513008
2.52, 20.18, 24.60, 496.46, 78, 84, 15524844
2.53, 20.18, 24.41, 492.65, 78, 84, 15536668
2.55, 20.18, 24.36, 491.56, 78, 84, 15548504
2.55, 19.21, 24.76, 475.54, 78, 84, 15560328
2.55, 20.51, 24.36, 499.49, 78, 84, 15572168
2.55, 20.51, 24.52, 502.80, 78, 84, 15583988
2.56, 20.18, 24.46, 493.73, 78, 84, 15595828
2.56, 20.51, 24.38, 500.04, 78, 84, 15607648
2.56, 19.53, 24.71, 482.55, 78, 84, 15619492
2.57, 20.18, 24.46, 493.73, 78, 84, 15631312
2.57, 20.51, 24.36, 499.49, 78, 84, 15643136
2.57, 20.18, 24.79, 500.27, 78, 84, 15654976
2.57, 20.18, 24.38, 492.10, 78, 84, 15666800
2.56, 20.18, 24.65, 497.55, 78, 84, 15678640
2.56, 20.18, 24.65, 497.55, 78, 84, 15690464
2.56, 20.18, 24.33, 491.01, 79, 84, 15702300
2.56, 20.51, 24.84, 509.44, 79, 84, 15714128
2.57, 20.51, 24.38, 500.04, 79, 84, 15725960
2.58, 20.83, 24.65, 513.60, 79, 84, 15737796
2.58, 20.83, 24.73, 515.28, 79, 84, 15749624
2.59, 20.83, 24.33, 506.85, 79, 84, 15761476
2.60, 20.83, 24.46, 509.66, 79, 84, 15773284
2.60, 20.83, 24.54, 511.35, 79, 84, 15785124
2.61, 20.83, 24.36, 507.41, 79, 84, 15796952
2.61, 20.83, 24.71, 514.72, 79, 84, 15808788
2.62, 19.86, 24.54, 487.38, 79, 84, 15820612
2.62, 20.83, 24.33, 506.85, 79, 84, 15832440
2.62, 20.83, 24.81, 516.97, 79, 84, 15844280
2.63, 21.16, 24.52, 518.77, 79, 84, 15856104
2.62, 20.83, 24.36, 507.41, 79, 84, 15867940
2.63, 19.86, 24.92, 494.88, 79, 84, 15879780
2.63, 21.16, 24.54, 519.34, 79, 84, 15891600
2.63, 21.16, 24.33, 514.77, 80, 84, 15903424
2.63, 21.48, 24.49, 526.17, 80, 84, 15915256
2.64, 21.48, 24.65, 529.65, 80, 84, 15927080
2.65, 21.16, 24.49, 518.20, 80, 84, 15938912
2.66, 21.48, 24.33, 522.69, 80, 84, 15950740
2.66, 21.81, 24.46, 533.55, 80, 84, 15962572
2.67, 21.81, 24.54, 535.32, 80, 84, 15974408
2.67, 21.81, 24.41, 532.38, 80, 84, 15986232
2.68, 21.81, 24.33, 530.61, 80, 84, 15998068
2.68, 21.81, 24.87, 542.38, 80, 84, 16009888
2.69, 21.81, 24.41, 532.38, 80, 84, 16021744
2.69, 21.81, 24.44, 532.96, 80, 84, 16033552
2.69, 21.81, 24.36, 531.20, 80, 84, 16045384
2.69, 21.81, 24.63, 537.08, 80, 84, 16057216
2.69, 21.81, 24.41, 532.38, 80, 84, 16069048
2.69, 20.83, 24.46, 509.66, 80, 84, 16080888
2.69, 21.81, 24.65, 537.67, 80, 84, 16092712
2.69, 21.81, 24.46, 533.55, 81, 84, 16104548
2.70, 21.81, 24.36, 531.20, 81, 84, 16116376
2.70, 22.14, 24.33, 538.53, 81, 84, 16128208
2.71, 21.16, 24.79, 524.47, 81, 84, 16140036
2.71, 22.14, 24.54, 543.31, 81, 84, 16151872
2.72, 22.14, 24.38, 539.72, 81, 84, 16163696
2.73, 22.46, 24.33, 546.45, 81, 84, 16175532
2.73, 22.46, 24.46, 549.48, 81, 84, 16187368
2.74, 22.14, 24.57, 543.90, 81, 84, 16199188
2.74, 22.46, 24.44, 548.87, 81, 84, 16211028
2.75, 22.46, 24.36, 547.06, 81, 84, 16222848
2.75, 22.46, 24.33, 546.45, 81, 84, 16234688
2.76, 22.46, 24.33, 546.45, 81, 84, 16246512
2.76, 22.46, 24.73, 555.54, 81, 84, 16258348
2.76, 22.46, 24.63, 553.11, 81, 84, 16270172
2.76, 22.46, 24.49, 550.08, 81, 84, 16282000
2.76, 22.14, 24.36, 539.13, 81, 84, 16293836
2.76, 22.46, 24.33, 546.45, 82, 84, 16305660
2.76, 22.79, 24.33, 554.37, 82, 84, 16317496
2.76, 22.79, 24.63, 561.13, 82, 84, 16329320
2.78, 22.46, 24.41, 548.27, 82, 84, 16341160
2.79, 23.11, 24.41, 564.16, 82, 84, 16352980
2.79, 23.11, 24.36, 562.91, 82, 84, 16364816
2.80, 23.11, 24.30, 561.67, 82, 84, 16376640
2.81, 23.11, 24.38, 563.54, 82, 84, 16388472
2.81, 22.14, 24.81, 549.28, 82, 84, 16400300
2.82, 23.11, 24.63, 569.15, 82, 84, 16412132
2.83, 23.44, 24.41, 572.11, 82, 84, 16423964
2.83, 23.44, 24.41, 572.11, 82, 84, 16435792
2.83, 23.11, 24.33, 562.29, 82, 84, 16447632
2.84, 22.46, 24.46, 549.48, 82, 84, 16459452
2.84, 23.11, 24.52, 566.65, 82, 84, 16471288
2.83, 23.11, 24.30, 561.67, 82, 84, 16483112
2.83, 23.11, 24.76, 572.26, 82, 84, 16494944
2.84, 23.44, 24.46, 573.37, 83, 84, 16506772
2.84, 23.44, 24.38, 571.47, 83, 84, 16518600
2.84, 23.76, 24.33, 578.13, 83, 84, 16530436
2.85, 23.76, 24.33, 578.13, 83, 84, 16542264
2.86, 23.76, 24.57, 583.90, 83, 84, 16554100
2.87, 23.76, 24.65, 585.82, 83, 84, 16565924
2.87, 23.76, 24.60, 584.54, 83, 84, 16577764
2.88, 23.76, 24.44, 580.69, 83, 84, 16589588
2.88, 23.76, 24.36, 578.77, 83, 84, 16601420
2.89, 23.76, 24.41, 580.05, 83, 84, 16613248
2.89, 23.76, 24.30, 577.49, 83, 84, 16625076
2.90, 23.76, 24.38, 579.41, 83, 84, 16636912
2.90, 23.76, 24.54, 583.26, 83, 84, 16648736
2.89, 22.79, 24.68, 562.36, 83, 84, 16660576
2.89, 23.76, 24.52, 582.61, 83, 84, 16672400
2.90, 23.76, 24.33, 578.13, 83, 84, 16684236
2.90, 23.76, 24.36, 578.77, 83, 84, 16696060
2.90, 23.76, 24.25, 576.21, 84, 84, 16707900
2.90, 23.11, 24.90, 575.38, 84, 84, 16719740
2.90, 24.41, 24.68, 602.53, 84, 84, 16731552
2.91, 24.41, 24.46, 597.26, 84, 84, 16743388
2.92, 24.41, 24.57, 599.89, 84, 84, 16755212
2.93, 24.41, 24.52, 598.58, 84, 84, 16767048
2.93, 24.41, 24.49, 597.92, 84, 84, 16778872
2.94, 24.41, 24.27, 592.65, 84, 84, 16790704
2.94, 24.41, 24.30, 593.31, 84, 84, 16802532
2.95, 24.41, 24.46, 597.26, 84, 84, 16814368
2.95, 24.74, 24.30, 601.22, 84, 84, 16826188
2.96, 24.74, 24.30, 601.22, 84, 84, 16838020
2.96, 24.41, 24.49, 597.92, 84, 84, 16849860
2.96, 24.41, 24.52, 598.58, 84, 84, 16861700
2.96, 24.74, 24.54, 607.23, 84, 84, 16873520
2.96, 24.74, 24.60, 608.56, 84, 84, 16885340
2.96, 24.41, 24.41, 595.94, 84, 84, 16897180
2.96, 24.74, 24.41, 603.89, 85, 84, 16909004
2.97, 23.76, 24.54, 583.26, 85, 84, 16920840
2.97, 25.07, 24.36, 610.48, 85, 84, 16932664
2.98, 25.07, 24.33, 609.81, 85, 84, 16944496
2.99, 25.07, 24.38, 611.16, 85, 84, 16956328
2.99, 25.07, 24.27, 608.45, 85, 84, 16968156
3.00, 24.09, 24.76, 596.44, 85, 84, 16980012
3.00, 25.07, 24.33, 609.81, 85, 84, 16991824
3.01, 25.07, 24.57, 615.89, 85, 84, 17003656
3.01, 25.07, 24.76, 620.62, 85, 84, 17015480
3.01, 25.07, 24.52, 614.54, 85, 84, 17027320
3.02, 24.74, 24.52, 606.56, 85, 84, 17039144
3.02, 25.07, 24.52, 614.54, 85, 84, 17050976
3.02, 25.07, 24.54, 615.22, 85, 84, 17062808
3.02, 25.07, 24.46, 613.19, 85, 84, 17074640
3.02, 25.07, 24.36, 610.48, 85, 84, 17086476
3.02, 25.07, 24.38, 611.16, 85, 84, 17098300
3.02, 25.07, 24.38, 611.16, 86, 84, 17110132
3.02, 25.07, 24.25, 607.78, 86, 84, 17121972
3.02, 25.39, 24.36, 618.41, 86, 84, 17133792
3.03, 25.72, 24.36, 626.34, 86, 84, 17145616
3.04, 25.72, 24.38, 627.03, 86, 84, 17157448
3.05, 26.04, 24.41, 635.67, 86, 84, 17169276
3.06, 25.07, 24.46, 613.19, 86, 84, 17181104
3.07, 26.04, 24.38, 634.97, 86, 84, 17192940
3.07, 26.04, 24.33, 633.57, 86, 84, 17204764
3.08, 26.04, 24.44, 636.37, 86, 84, 17216600
3.09, 26.04, 24.38, 634.97, 86, 84, 17228424
3.09, 25.07, 24.60, 616.57, 86, 84, 17240260
3.09, 26.04, 24.54, 639.18, 86, 84, 17252084
3.09, 26.04, 24.41, 635.67, 86, 84, 17263920
3.09, 26.04, 24.57, 639.89, 86, 84, 17275744
3.09, 26.04, 24.65, 641.99, 86, 84, 17287576
3.10, 25.72, 24.63, 633.28, 86, 84, 17299412
3.10, 26.04, 24.54, 639.18, 87, 84, 17311236
3.10, 26.04, 24.52, 638.48, 87, 84, 17323068
3.10, 26.37, 24.57, 647.89, 87, 84, 17334896
3.11, 26.37, 24.44, 644.33, 87, 84, 17346732
3.12, 26.37, 24.60, 648.60, 87, 84, 17358552
3.13, 26.69, 24.44, 652.28, 87, 84, 17370388
3.13, 26.69, 24.46, 653.00, 87, 84, 17382216
3.14, 26.69, 24.41, 651.56, 87, 84, 17394044
3.14, 26.69, 24.49, 653.72, 87, 84, 17405884
3.14, 26.69, 24.25, 647.24, 87, 84, 17417704
3.15, 26.69, 24.52, 654.44, 87, 84, 17429544
3.15, 26.37, 24.41, 643.62, 87, 84, 17441364
3.16, 26.69, 24.25, 647.24, 87, 84, 17453204
3.16, 26.69, 24.30, 648.68, 87, 84, 17465028
3.16, 26.69, 24.27, 647.96, 87, 84, 17476864
3.16, 26.69, 24.30, 648.68, 87, 84, 17488688
3.16, 25.72, 24.57, 631.89, 87, 84, 17500520
3.16, 26.69, 24.27, 647.96, 88, 84, 17512352
3.16, 26.69, 24.25, 647.24, 88, 84, 17524180
3.16, 27.02, 24.25, 655.14, 88, 84, 17536016
3.17, 27.34, 24.25, 663.03, 88, 84, 17547840
3.18, 26.69, 24.41, 651.56, 88, 84, 17559676
3.19, 27.34, 24.30, 664.51, 88, 84, 17571504
3.20, 27.67, 24.27, 671.67, 88, 84, 17583340
3.21, 27.67, 24.52, 678.39, 88, 84, 17595160
3.21, 27.67, 24.27, 671.67, 88, 84, 17606992
3.22, 27.67, 24.25, 670.92, 88, 84, 17618820
3.22, 27.67, 24.25, 670.92, 88, 84, 17630652
3.23, 27.67, 24.27, 671.67, 88, 84, 17642492
3.23, 27.67, 24.30, 672.42, 88, 84, 17654316
3.23, 27.67, 24.27, 671.67, 88, 84, 17666156
3.23, 27.67, 24.33, 673.16, 88, 84, 17677980
3.23, 27.67, 24.33, 673.16, 88, 84, 17689816
3.23, 27.34, 24.52, 670.41, 88, 84, 17701640
3.23, 27.67, 24.41, 675.40, 89, 84, 17713472
3.23, 27.67, 24.44, 676.15, 89, 84, 17725300
3.24, 27.99, 24.25, 678.82, 89, 84, 17737128
3.24, 27.99, 24.27, 679.57, 89, 84, 17748964
3.25, 27.02, 24.41, 659.51, 89, 84, 17760792
3.25, 28.32, 24.36, 689.77, 89, 84, 17772624
3.26, 28.32, 24.30, 688.24, 89, 84, 17784448
3.27, 28.32, 24.36, 689.77, 89, 84, 17796284
3.27, 28.32, 24.52, 694.35, 89, 84, 17808108
3.28, 27.34, 24.54, 671.14, 89, 84, 17819960
3.28, 28.32, 24.25, 686.71, 89, 85, 17831772
3.28, 28.32, 24.27, 687.47, 89, 84, 17843600
3.28, 28.32, 24.25, 686.71, 89, 84, 17855436
3.29, 28.32, 24.25, 686.71, 89, 84, 17867260
3.28, 28.32, 24.33, 689.00, 89, 84, 17879096
3.28, 28.32, 24.33, 689.00, 89, 84, 17890924
3.29, 28.65, 24.49, 701.56, 89, 84, 17902764
3.29, 28.32, 24.33, 689.00, 90, 84, 17914588
3.30, 28.65, 24.38, 698.47, 90, 84, 17926428
3.29, 28.65, 24.27, 695.38, 90, 84, 17938252
3.30, 28.97, 24.22, 701.72, 90, 84, 17950080
3.31, 28.97, 24.36, 705.62, 90, 84, 17961932
3.32, 28.97, 24.33, 704.84, 90, 84, 17973740
3.33, 28.97, 24.36, 705.62, 90, 84, 17985576
3.33, 28.97, 24.41, 707.19, 90, 84, 17997404
3.34, 28.97, 24.22, 701.72, 90, 84, 18009240
3.34, 27.99, 24.46, 684.86, 90, 84, 18021064
3.34, 28.97, 24.27, 703.28, 90, 84, 18032900
3.35, 29.30, 24.44, 715.92, 90, 84, 18044724
3.35, 29.30, 24.22, 709.60, 90, 84, 18056556
3.35, 29.30, 24.27, 711.18, 90, 84, 18068392
3.35, 27.99, 24.41, 683.35, 90, 84, 18080236
3.36, 29.30, 24.36, 713.55, 90, 84, 18092060
3.35, 29.30, 24.30, 711.97, 90, 84, 18103884
3.36, 28.97, 24.36, 705.62, 91, 84, 18115724
3.36, 29.30, 24.49, 717.50, 91, 84, 18127548
3.36, 28.97, 24.33, 704.84, 91, 84, 18139384
3.37, 29.62, 24.22, 717.48, 91, 84, 18151212
3.38, 29.95, 24.25, 726.18, 91, 84, 18163044
3.39, 29.95, 24.30, 727.79, 91, 84, 18174872
3.40, 29.95, 24.49, 733.45, 91, 84, 18186704
3.40, 29.95, 24.25, 726.18, 91, 84, 18198540
3.41, 29.95, 24.25, 726.18, 91, 84, 18210364
3.41, 29.95, 24.22, 725.37, 91, 84, 18222220
3.42, 29.95, 24.25, 726.18, 91, 84, 18234032
3.42, 29.95, 24.44, 731.83, 91, 84, 18245868
3.42, 29.95, 24.36, 729.41, 91, 84, 18257692
3.42, 29.95, 24.22, 725.37, 91, 84, 18269524
3.42, 29.30, 24.36, 713.55, 91, 84, 18281352
3.42, 29.62, 24.36, 721.48, 91, 84, 18293184
3.41, 29.95, 24.44, 731.83, 91, 84, 18305020
3.42, 29.62, 24.22, 717.48, 92, 84, 18316848
3.42, 29.95, 24.22, 725.37, 92, 84, 18328684
3.42, 29.30, 24.38, 714.34, 92, 84, 18340508
3.43, 30.60, 24.38, 746.09, 92, 84, 18352344
3.44, 30.60, 24.27, 742.79, 92, 84, 18364168
3.45, 30.60, 24.22, 741.14, 92, 84, 18376008
3.46, 30.92, 24.22, 749.02, 92, 84, 18387828
3.47, 30.27, 24.36, 737.34, 92, 84, 18399660
3.47, 30.92, 24.27, 750.69, 92, 84, 18411496
3.48, 30.92, 24.19, 748.19, 92, 84, 18423320
3.49, 30.92, 24.25, 749.86, 92, 84, 18435152
3.49, 30.92, 24.27, 750.69, 92, 84, 18446976
3.49, 30.92, 24.30, 751.52, 92, 84, 18458816
3.50, 30.92, 24.30, 751.52, 92, 84, 18470640
3.50, 30.92, 24.36, 753.19, 92, 84, 18482476
3.50, 30.92, 24.22, 749.02, 92, 84, 18494300
3.50, 30.92, 24.22, 749.02, 92, 84, 18506128
3.51, 30.92, 24.36, 753.19, 93, 84, 18517964
3.51, 31.25, 24.63, 769.55, 93, 84, 18529788
3.51, 30.92, 24.22, 749.02, 93, 84, 18541624
3.51, 31.58, 24.25, 765.64, 93, 84, 18553444
3.52, 31.58, 24.52, 774.16, 93, 84, 18565284
3.53, 31.58, 24.25, 765.64, 93, 84, 18577108
3.53, 31.58, 24.19, 763.94, 93, 84, 18588944
3.54, 30.60, 24.44, 747.74, 93, 84, 18600768
3.55, 31.90, 24.33, 776.12, 93, 84, 18612600
3.55, 31.90, 24.19, 771.82, 93, 84, 18624440
3.56, 31.90, 24.36, 776.98, 93, 84, 18636260
3.56, 31.90, 24.25, 773.54, 93, 84, 18648096
3.56, 31.25, 24.44, 763.65, 93, 84, 18659920
3.57, 31.90, 24.33, 776.12, 93, 84, 18671760
3.57, 31.90, 24.30, 775.26, 93, 84, 18683584
3.57, 31.90, 24.19, 771.82, 93, 84, 18695420
3.57, 31.90, 24.27, 774.40, 93, 84, 18707244
3.57, 31.90, 24.25, 773.54, 94, 84, 18719072
3.57, 31.90, 24.27, 774.40, 94, 84, 18730900
3.57, 32.23, 24.22, 780.56, 94, 84, 18742732
3.58, 32.23, 24.22, 780.56, 94, 84, 18754568
3.59, 32.55, 24.17, 786.69, 94, 84, 18766392
3.59, 32.55, 24.22, 788.44, 94, 84, 18778228
3.60, 32.55, 24.27, 790.20, 94, 84, 18790052
3.61, 32.23, 24.25, 781.43, 94, 84, 18801888
3.61, 32.55, 24.27, 790.20, 94, 84, 18813712
3.62, 32.55, 24.19, 787.57, 94, 84, 18825548
3.62, 32.55, 24.17, 786.69, 94, 84, 18837372
3.62, 32.55, 24.33, 791.96, 94, 84, 18849204
3.63, 31.58, 24.38, 769.90, 94, 84, 18861036
3.63, 32.55, 24.19, 787.57, 94, 84, 18872860
3.63, 32.55, 24.27, 790.20, 94, 84, 18884696
3.63, 32.55, 24.17, 786.69, 94, 84, 18896520
3.63, 32.55, 24.22, 788.44, 94, 84, 18908356
3.63, 31.58, 24.44, 771.60, 95, 84, 18920196
3.63, 32.55, 24.19, 787.57, 95, 84, 18932020
3.63, 32.55, 24.22, 788.44, 95, 84, 18943844
3.63, 32.55, 24.33, 791.96, 95, 84, 18955676
3.64, 32.55, 24.19, 787.57, 95, 84, 18967516
3.63, 32.88, 24.30, 798.99, 95, 84, 18979340
3.63, 32.55, 24.22, 788.44, 95, 84, 18991176
3.63, 32.55, 24.17, 786.69, 95, 84, 19003004
3.63, 32.55, 24.33, 791.96, 95, 84, 19014840
3.63, 32.55, 24.17, 786.69, 95, 84, 19026664
3.63, 32.55, 24.19, 787.57, 95, 84, 19038496
3.63, 32.55, 24.30, 791.08, 95, 84, 19050324
3.63, 32.55, 24.17, 786.69, 95, 84, 19062168
3.63, 32.55, 24.30, 791.08, 95, 84, 19073984
3.63, 32.55, 24.33, 791.96, 95, 84, 19085812
3.63, 32.55, 24.22, 788.44, 95, 84, 19097648
3.63, 32.55, 24.22, 788.44, 95, 84, 19109476
3.63, 31.58, 24.33, 768.20, 96, 84, 19121308
3.63, 32.55, 24.17, 786.69, 96, 84, 19133136
3.63, 32.55, 24.22, 788.44, 96, 84, 19144972
3.63, 32.55, 24.19, 787.57, 96, 84, 19156800
3.64, 32.55, 24.25, 789.32, 96, 84, 19168632
3.64, 31.58, 24.38, 769.90, 96, 84, 19180484
3.63, 32.55, 24.17, 786.69, 96, 85, 19192292
3.64, 32.55, 24.30, 791.08, 96, 84, 19204128
3.63, 32.55, 24.19, 787.57, 96, 84, 19215952
3.64, 32.55, 24.25, 789.32, 96, 84, 19227788
3.64, 32.23, 24.27, 782.30, 96, 84, 19239612
3.64, 32.55, 24.22, 788.44, 96, 84, 19251448
3.64, 32.55, 24.27, 790.20, 96, 84, 19263272
3.64, 32.55, 24.19, 787.57, 96, 84, 19275104
3.64, 32.55, 24.17, 786.69, 96, 84, 19286932
3.64, 32.55, 24.27, 790.20, 96, 84, 19298764
3.63, 32.55, 24.22, 788.44, 96, 84, 19310596
3.63, 32.55, 24.17, 786.69, 97, 84, 19322440
3.63, 33.53, 24.09, 807.58, 97, 84, 19334260
3.64, 34.18, 24.27, 829.71, 97, 84, 19346084
3.68, 34.83, 24.14, 840.82, 97, 84, 19357920
3.71, 35.16, 24.11, 847.73, 97, 84, 19369748
3.74, 34.83, 24.33, 847.39, 97, 84, 19381576
3.76, 35.81, 24.11, 863.43, 97, 84, 19393408
3.78, 35.81, 24.11, 863.43, 97, 84, 19405236
3.81, 36.13, 24.11, 871.28, 97, 84, 19417076
3.82, 36.13, 24.14, 872.25, 97, 84, 19428900
3.84, 35.16, 24.27, 853.42, 97, 84, 19440736
3.85, 36.13, 24.22, 875.17, 97, 84, 19452564
3.86, 36.13, 24.27, 877.12, 97, 84, 19464404
3.86, 36.13, 24.14, 872.25, 97, 84, 19476228
3.87, 36.13, 24.14, 872.25, 97, 84, 19488068
3.87, 35.48, 24.25, 860.36, 97, 84, 19499892
3.87, 36.13, 24.17, 873.22, 97, 84, 19511724
3.88, 36.13, 24.14, 872.25, 98, 84, 19523560
3.88, 36.13, 24.17, 873.22, 98, 84, 19535384
3.88, 36.13, 24.14, 872.25, 98, 84, 19547224
3.89, 36.13, 24.25, 876.15, 98, 84, 19559048
3.89, 36.13, 24.22, 875.17, 98, 84, 19570888
3.89, 36.13, 24.19, 874.20, 98, 84, 19582708
3.89, 36.13, 24.11, 871.28, 98, 84, 19594548
3.90, 36.13, 24.22, 875.17, 98, 84, 19606376
3.89, 36.13, 24.14, 872.25, 98, 84, 19618208
3.89, 36.13, 24.25, 876.15, 98, 84, 19630044
3.89, 35.81, 24.25, 868.25, 98, 84, 19641872
3.90, 36.13, 24.11, 871.28, 98, 84, 19653708
3.90, 36.13, 24.17, 873.22, 98, 84, 19665532
3.90, 36.13, 24.14, 872.25, 98, 84, 19677368
3.90, 36.13, 24.11, 871.28, 98, 84, 19689196
3.90, 35.16, 24.33, 855.31, 98, 84, 19701032
3.89, 36.13, 24.17, 873.22, 98, 84, 19712856
3.89, 36.13, 24.11, 871.28, 99, 84, 19724684
3.90, 35.81, 24.14, 864.39, 99, 84, 19736524
3.89, 35.81, 24.11, 863.43, 99, 84, 19748348
3.89, 35.16, 24.36, 856.26, 99, 84, 19760200
3.89, 35.81, 24.22, 867.29, 99, 85, 19772008
3.89, 35.81, 24.14, 864.39, 99, 84, 19783840
3.89, 35.81, 24.11, 863.43, 99, 84, 19795664
3.89, 35.81, 24.14, 864.39, 99, 84, 19807504
3.89, 35.81, 24.14, 864.39, 99, 84, 19819324
3.89, 35.81, 24.11, 863.43, 99, 84, 19831156
3.89, 35.81, 24.27, 869.22, 99, 84, 19842988
3.89, 35.81, 24.14, 864.39, 99, 84, 19854820
3.90, 35.81, 24.22, 867.29, 99, 84, 19866660
3.89, 35.81, 24.17, 865.36, 99, 84, 19878484
3.89, 35.81, 24.14, 864.39, 99, 84, 19890320
3.89, 35.48, 24.11, 855.58, 99, 84, 19902144
3.89, 35.81, 24.17, 865.36, 99, 84, 19913980
3.89, 35.81, 24.14, 864.39, 100, 84, 19925804
3.89, 35.81, 24.11, 863.43, 100, 84, 19937632
3.89, 35.81, 24.11, 863.43, 100, 84, 19949464
3.89, 34.83, 24.33, 847.39, 100, 84, 19961292
3.89, 35.81, 24.11, 863.43, 100, 84, 19973132
3.89, 35.81, 24.25, 868.25, 100, 84, 19984952
3.89, 35.81, 24.17, 865.36, 100, 84, 19996788
3.89, 35.81, 24.14, 864.39, 100, 84, 20008616
3.89, 34.83, 24.33, 847.39, 100, 84, 20020468
3.89, 35.81, 24.22, 867.29, 100, 84, 20032276
3.89, 35.81, 24.14, 864.39, 100, 84, 20044112
3.89, 35.81, 24.11, 863.43, 100, 84, 20055944
3.89, 35.81, 24.11, 863.43, 100, 84, 20067776
3.89, 35.48, 24.19, 858.45, 100, 84, 20079612
3.89, 35.81, 24.14, 864.39, 100, 84, 20091440
3.89, 35.81, 24.09, 862.46, 100, 84, 20103276
3.89, 35.81, 24.14, 864.39, 100, 84, 20115104
3.89, 35.81, 24.14, 864.39, 100, 84, 20126940
3.89, 35.81, 24.11, 863.43, 100, 84, 20138764
3.89, 35.81, 24.11, 863.43, 100, 84, 20150600
3.89, 35.81, 24.19, 866.32, 100, 84, 20162444
3.89, 35.81, 24.33, 871.15, 100, 84, 20174260
3.89, 35.81, 24.14, 864.39, 100, 84, 20186100
3.89, 35.81, 24.14, 864.39, 100, 84, 20197924
3.89, 35.81, 24.09, 862.46, 100, 84, 20209764
3.89, 35.16, 24.22, 851.52, 100, 84, 20221588
3.89, 35.81, 24.19, 866.32, 100, 84, 20233428
3.89, 35.81, 24.14, 864.39, 100, 84, 20245252
3.89, 35.81, 24.14, 864.39, 100, 84, 20257088
3.89, 35.81, 24.11, 863.43, 100, 84, 20268912
3.89, 34.83, 24.30, 846.45, 100, 84, 20280740
3.89, 35.81, 24.11, 863.43, 100, 84, 20292576
3.89, 35.81, 24.11, 863.43, 100, 84, 20304400
3.89, 35.81, 24.11, 863.43, 100, 84, 20316236
3.88, 35.81, 24.11, 863.43, 100, 84, 20328064
3.88, 35.81, 24.36, 872.12, 100, 84, 20339900
3.89, 35.81, 24.33, 871.15, 100, 84, 20351724
3.89, 35.81, 24.14, 864.39, 100, 84, 20363560
3.88, 35.81, 24.17, 865.36, 100, 84, 20375388
3.88, 35.81, 24.14, 864.39, 100, 84, 20387220
3.88, 35.81, 24.11, 863.43, 100, 84, 20399060
3.89, 35.81, 24.11, 863.43, 100, 84, 20410884
3.88, 35.81, 24.09, 862.46, 100, 84, 20422720
3.88, 35.81, 24.09, 862.46, 100, 84, 20434544
3.88, 35.81, 24.11, 863.43, 100, 84, 20446380
3.88, 35.81, 24.09, 862.46, 100, 84, 20458204
3.88, 35.81, 24.14, 864.39, 100, 84, 20470044
3.89, 35.16, 24.17, 849.62, 100, 84, 20481864
3.89, 35.81, 24.22, 867.29, 100, 84, 20493696
3.89, 35.81, 24.14, 864.39, 100, 84, 20505532
3.89, 35.81, 24.17, 865.36, 100, 84, 20517356
3.89, 35.81, 24.17, 865.36, 100, 84, 20529192
3.88, 34.83, 24.38, 849.27, 100, 84, 20541016
3.88, 35.81, 24.11, 863.43, 100, 84, 20552852
3.88, 35.81, 24.11, 863.43, 100, 84, 20564676
3.88, 35.81, 24.11, 863.43, 100, 84, 20576512
3.88, 35.81, 24.17, 865.36, 100, 84, 20588332
3.88, 35.16, 24.30, 854.36, 100, 84, 20600168
3.88, 35.81, 24.17, 865.36, 100, 84, 20612000
3.88, 35.81, 24.17, 865.36, 100, 84, 20623832
3.88, 35.81, 24.11, 863.43, 100, 84, 20635668
3.88, 35.81, 24.17, 865.36, 100, 84, 20647492
3.88, 35.81, 24.11, 863.43, 100, 84, 20659328
3.88, 35.81, 24.19, 866.32, 100, 84, 20671152
3.88, 35.81, 24.19, 866.32, 100, 84, 20682992
3.88, 35.81, 24.22, 867.29, 100, 84, 20694820
3.88, 35.81, 24.06, 861.49, 100, 84, 20706648
3.88, 35.81, 24.09, 862.46, 100, 84, 20718476
3.88, 35.81, 24.09, 862.46, 100, 84, 20730308
3.88, 35.48, 24.14, 856.53, 100, 84, 20742144
3.88, 35.81, 24.11, 863.43, 100, 84, 20753968
3.89, 35.81, 24.11, 863.43, 100, 84, 20765808
3.89, 35.81, 24.14, 864.39, 100, 84, 20777632
3.89, 35.81, 24.11, 863.43, 100, 84, 20789468
3.88, 34.83, 24.36, 848.33, 100, 84, 20801292
3.88, 35.81, 24.22, 867.29, 100, 84, 20813128
3.88, 35.81, 24.27, 869.22, 100, 84, 20824956
3.88, 35.81, 24.09, 862.46, 100, 84, 20836784
3.89, 35.81, 24.22, 867.29, 100, 84, 20848624
3.88, 34.83, 24.46, 852.09, 100, 84, 20860460
3.88, 35.81, 24.09, 862.46, 100, 84, 20872284
3.88, 35.81, 24.09, 862.46, 100, 84, 20884104
3.88, 35.81, 24.11, 863.43, 100, 84, 20895940
3.88, 35.81, 24.11, 863.43, 100, 84, 20907768
3.88, 35.81, 24.17, 865.36, 100, 84, 20919608
STOP
3.88, 35.81, 24.19, 866.32, 0, 84, 20931432
3.88, 35.16, 24.46, 860.05, 0, 84, 20943264
3.88, 31.58, 24.57, 775.86, 0, 84, 20955104
3.82, 28.32, 24.63, 697.40, 0, 84, 20966924
3.65, 25.39, 24.63, 625.26, 0, 84, 20978764
3.47, 23.11, 24.63, 569.15, 0, 84, 20990588
3.29, 20.83, 24.65, 513.60, 0, 84, 21002428
3.14, 18.55, 24.65, 457.42, 0, 84, 21014256
2.98, 16.93, 24.65, 417.30, 0, 84, 21026092
2.82, 15.30, 24.65, 377.17, 0, 84, 21037920
2.71, 13.67, 24.65, 337.05, 0, 84, 21049748
2.57, 12.37, 24.65, 304.95, 0, 84, 21061604
2.45, 11.07, 24.65, 272.85, 0, 84, 21073416
2.36, 10.09, 24.65, 248.77, 0, 84, 21085256
2.25, 9.11, 24.65, 224.70, 0, 84, 21097076
2.16, 8.14, 24.65, 200.62, 0, 84, 21108916
2.07, 6.51, 24.76, 161.20, 0, 84, 21120752
1.99, 6.51, 24.65, 160.50, 0, 84, 21132580
1.91, 5.86, 24.65, 144.45, 0, 84, 21144404
1.84, 5.21, 24.65, 128.40, 0, 84, 21156236
1.77, 4.88, 24.65, 120.37, 0, 84, 21168072
1.69, 3.91, 24.73, 96.62, 0, 84, 21179900
1.63, 3.91, 24.65, 96.30, 0, 84, 21191740
1.56, 3.58, 24.68, 88.37, 0, 84, 21203564
1.50, 3.26, 24.68, 80.34, 0, 84, 21215396
1.45, 2.93, 24.68, 72.30, 0, 84, 21227220
1.40, 2.60, 24.68, 64.27, 0, 84, 21239052
1.35, 2.28, 24.68, 56.24, 0, 84, 21250880
1.31, 1.95, 24.68, 48.20, 0, 84, 21262712
1.26, 1.63, 24.68, 40.17, 0, 84, 21274540
1.22, 1.63, 24.68, 40.17, 0, 84, 21286368
1.18, 1.30, 24.68, 32.13, 0, 84, 21298208
1.14, 1.30, 24.68, 32.13, 0, 84, 21310028
1.11, 0.98, 24.68, 24.10, 0, 84, 21321868
1.08, 0.98, 24.68, 24.10, 0, 84, 21333692
1.04, 0.65, 24.68, 16.07, 0, 84, 21345528
1.01, 0.65, 24.68, 16.07, 0, 84, 21357348
0.98, 0.65, 24.68, 16.07, 0, 84, 21369180
0.95, -0.00, 24.73, -0.00, 0, 84, 21381012
0.92, 0.33, 24.68, 8.03, 0, 84, 21392840
0.90, 0.33, 24.68, 8.03, 0, 84, 21404676
0.87, 0.33, 24.68, 8.03, 0, 84, 21416500
0.85, -0.00, 24.68, -0.00, 0, 84, 21428336
0.82, -0.65, 24.79, -16.14, 0, 84, 21440160
0.80, -0.00, 24.68, -0.00, 0, 84, 21451996
0.77, -0.00, 24.68, -0.00, 0, 84, 21463820
0.75, -0.00, 24.68, -0.00, 0, 84, 21475656
0.73, -0.00, 24.68, -0.00, 0, 84, 21487476
0.71, -0.00, 24.71, -0.00, 0, 84, 21499308
0.69, -0.00, 24.68, -0.00, 0, 84, 21511144
0.67, -0.33, 24.68, -8.03, 0, 84, 21522972
0.65, -0.33, 24.71, -8.04, 0, 84, 21534812
0.63, -0.33, 24.71, -8.04, 0, 84, 21546636
0.61, -0.33, 24.71, -8.04, 0, 84, 21558472
0.59, -0.33, 24.71, -8.04, 0, 84, 21570296
0.58, -0.33, 24.71, -8.04, 0, 84, 21582140
0.56, -0.33, 24.71, -8.04, 0, 84, 21593964
0.55, -0.33, 24.71, -8.04, 0, 84, 21605792
0.53, -0.33, 24.71, -8.04, 0, 84, 21617628
0.52, -0.33, 24.71, -8.04, 0, 84, 21629452
0.51, -0.65, 24.71, -16.08, 0, 84, 21641296
0.50, -0.33, 24.71, -8.04, 0, 84, 21653120
0.48, -0.33, 24.71, -8.04, 0, 84, 21664960
0.47, -0.33, 24.71, -8.04, 0, 84, 21676784
0.46, -0.33, 24.71, -8.04, 0, 84, 21688620
0.44, -0.98, 24.87, -24.29, 0, 84, 21700444
0.43, -0.33, 24.71, -8.04, 0, 84, 21712276
0.42, -0.33, 24.71, -8.04, 0, 84, 21724116
0.41, -0.33, 24.71, -8.04, 0, 84, 21735944
0.40, -0.33, 24.71, -8.04, 0, 84, 21747780
0.39, -0.33, 24.71, -8.04, 0, 84, 21759604
0.38, -0.33, 24.71, -8.04, 0, 84, 21771440
0.38, -0.33, 24.71, -8.04, 0, 84, 21783272
0.37, -0.33, 24.71, -8.04, 0, 84, 21795108
0.36, -0.33, 24.71, -8.04, 0, 84, 21806936
0.35, -0.33, 24.71, -8.04, 0, 84, 21818764
0.34, -0.33, 24.71, -8.04, 0, 84, 21830604
0.34, -0.33, 24.71, -8.04, 0, 84, 21842428
0.32, -0.33, 24.71, -8.04, 0, 84, 21854268
0.32, -0.33, 24.71, -8.04, 0, 84, 21866096
0.31, -0.33, 24.71, -8.04, 0, 84, 21877932
0.30, -0.33, 24.71, -8.04, 0, 84, 21889760
0.29, -0.33, 24.71, -8.04, 0, 84, 21901608
0.29, -0.65, 24.71, -16.08, 0, 85, 21913420
0.28, -0.33, 24.71, -8.04, 0, 84, 21925252
0.27, -0.33, 24.71, -8.04, 0, 84, 21937088
0.27, -0.33, 24.71, -8.04, 0, 84, 21948916
0.26, -1.63, 24.81, -40.39, 0, 84, 21960768
0.25, -0.33, 24.71, -8.04, 0, 84, 21972576
0.25, -0.65, 24.71, -16.08, 0, 84, 21984416
0.24, -0.33, 24.73, -8.05, 0, 84, 21996240
0.24, -0.33, 24.71, -8.04, 0, 84, 22008076
0.23, -0.33, 24.76, -8.06, 0, 84, 22019896
0.23, -0.65, 24.73, -16.10, 0, 84, 22031728
0.22, -0.33, 24.71, -8.04, 0, 84, 22043560
0.22, -0.33, 24.71, -8.04, 0, 84, 22055384
0.21, -0.33, 24.73, -8.05, 0, 84, 22067220
0.21, -0.65, 24.73, -16.10, 0, 84, 22079044
0.20, -0.33, 24.73, -8.05, 0, 84, 22090880
0.20, -0.33, 24.71, -8.04, 0, 84, 22102704
0.20, -0.33, 24.73, -8.05, 0, 84, 22114540
0.19, -0.33, 24.73, -8.05, 0, 84, 22126360
0.19, -0.33, 24.71, -8.04, 0, 84, 22138192
0.19, -0.65, 24.73, -16.10, 0, 84, 22150020
0.18, -0.33, 24.73, -8.05, 0, 84, 22161868
0.18, -0.33, 24.71, -8.04, 0, 84, 22173688
0.17, -0.33, 24.73, -8.05, 0, 84, 22185512
0.17, -0.65, 24.73, -16.10, 0, 84, 22197352
0.17, -0.33, 24.73, -8.05, 0, 84, 22209172
0.17, -1.30, 24.81, -32.31, 0, 84, 22221008
0.16, -0.65, 24.73, -16.10, 0, 84, 22232832
0.16, -0.65, 24.73, -16.10, 0, 84, 22244668
0.16, -0.33, 24.73, -8.05, 0, 84, 22256492
0.15, -0.65, 24.73, -16.10, 0, 84, 22268320
0.15, -0.98, 24.84, -24.26, 0, 84, 22280152
0.15, -0.65, 24.73, -16.10, 0, 85, 22291976
0.15, -0.65, 24.73, -16.10, 0, 84, 22303812
0.14, -0.65, 24.73, -16.10, 0, 84, 22315636
0.14, -0.65, 24.73, -16.10, 0, 84, 22327476
0.14, -0.33, 24.73, -8.05, 0, 84, 22339300
0.14, -0.33, 24.73, -8.05, 0, 84, 22351136
0.13, -0.65, 24.73, -16.10, 0, 84, 22362956
0.13, -0.33, 24.73, -8.05, 0, 84, 22374788
0.13, -0.33, 24.73, -8.05, 0, 84, 22386624
0.13, -0.65, 24.73, -16.10, 0, 84, 22398448
0.12, -0.65, 24.73, -16.10, 0, 84, 22410284
0.12, -0.33, 24.73, -8.05, 0, 84, 22422108
0.12, -0.65, 24.73, -16.10, 0, 84, 22433944
0.11, -0.65, 24.73, -16.10, 0, 84, 22445768
0.12, -0.65, 24.73, -16.10, 0, 84, 22457604
0.11, -0.65, 24.73, -16.10, 0, 84, 22469428
0.12, -0.98, 24.79, -24.21, 0, 84, 22481260
0.10, -0.65, 24.73, -16.10, 0, 85, 22493088
0.11, -0.65, 24.73, -16.10, 0, 84, 22504920
0.10, -0.65, 24.73, -16.10, 0, 84, 22516752
0.10, -0.33, 24.73, -8.05, 0, 84, 22528580
0.11, -1.30, 24.84, -32.35, 0, 84, 22540416
0.09, -0.33, 24.73, -8.05, 0, 84, 22552236
0.11, -0.65, 24.73, -16.10, 0, 84, 22564072
0.08, -0.65, 24.73, -16.10, 0, 84, 22575900
0.10, -0.33, 24.73, -8.05, 0, 84, 22587732
0.09, -0.65, 24.73, -16.10, 0, 84, 22599564
0.08, -0.65, 24.73, -16.10, 0, 84, 22611392
0.10, -0.33, 24.73, -8.05, 0, 84, 22623232
0.07, -0.65, 24.73, -16.10, 0, 84, 22635056
0.10, -0.65, 24.73, -16.10, 0, 84, 22646892
0.07, -0.33, 24.73, -8.05, 0, 84, 22658720
0.08, -0.33, 24.73, -8.05, 0, 84, 22670560
0.09, -0.65, 24.73, -16.10, 0, 84, 22682384
0.07, -0.65, 24.76, -16.12, 0, 84, 22694220
0.08, -0.65, 24.73, -16.10, 0, 84, 22706044
0.07, -0.65, 24.76, -16.12, 0, 84, 22717880
0.07, -0.65, 24.76, -16.12, 0, 84, 22729716
0.08, -0.98, 24.76, -24.18, 0, 84, 22741540
0.07, -0.65, 24.76, -16.12, 0, 84, 22753380
0.06, -0.65, 24.76, -16.12, 0, 84, 22765204
0.08, -0.33, 24.73, -8.05, 0, 84, 22777040
0.06, -0.65, 24.73, -16.10, 0, 84, 22788864
0.06, -1.63, 24.92, -40.56, 0, 84, 22800724
0.07, -0.65, 24.76, -16.12, 0, 85, 22812532
0.05, -0.33, 24.73, -8.05, 0, 84, 22824364
0.07, -0.33, 24.73, -8.05, 0, 84, 22836200
0.06, -0.65, 24.76, -16.12, 0, 84, 22848028
0.04, -0.65, 24.76, -16.12, 0, 84, 22859864
0.06, -0.33, 24.73, -8.05, 0, 84, 22871684
0.06, -0.65, 24.76, -16.12, 0, 84, 22883524
0.04, -0.65, 24.76, -16.12, 0, 84, 22895348
0.06, -0.65, 24.76, -16.12, 0, 84, 22907184
0.05, -0.65, 24.76, -16.12, 0, 84, 22919008
0.04, -0.65, 24.76, -16.12, 0, 84, 22930836
0.06, -0.33, 24.76, -8.06, 0, 84, 22942672
0.05, -0.33, 24.76, -8.06, 0, 84, 22954500
0.04, -0.65, 24.76, -16.12, 0, 84, 22966336
0.06, -0.65, 24.76, -16.12, 0, 84, 22978160
0.04, -0.65, 24.76, -16.12, 0, 84, 22990000
0.04, -0.65, 24.76, -16.12, 0, 84, 23001844
