START
-0.01, -0.98, 25.03, -24.44, 1, 18, 528
-0.01, -0.33, 24.95, -8.12, 1, 158, 6888
-0.01, -0.33, 24.95, -8.12, 1, 84, 18724
-0.01, -0.33, 24.95, -8.12, 1, 84, 30544
-0.01, -0.33, 24.95, -8.12, 1, 84, 42372
-0.01, -0.33, 24.95, -8.12, 1, 84, 54212
-0.01, -0.33, 24.95, -8.12, 1, 84, 66032
-0.01, -0.33, 24.95, -8.12, 1, 84, 77868
-0.01, -0.33, 24.95, -8.12, 1, 84, 89688
-0.01, -0.33, 24.95, -8.12, 1, 84, 101524
-0.01, -0.33, 24.95, -8.12, 1, 84, 113344
-0.01, -0.33, 24.95, -8.12, 1, 84, 125180
-0.01, -0.65, 24.95, -16.24, 1, 84, 137004
-0.01, -0.65, 24.95, -16.24, 1, 84, 148832
-0.01, -1.30, 25.03, -32.59, 1, 84, 160660
-0.01, -0.65, 24.95, -16.24, 1, 84, 172492
-0.01, -0.65, 24.98, -16.26, 1, 84, 184324
-0.01, -0.65, 24.95, -16.24, 1, 84, 196148
-0.01, -0.33, 24.95, -8.12, 1, 84, 207984
-0.01, -1.30, 25.06, -32.63, 2, 84, 219804
-0.01, -0.33, 24.95, -8.12, 2, 84, 231640
-0.01, -0.33, 24.95, -8.12, 2, 84, 243464
-0.01, -0.65, 24.95, -16.24, 2, 84, 255300
-0.01, -0.65, 24.95, -16.24, 2, 84, 267128
-0.01, -0.33, 24.95, -8.12, 2, 84, 278956
-0.01, -0.33, 24.95, -8.12, 2, 84, 290792
-0.01, -0.65, 24.95, -16.24, 2, 84, 302620
-0.01, -0.65, 24.95, -16.24, 2, 84, 314456
-0.01, -0.33, 24.95, -8.12, 2, 84, 326280
-0.01, -0.65, 24.95, -16.24, 2, 84, 338112
-0.01, -0.65, 24.95, -16.24, 2, 84, 349932
-0.01, -0.33, 24.95, -8.12, 2, 84, 361768
-0.01, -0.33, 24.95, -8.12, 2, 84, 373592
-0.01, -0.65, 24.95, -16.24, 2, 84, 385428
-0.01, -0.65, 24.95, -16.24, 2, 84, 397256
-0.01, -0.33, 24.95, -8.12, 2, 84, 409080
-0.01, -0.98, 25.00, -24.42, 3, 84, 420916
-0.01, -0.65, 24.95, -16.24, 3, 84, 432740
-0.01, -0.33, 24.95, -8.12, 3, 84, 444580
-0.01, -0.65, 24.95, -16.24, 3, 84, 456400
-0.01, -0.65, 24.95, -16.24, 3, 84, 468236
-0.01, -1.30, 25.11, -32.70, 3, 84, 480060
-0.01, -0.65, 24.95, -16.24, 3, 84, 491892
-0.01, -0.65, 24.95, -16.24, 3, 84, 503724
-0.01, -0.65, 24.95, -16.24, 3, 84, 515552
-0.01, -0.65, 24.95, -16.24, 3, 84, 527388
-0.01, -0.65, 24.95, -16.24, 3, 84, 539212
-0.01, -0.65, 24.95, -16.24, 3, 84, 551052
-0.01, -0.33, 24.95, -8.12, 3, 84, 562880
-0.01, -0.65, 24.95, -16.24, 3, 84, 574712
-0.01, -0.65, 24.95, -16.24, 3, 84, 586540
-0.01, -0.65, 24.95, -16.24, 3, 84, 598368
-0.01, -0.33, 24.95, -8.12, 3, 84, 610200
-0.01, -0.65, 24.95, -16.24, 4, 84, 622032
-0.01, -0.65, 24.95, -16.24, 4, 84, 633868
-0.01, -0.33, 24.95, -8.12, 4, 84, 645688
-0.01, -0.65, 24.95, -16.24, 4, 84, 657524
-0.01, -0.65, 24.95, -16.24, 4, 84, 669348
-0.01, -0.65, 24.95, -16.24, 4, 84, 681184
-0.01, -0.33, 24.95, -8.12, 4, 84, 693008
-0.01, -0.65, 24.95, -16.24, 4, 84, 704844
-0.01, -0.65, 24.95, -16.24, 4, 84, 716672
-0.01, -0.65, 24.95, -16.24, 4, 84, 728500
-0.01, -1.63, 25.14, -40.91, 4, 84, 740356
-0.01, -0.65, 24.95, -16.24, 4, 85, 752160
-0.01, -0.65, 24.95, -16.24, 4, 84, 764000
-0.01, -0.65, 24.95, -16.24, 4, 84, 775824
-0.01, -0.65, 24.95, -16.24, 4, 84, 787660
-0.01, -0.65, 25.00, -16.28, 4, 84, 799488
-0.01, -0.33, 24.95, -8.12, 4, 84, 811320
-0.01, -0.33, 24.90, -8.10, 5, 84, 823148
-0.01, -0.33, 24.95, -8.12, 5, 84, 834980
-0.01, -0.33, 24.95, -8.12, 5, 84, 846816
-0.01, -0.33, 24.95, -8.12, 5, 84, 858640
-0.01, -0.33, 24.95, -8.12, 5, 84, 870480
0.00, -0.33, 24.95, -8.12, 5, 84, 882300
-0.00, -0.00, 24.98, -0.00, 5, 84, 894140
-0.00, -0.00, 24.68, -0.00, 5, 84, 905960
-0.02, 0.33, 24.95, 8.12, 5, 84, 917796
-0.00, 0.65, 24.98, 16.26, 5, 84, 929624
-0.02, 0.98, 24.95, 24.36, 5, 84, 941472
-0.00, 1.30, 24.92, 32.45, 5, 84, 953292
-0.01, 1.63, 24.98, 40.65, 5, 84, 965112
0.01, 1.95, 24.90, 48.62, 5, 84, 976952
-0.02, 1.95, 24.98, 48.78, 5, 84, 988772
-0.01, 0.98, 25.08, 24.50, 5, 84, 1000624
0.01, 1.95, 24.95, 48.73, 5, 84, 1012432
-0.01, 1.95, 24.95, 48.73, 6, 84, 1024268
0.02, 1.95, 24.98, 48.78, 6, 84, 1036092
0.01, 1.63, 24.95, 40.61, 6, 84, 1047924
0.01, 1.30, 25.03, 32.59, 6, 84, 1059756
0.02, 1.30, 24.95, 32.49, 6, 84, 1071588
0.02, 1.30, 24.95, 32.49, 6, 84, 1083424
0.01, 1.30, 24.95, 32.49, 6, 84, 1095252
0.02, 0.98, 24.90, 24.31, 6, 84, 1107084
0.01, 0.98, 24.98, 24.39, 6, 84, 1118908
0.01, 0.65, 24.95, 16.24, 6, 84, 1130748
0.02, 0.65, 24.95, 16.24, 6, 84, 1142568
0.00, 0.65, 24.98, 16.26, 6, 84, 1154404
0.01, 0.65, 24.95, 16.24, 6, 84, 1166232
0.01, 0.65, 24.95, 16.24, 6, 84, 1178064
0.01, 0.65, 24.95, 16.24, 6, 84, 1189900
0.02, 0.65, 24.98, 16.26, 6, 84, 1201728
0.02, 0.65, 24.95, 16.24, 6, 84, 1213556
0.02, 0.65, 24.92, 16.23, 7, 84, 1225376
0.03, 0.33, 24.87, 8.10, 7, 84, 1237212
0.02, 0.33, 24.95, 8.12, 7, 84, 1249040
0.03, -0.33, 25.03, -8.15, 7, 84, 1260876
0.03, 0.33, 24.95, 8.12, 7, 84, 1272692
0.03, 0.33, 24.95, 8.12, 7, 84, 1284524
0.04, 0.33, 24.81, 8.08, 7, 84, 1296360
0.04, 0.33, 24.92, 8.11, 7, 84, 1308180
0.04, -0.33, 25.06, -8.16, 7, 84, 1320020
0.04, 0.33, 24.95, 8.12, 7, 84, 1331844
0.04, 0.33, 24.95, 8.12, 7, 84, 1343680
0.04, 0.33, 24.95, 8.12, 7, 84, 1355504
0.05, 0.33, 24.95, 8.12, 7, 84, 1367336
0.05, 0.33, 24.95, 8.12, 7, 84, 1379160
0.05, 0.33, 24.95, 8.12, 7, 84, 1390988
0.05, 0.33, 24.95, 8.12, 7, 84, 1402828
0.06, 0.33, 24.98, 8.13, 7, 84, 1414644
0.06, 0.33, 24.95, 8.12, 8, 84, 1426480
0.05, 0.33, 24.98, 8.13, 8, 84, 1438300
0.05, 0.33, 24.95, 8.12, 8, 84, 1450136
0.07, 0.33, 24.95, 8.12, 8, 84, 1461960
0.07, 0.33, 24.95, 8.12, 8, 84, 1473796
0.06, 0.33, 24.95, 8.12, 8, 84, 1485616
0.06, 0.33, 24.95, 8.12, 8, 84, 1497448
0.07, 0.33, 24.95, 8.12, 8, 84, 1509276
0.07, -0.00, 25.03, -0.00, 8, 84, 1521104
0.06, 0.33, 24.95, 8.12, 8, 84, 1532940
0.07, 0.33, 24.95, 8.12, 8, 84, 1544768
0.08, 0.33, 24.95, 8.12, 8, 84, 1556600
0.07, 0.33, 24.95, 8.12, 8, 84, 1568428
0.07, -0.33, 25.14, -8.18, 8, 84, 1580264
0.09, 0.33, 24.95, 8.12, 8, 84, 1592088
0.08, 0.33, 24.95, 8.12, 8, 84, 1603916
0.07, 0.33, 24.95, 8.12, 8, 84, 1615748
0.09, 0.33, 24.92, 8.11, 9, 84, 1627576
0.09, 0.33, 24.95, 8.12, 9, 84, 1639412
0.08, 0.33, 24.95, 8.12, 9, 85, 1651232
0.09, 0.33, 24.87, 8.10, 9, 84, 1663068
0.10, 0.33, 24.92, 8.11, 9, 84, 1674896
0.09, 0.33, 24.95, 8.12, 9, 84, 1686732
0.09, 0.33, 24.95, 8.12, 9, 84, 1698556
0.11, 0.33, 24.95, 8.12, 9, 84, 1710388
0.10, 0.33, 24.95, 8.12, 9, 84, 1722212
0.09, 0.33, 24.95, 8.12, 9, 84, 1734040
0.11, 0.33, 24.95, 8.12, 9, 84, 1745876
0.11, 0.33, 24.84, 8.09, 9, 84, 1757700
0.09, 0.33, 24.81, 8.08, 9, 84, 1769536
0.12, -0.00, 24.95, -0.00, 9, 84, 1781360
0.11, 0.33, 24.95, 8.12, 9, 84, 1793200
0.10, 0.33, 24.98, 8.13, 9, 84, 1805024
0.12, 0.33, 24.98, 8.13, 9, 84, 1816860
0.12, 0.33, 24.92, 8.11, 10, 84, 1828684
0.10, -0.65, 25.14, -16.37, 10, 84, 1840528
0.13, 0.33, 24.95, 8.12, 10, 84, 1852348
0.12, 0.33, 24.95, 8.12, 10, 84, 1864168
0.10, 0.33, 24.95, 8.12, 10, 84, 1876004
0.14, 0.33, 24.81, 8.08, 10, 84, 1887824
0.13, 0.33, 24.92, 8.11, 10, 84, 1899664
0.11, 0.65, 24.95, 16.24, 10, 84, 1911488
0.15, 0.65, 24.95, 16.24, 10, 84, 1923324
0.13, 0.33, 24.95, 8.12, 10, 84, 1935148
0.12, 0.65, 24.95, 16.24, 10, 84, 1946980
0.16, 0.65, 24.92, 16.23, 10, 84, 1958812
0.12, 0.65, 24.95, 16.24, 10, 84, 1970644
0.13, 0.65, 24.95, 16.24, 10, 84, 1982480
0.17, 0.65, 24.95, 16.24, 10, 84, 1994304
0.12, 0.65, 24.90, 16.21, 10, 84, 2006144
0.15, 0.65, 24.95, 16.24, 10, 84, 2017964
0.17, 0.65, 24.95, 16.24, 11, 84, 2029800
0.11, 0.65, 24.95, 16.24, 11, 84, 2041640
0.17, 0.65, 24.92, 16.23, 11, 84, 2053456
0.15, 0.65, 24.95, 16.24, 11, 84, 2065288
0.12, 0.65, 24.95, 16.24, 11, 84, 2077120
0.19, 0.65, 24.95, 16.24, 11, 84, 2088956
0.13, -0.65, 24.98, -16.26, 11, 84, 2100796
0.15, 0.65, 24.95, 16.24, 11, 84, 2112616
0.19, 0.65, 24.95, 16.24, 11, 84, 2124440
0.12, 0.65, 24.81, 16.16, 11, 84, 2136280
0.19, 0.65, 24.95, 16.24, 11, 84, 2148104
0.17, 0.33, 25.03, 8.15, 11, 84, 2159940
0.13, 0.65, 24.84, 16.17, 11, 84, 2171764
0.21, 0.65, 24.95, 16.24, 11, 84, 2183596
0.14, 0.65, 24.95, 16.24, 11, 84, 2195432
0.17, 0.65, 24.87, 16.19, 11, 84, 2207252
0.20, 0.65, 24.95, 16.24, 11, 84, 2219084
0.14, 0.65, 24.95, 16.24, 12, 84, 2230908
0.20, 0.65, 24.87, 16.19, 12, 84, 2242748
0.17, 0.65, 24.98, 16.26, 12, 84, 2254572
0.16, 0.65, 24.95, 16.24, 12, 84, 2266408
0.21, 0.65, 24.95, 16.24, 12, 84, 2278236
0.16, 0.65, 24.95, 16.24, 12, 84, 2290068
0.20, 0.65, 24.98, 16.26, 12, 84, 2301916
0.19, 0.65, 24.95, 16.24, 12, 84, 2313728
0.18, 0.65, 24.95, 16.24, 12, 84, 2325564
0.20, 0.65, 24.81, 16.16, 12, 84, 2337388
0.19, 0.65, 24.95, 16.24, 12, 84, 2349224
0.20, -0.00, 24.95, -0.00, 12, 84, 2361048
0.19, 0.65, 24.95, 16.24, 12, 84, 2372884
0.21, 0.65, 24.98, 16.26, 12, 84, 2384708
0.19, 0.65, 24.90, 16.21, 12, 84, 2396532
0.21, 0.98, 24.95, 24.36, 12, 84, 2408360
0.20, -0.00, 25.06, -0.00, 12, 84, 2420192
0.19, 0.98, 24.95, 24.36, 13, 84, 2432028
0.23, 0.98, 24.90, 24.31, 13, 84, 2443852
0.19, 0.65, 24.95, 16.24, 13, 84, 2455692
0.23, 0.98, 24.98, 24.39, 13, 84, 2467512
0.20, 0.98, 24.92, 24.34, 13, 84, 2479348
0.21, 0.98, 24.95, 24.36, 13, 84, 2491172
0.23, 0.98, 24.90, 24.31, 13, 84, 2503000
0.21, 0.98, 24.95, 24.36, 13, 84, 2514828
0.23, 0.98, 24.92, 24.34, 13, 84, 2526656
0.21, 0.98, 24.95, 24.36, 13, 84, 2538492
0.24, 0.98, 24.84, 24.26, 13, 84, 2550316
0.21, 0.98, 24.95, 24.36, 13, 84, 2562148
0.24, 0.98, 24.87, 24.29, 13, 84, 2573976
0.22, 0.98, 24.95, 24.36, 13, 84, 2585808
0.24, 0.98, 24.73, 24.15, 13, 84, 2597628
0.24, 0.98, 24.95, 24.36, 13, 84, 2609464
0.23, 0.33, 24.87, 8.10, 13, 84, 2621288
0.25, 0.98, 24.98, 24.39, 14, 84, 2633120
0.22, 0.98, 24.95, 24.36, 14, 84, 2644956
0.26, 0.98, 24.95, 24.36, 14, 84, 2656780
0.22, 0.98, 24.98, 24.39, 14, 84, 2668620
0.26, 0.33, 25.14, 8.18, 14, 84, 2680440
0.23, 0.98, 24.95, 24.36, 14, 84, 2692276
0.26, 0.98, 24.95, 24.36, 14, 84, 2704104
0.24, 0.98, 24.95, 24.36, 14, 84, 2715940
0.25, 0.98, 24.95, 24.36, 14, 84, 2727764
0.26, 0.98, 24.84, 24.26, 14, 84, 2739588
0.25, 0.98, 24.95, 24.36, 14, 84, 2751424
0.27, 0.98, 24.95, 24.36, 14, 84, 2763248
0.24, 0.98, 24.95, 24.36, 14, 84, 2775084
0.28, 0.98, 24.95, 24.36, 14, 84, 2786904
0.24, 0.98, 24.95, 24.36, 14, 84, 2798740
0.28, 0.98, 24.95, 24.36, 14, 84, 2810564
0.25, 0.98, 24.81, 24.23, 14, 84, 2822400
0.28, 0.98, 24.95, 24.36, 15, 84, 2834224
0.25, 0.98, 24.95, 24.36, 15, 84, 2846056
0.28, 0.98, 24.95, 24.36, 15, 84, 2857884
0.26, 0.98, 24.95, 24.36, 15, 84, 2869716
0.28, 0.98, 24.98, 24.39, 15, 84, 2881556
0.27, 1.30, 24.95, 32.49, 15, 84, 2893376
0.28, 0.98, 24.84, 24.26, 15, 84, 2905212
0.28, 1.30, 24.95, 32.49, 15, 84, 2917040
0.28, 1.30, 24.95, 32.49, 15, 84, 2928876
0.29, -0.00, 25.14, -0.00, 15, 84, 2940720
0.28, 1.30, 24.95, 32.49, 15, 84, 2952532
0.29, 1.30, 24.79, 32.28, 15, 84, 2964364
0.28, 1.30, 24.95, 32.49, 15, 84, 2976196
0.30, 1.30, 24.95, 32.49, 15, 84, 2988032
0.29, 1.30, 24.98, 32.52, 15, 84, 2999856
0.30, 1.30, 24.95, 32.49, 15, 84, 3011692
0.29, 1.30, 24.87, 32.38, 15, 84, 3023516
0.30, 1.30, 24.98, 32.52, 16, 84, 3035352
0.30, 1.30, 24.95, 32.49, 16, 84, 3047172
0.30, 1.30, 24.95, 32.49, 16, 84, 3059008
0.30, 1.30, 24.98, 32.52, 16, 84, 3070832
0.31, 1.30, 24.95, 32.49, 16, 84, 3082660
0.31, 1.30, 24.92, 32.45, 16, 84, 3094492
0.31, 1.30, 24.98, 32.52, 16, 84, 3106316
0.32, 1.30, 24.95, 32.49, 16, 84, 3118152
0.31, 1.30, 24.79, 32.28, 16, 84, 3129972
0.32, 1.30, 24.95, 32.49, 16, 84, 3141824
0.31, 1.30, 24.98, 32.52, 16, 85, 3153628
0.33, 1.30, 24.90, 32.42, 16, 84, 3165464
0.32, 1.30, 24.90, 32.42, 16, 84, 3177288
0.33, 1.30, 24.95, 32.49, 16, 84, 3189116
0.32, -0.00, 25.08, -0.00, 16, 84, 3200968
0.33, 1.30, 24.73, 32.21, 16, 84, 3212776
0.32, 1.30, 24.95, 32.49, 16, 84, 3224612
0.34, 1.30, 24.95, 32.49, 17, 84, 3236432
0.33, 1.30, 24.68, 32.13, 17, 84, 3248268
0.34, 0.98, 25.03, 24.44, 17, 84, 3260088
0.33, 1.30, 24.95, 32.49, 17, 84, 3271924
0.34, 1.63, 24.95, 40.61, 17, 84, 3283752
0.34, 1.63, 24.92, 40.56, 17, 84, 3295576
0.34, 1.63, 24.95, 40.61, 17, 84, 3307408
0.35, 1.63, 24.95, 40.61, 17, 84, 3319240
0.35, 1.63, 24.81, 40.39, 17, 84, 3331076
0.36, 1.63, 24.95, 40.61, 17, 84, 3342904
0.35, 1.63, 24.95, 40.61, 17, 84, 3354736
0.36, 1.63, 24.92, 40.56, 17, 84, 3366560
0.35, 1.63, 24.92, 40.56, 17, 84, 3378396
0.36, 1.63, 24.95, 40.61, 17, 84, 3390224
0.36, 1.63, 24.79, 40.34, 17, 84, 3402076
0.36, 1.63, 24.73, 40.26, 17, 85, 3413884
0.36, 1.63, 24.92, 40.56, 17, 84, 3425712
0.36, 1.63, 24.95, 40.61, 18, 84, 3437552
0.37, 1.63, 24.95, 40.61, 18, 84, 3449372
0.36, 0.98, 25.06, 24.47, 18, 84, 3461212
0.37, 1.63, 24.95, 40.61, 18, 84, 3473036
0.37, 1.63, 24.95, 40.61, 18, 84, 3484876
0.38, 1.63, 24.84, 40.43, 18, 84, 3496696
0.38, 1.63, 24.92, 40.56, 18, 84, 3508532
0.38, 0.98, 25.06, 24.47, 18, 84, 3520352
0.38, 1.63, 24.95, 40.61, 18, 84, 3532184
0.38, 1.63, 24.92, 40.56, 18, 84, 3544020
0.39, 1.63, 24.90, 40.52, 18, 84, 3555840
0.38, 1.63, 24.90, 40.52, 18, 84, 3567676
0.39, 1.63, 24.95, 40.61, 18, 84, 3579500
0.39, 1.63, 24.95, 40.61, 18, 84, 3591336
0.39, 1.63, 24.98, 40.65, 18, 84, 3603156
0.40, 1.63, 24.95, 40.61, 18, 84, 3614992
0.39, 1.63, 24.87, 40.48, 18, 84, 3626816
0.40, 1.63, 24.79, 40.34, 19, 84, 3638644
0.39, 1.63, 24.81, 40.39, 19, 84, 3650472
0.40, 1.95, 24.95, 48.73, 19, 84, 3662300
0.40, 1.95, 24.95, 48.73, 19, 84, 3674136
0.40, 1.63, 24.95, 40.61, 19, 84, 3685960
0.41, 1.95, 24.92, 48.68, 19, 84, 3697792
0.40, 1.95, 24.84, 48.52, 19, 84, 3709616
0.41, 0.98, 25.00, 24.42, 19, 84, 3721452
0.41, 1.95, 24.95, 48.73, 19, 84, 3733276
0.41, 1.95, 24.95, 48.73, 19, 84, 3745108
0.42, 1.95, 24.95, 48.73, 19, 84, 3756940
0.41, 1.95, 24.92, 48.68, 19, 84, 3768768
0.42, 1.30, 24.92, 32.45, 19, 84, 3780600
0.42, 1.95, 24.68, 48.20, 19, 84, 3792424
0.42, 1.95, 24.95, 48.73, 19, 84, 3804260
0.43, 1.95, 24.95, 48.73, 19, 84, 3816080
0.42, 1.95, 24.95, 48.73, 19, 84, 3827920
0.43, 1.95, 24.95, 48.73, 20, 84, 3839744
0.43, 1.95, 24.90, 48.62, 20, 84, 3851584
0.43, 1.95, 24.87, 48.57, 20, 84, 3863408
0.44, 1.95, 24.73, 48.31, 20, 84, 3875240
0.43, 1.95, 24.95, 48.73, 20, 84, 3887076
0.44, 1.95, 24.90, 48.62, 20, 84, 3898896
0.44, 1.95, 24.95, 48.73, 20, 84, 3910736
0.44, 1.95, 24.95, 48.73, 20, 84, 3922556
0.45, 1.95, 24.95, 48.73, 20, 84, 3934392
0.44, 1.95, 24.95, 48.73, 20, 84, 3946212
0.45, 1.95, 24.92, 48.68, 20, 84, 3958048
0.45, 1.95, 24.92, 48.68, 20, 84, 3969876
0.45, 1.63, 24.81, 40.39, 20, 84, 3981704
0.46, 1.95, 24.76, 48.36, 20, 84, 3993540
0.45, 1.95, 24.68, 48.20, 20, 84, 4005368
0.46, 1.95, 24.95, 48.73, 20, 84, 4017208
0.46, 1.95, 24.92, 48.68, 20, 84, 4029032
0.46, 0.65, 25.11, 16.35, 21, 84, 4040884
0.47, 1.95, 24.95, 48.73, 21, 85, 4052692
0.46, 1.95, 24.95, 48.73, 21, 84, 4064528
0.46, 1.95, 24.95, 48.73, 21, 84, 4076348
0.48, 2.28, 24.95, 56.85, 21, 84, 4088176
0.47, 2.28, 25.00, 56.97, 21, 84, 4100008
0.47, 2.28, 24.95, 56.85, 21, 84, 4111836
0.48, 2.28, 24.95, 56.85, 21, 84, 4123672
0.47, 2.28, 24.95, 56.85, 21, 84, 4135492
0.48, 2.28, 24.92, 56.79, 21, 84, 4147328
0.48, 2.28, 24.92, 56.79, 21, 84, 4159156
0.48, 2.28, 24.95, 56.85, 21, 84, 4170992
0.49, 2.28, 24.95, 56.85, 21, 84, 4182816
0.48, 2.28, 24.92, 56.79, 21, 84, 4194644
0.49, 2.28, 24.92, 56.79, 21, 84, 4206480
0.50, 2.28, 24.81, 56.54, 21, 84, 4218312
0.48, 2.28, 24.73, 56.36, 21, 84, 4230144
0.49, 1.95, 24.87, 48.57, 22, 84, 4241968
0.50, 2.28, 24.71, 56.30, 22, 84, 4253808
0.49, 2.28, 24.68, 56.24, 22, 84, 4265632
0.50, 2.28, 24.84, 56.60, 22, 84, 4277468
0.50, 2.28, 24.71, 56.30, 22, 84, 4289292
0.50, 0.98, 25.14, 24.55, 22, 84, 4301148
0.51, 2.28, 24.71, 56.30, 22, 85, 4312956
0.50, 2.28, 24.90, 56.73, 22, 84, 4324784
0.50, 2.28, 24.92, 56.79, 22, 84, 4336624
0.52, 2.28, 24.90, 56.73, 22, 84, 4348448
0.51, 1.95, 25.00, 48.83, 22, 84, 4360284
0.51, 2.28, 24.95, 56.85, 22, 84, 4372112
0.52, 2.28, 24.95, 56.85, 22, 84, 4383948
0.51, 2.28, 24.92, 56.79, 22, 84, 4395772
0.52, 2.28, 24.92, 56.79, 22, 84, 4407608
0.52, 2.28, 24.81, 56.54, 22, 84, 4419432
0.51, 2.28, 24.79, 56.48, 22, 84, 4431264
0.52, 2.28, 24.92, 56.79, 23, 84, 4443100
0.53, 2.28, 24.76, 56.42, 23, 84, 4454928
0.52, 2.28, 24.92, 56.79, 23, 84, 4466764
0.53, 2.60, 24.68, 64.27, 23, 84, 4478584
0.53, 2.60, 24.68, 64.27, 23, 84, 4490420
0.52, 2.60, 24.68, 64.27, 23, 84, 4502256
0.54, 2.60, 24.90, 64.83, 23, 84, 4514076
0.54, 2.60, 24.92, 64.90, 23, 84, 4525900
0.53, 2.60, 24.95, 64.97, 23, 84, 4537732
0.54, 2.60, 24.95, 64.97, 23, 84, 4549568
0.54, 1.30, 25.06, 32.63, 23, 84, 4561392
0.54, 2.60, 24.95, 64.97, 23, 84, 4573228
0.55, 2.60, 24.95, 64.97, 23, 84, 4585052
0.55, 2.60, 24.95, 64.97, 23, 84, 4596888
0.54, 2.60, 24.92, 64.90, 23, 84, 4608708
0.55, 1.95, 25.06, 48.94, 23, 84, 4620540
0.56, 2.60, 24.68, 64.27, 23, 84, 4632364
0.55, 2.60, 24.63, 64.13, 24, 84, 4644196
0.56, 2.60, 24.90, 64.83, 24, 84, 4656024
0.56, 2.60, 24.92, 64.90, 24, 84, 4667852
0.55, 2.60, 24.87, 64.76, 24, 84, 4679692
0.56, 2.60, 24.95, 64.97, 24, 84, 4691516
0.57, 2.60, 24.95, 64.97, 24, 84, 4703352
0.56, 2.60, 24.95, 64.97, 24, 84, 4715172
0.56, 2.60, 24.90, 64.83, 24, 84, 4727004
0.57, 2.60, 24.73, 64.41, 24, 84, 4738828
0.57, 2.60, 24.79, 64.55, 24, 84, 4750664
0.57, 2.60, 24.76, 64.48, 24, 84, 4762504
0.58, 2.60, 24.95, 64.97, 24, 84, 4774316
0.58, 2.60, 24.95, 64.97, 24, 84, 4786156
0.57, 2.60, 24.95, 64.97, 24, 84, 4797980
0.58, 2.60, 24.95, 64.97, 24, 84, 4809816
0.58, 1.95, 25.06, 48.94, 24, 84, 4821640
0.58, 2.93, 24.95, 73.09, 24, 84, 4833476
0.59, 2.93, 24.65, 72.22, 25, 84, 4845300
0.59, 2.93, 24.71, 72.38, 25, 84, 4857132
0.58, 2.93, 24.92, 73.01, 25, 84, 4868956
0.59, 2.28, 25.11, 57.22, 25, 84, 4880784
0.60, 2.93, 24.95, 73.09, 25, 84, 4892620
0.59, 2.93, 24.95, 73.09, 25, 84, 4904444
0.59, 2.93, 24.87, 72.86, 25, 84, 4916276
0.60, 2.93, 24.81, 72.70, 25, 84, 4928100
0.60, 2.93, 24.92, 73.01, 25, 84, 4939936
0.60, 2.93, 24.95, 73.09, 25, 84, 4951756
0.61, 2.93, 24.95, 73.09, 25, 84, 4963592
0.61, 2.93, 24.65, 72.22, 25, 84, 4975412
0.61, 2.93, 24.76, 72.54, 25, 84, 4987244
0.61, 2.93, 24.92, 73.01, 25, 84, 4999072
0.62, 2.93, 24.95, 73.09, 25, 84, 5010896
0.61, 2.93, 24.92, 73.01, 25, 84, 5022732
0.61, 2.93, 24.73, 72.46, 25, 84, 5034552
0.62, 2.93, 24.84, 72.78, 26, 84, 5046388
0.62, 2.93, 24.92, 73.01, 26, 84, 5058216
0.62, 2.93, 24.95, 73.09, 26, 84, 5070052
0.62, 2.60, 25.00, 65.11, 26, 84, 5081872
0.63, 3.26, 24.87, 80.95, 26, 84, 5093708
0.63, 3.26, 24.90, 81.04, 26, 84, 5105528
0.63, 3.26, 24.95, 81.22, 26, 84, 5117360
0.63, 3.26, 24.95, 81.22, 26, 84, 5129196
0.64, 1.95, 25.11, 49.05, 26, 84, 5141032
0.63, 3.26, 24.90, 81.04, 26, 84, 5152848
0.63, 3.26, 24.92, 81.13, 26, 84, 5164668
0.64, 3.26, 24.95, 81.22, 26, 84, 5176504
0.64, 3.26, 24.79, 80.69, 26, 84, 5188328
0.64, 3.26, 24.79, 80.69, 26, 84, 5200160
0.64, 3.26, 24.92, 81.13, 26, 85, 5211984
0.65, 3.26, 24.95, 81.22, 26, 84, 5223812
0.64, 3.26, 24.92, 81.13, 26, 84, 5235648
0.64, 3.26, 24.76, 80.60, 27, 84, 5247472
0.65, 3.26, 24.92, 81.13, 27, 84, 5259304
0.65, 3.26, 24.95, 81.22, 27, 84, 5271128
0.65, 3.26, 24.90, 81.04, 27, 84, 5282960
0.65, 3.26, 24.71, 80.42, 27, 84, 5294784
0.66, 3.26, 24.90, 81.04, 27, 84, 5306624
0.66, 3.26, 24.95, 81.22, 27, 84, 5318444
0.66, 3.26, 24.92, 81.13, 27, 84, 5330276
0.66, 2.93, 24.81, 72.70, 27, 84, 5342108
0.67, 3.26, 24.87, 80.95, 27, 84, 5353940
0.67, 3.26, 24.92, 81.13, 27, 84, 5365776
0.66, 3.26, 24.95, 81.22, 27, 84, 5377596
0.67, 3.26, 24.87, 80.95, 27, 84, 5389432
0.67, 2.28, 25.08, 57.16, 27, 84, 5401276
0.67, 3.26, 24.92, 81.13, 27, 85, 5413100
0.67, 3.26, 24.95, 81.22, 27, 84, 5424920
0.67, 3.26, 24.73, 80.51, 27, 84, 5436752
0.68, 3.26, 24.92, 81.13, 28, 84, 5448580
0.68, 2.93, 25.00, 73.25, 28, 84, 5460412
0.68, 3.58, 24.90, 89.14, 28, 84, 5472248
0.68, 3.58, 24.87, 89.05, 28, 84, 5484068
0.68, 3.58, 24.95, 89.34, 28, 84, 5495904
0.69, 3.58, 24.79, 88.76, 28, 84, 5507728
0.68, 3.58, 24.71, 88.47, 28, 84, 5519564
0.69, 3.58, 24.95, 89.34, 28, 84, 5531392
0.69, 3.58, 24.95, 89.34, 28, 84, 5543224
0.69, 3.58, 24.73, 88.56, 28, 84, 5555048
0.69, 3.58, 24.92, 89.24, 28, 84, 5566880
0.69, 3.58, 24.92, 89.24, 28, 84, 5578716
0.70, 3.58, 24.90, 89.14, 28, 84, 5590536
0.70, 3.58, 24.90, 89.14, 28, 84, 5602392
0.69, 3.58, 24.92, 89.24, 28, 84, 5614200
0.70, 3.58, 24.95, 89.34, 28, 84, 5626036
0.70, 3.58, 24.79, 88.76, 28, 84, 5637860
0.70, 3.58, 24.90, 89.14, 29, 84, 5649696
0.70, 2.28, 25.08, 57.16, 29, 84, 5661520
0.70, 3.58, 24.68, 88.37, 29, 84, 5673352
0.71, 3.58, 24.90, 89.14, 29, 84, 5685188
0.71, 3.58, 24.95, 89.34, 29, 84, 5697012
0.71, 3.58, 24.68, 88.37, 29, 84, 5708848
0.71, 3.26, 24.98, 81.30, 29, 84, 5720676
0.71, 3.58, 24.95, 89.34, 29, 84, 5732508
0.72, 3.91, 24.68, 96.40, 29, 84, 5744328
0.72, 3.58, 24.90, 89.14, 29, 84, 5756164
0.72, 3.58, 24.95, 89.34, 29, 84, 5767988
0.72, 3.58, 24.68, 88.37, 29, 84, 5779816
0.72, 3.58, 24.95, 89.34, 29, 84, 5791640
0.72, 3.58, 24.90, 89.14, 29, 84, 5803472
0.72, 3.91, 24.60, 96.09, 29, 84, 5815304
0.72, 3.91, 24.95, 97.46, 29, 84, 5827128
0.73, 3.58, 24.95, 89.34, 29, 84, 5838964
0.73, 3.91, 24.81, 96.93, 30, 84, 5850784
0.73, 3.91, 24.84, 97.04, 30, 84, 5862632
0.73, 3.91, 24.87, 97.14, 30, 84, 5874440
0.73, 3.91, 24.79, 96.83, 30, 84, 5886276
0.74, 3.91, 24.92, 97.35, 30, 84, 5898096
0.74, 3.91, 24.76, 96.72, 30, 84, 5909924
0.74, 3.26, 25.06, 81.57, 30, 84, 5921760
0.74, 3.91, 24.57, 95.98, 30, 85, 5933580
0.74, 3.91, 24.84, 97.04, 30, 84, 5945420
0.75, 3.91, 24.92, 97.35, 30, 84, 5957240
0.75, 3.91, 24.68, 96.40, 30, 84, 5969076
0.75, 3.26, 25.08, 81.65, 30, 84, 5980896
0.75, 3.91, 24.76, 96.72, 30, 84, 5992732
0.75, 3.91, 24.95, 97.46, 30, 84, 6004552
0.76, 3.91, 24.73, 96.62, 30, 84, 6016380
0.75, 3.91, 24.90, 97.25, 30, 84, 6028216
0.76, 3.91, 24.95, 97.46, 30, 84, 6040044
0.76, 3.91, 24.60, 96.09, 31, 84, 6051876
0.76, 3.91, 24.95, 97.46, 31, 84, 6063700
0.76, 3.91, 24.95, 97.46, 31, 84, 6075536
0.76, 3.91, 24.81, 96.93, 31, 84, 6087360
0.76, 3.91, 24.92, 97.35, 31, 84, 6099196
0.77, 4.23, 24.84, 105.12, 31, 84, 6111016
0.77, 4.23, 24.95, 105.58, 31, 84, 6122844
0.77, 4.23, 24.60, 104.10, 31, 84, 6134672
0.78, 4.23, 24.95, 105.58, 31, 84, 6146500
0.78, 4.23, 24.92, 105.47, 31, 84, 6158336
0.78, 4.23, 24.92, 105.47, 31, 84, 6170160
0.78, 3.58, 25.00, 89.53, 31, 84, 6181996
0.78, 4.23, 24.71, 104.55, 31, 84, 6193816
0.78, 4.23, 24.95, 105.58, 31, 84, 6205656
0.79, 4.23, 24.60, 104.10, 31, 84, 6217476
0.79, 4.23, 24.92, 105.47, 31, 84, 6229312
0.79, 2.93, 25.11, 73.57, 31, 84, 6241148
0.79, 4.23, 24.90, 105.35, 32, 84, 6252960
0.79, 4.23, 24.95, 105.58, 32, 84, 6264800
0.79, 4.23, 24.90, 105.35, 32, 84, 6276620
0.80, 4.23, 24.95, 105.58, 32, 84, 6288456
0.80, 4.23, 24.73, 104.67, 32, 84, 6300276
0.80, 4.23, 24.95, 105.58, 32, 84, 6312112
0.80, 4.23, 24.73, 104.67, 32, 84, 6323936
0.80, 4.23, 24.95, 105.58, 32, 84, 6335772
0.81, 4.23, 24.60, 104.10, 32, 84, 6347596
0.81, 4.23, 24.92, 105.47, 32, 84, 6359428
0.81, 4.23, 24.90, 105.35, 32, 84, 6371264
0.81, 4.23, 24.92, 105.47, 32, 84, 6383084
0.81, 4.23, 24.92, 105.47, 32, 84, 6394924
0.81, 4.23, 24.90, 105.35, 32, 84, 6406744
0.82, 4.23, 24.92, 105.47, 32, 84, 6418580
0.82, 4.23, 24.92, 105.47, 32, 84, 6430400
0.82, 3.91, 25.00, 97.67, 32, 84, 6442240
0.82, 4.23, 24.87, 105.24, 33, 84, 6454060
0.82, 4.56, 24.92, 113.58, 33, 84, 6465888
0.82, 4.56, 24.76, 112.84, 33, 84, 6477716
0.83, 4.56, 24.95, 113.70, 33, 84, 6489544
0.83, 3.26, 25.08, 81.65, 33, 84, 6501396
0.83, 4.56, 24.92, 113.58, 33, 85, 6513200
0.83, 4.56, 24.60, 112.10, 33, 84, 6525036
0.84, 4.56, 24.95, 113.70, 33, 84, 6536860
0.84, 4.56, 24.65, 112.35, 33, 84, 6548696
0.84, 4.23, 25.00, 105.81, 33, 84, 6560516
0.84, 4.56, 24.76, 112.84, 33, 84, 6572352
0.85, 4.56, 24.95, 113.70, 33, 84, 6584172
0.85, 4.56, 24.81, 113.09, 33, 84, 6596000
0.85, 4.56, 24.95, 113.70, 33, 84, 6607836
0.85, 4.56, 24.71, 112.59, 33, 84, 6619660
0.85, 4.56, 24.95, 113.70, 33, 84, 6631492
0.86, 4.56, 24.68, 112.47, 33, 84, 6643316
0.86, 4.56, 24.95, 113.70, 34, 84, 6655148
0.86, 4.56, 24.84, 113.21, 34, 84, 6666972
0.86, 4.56, 24.95, 113.70, 34, 84, 6678812
0.86, 4.56, 24.92, 113.58, 34, 84, 6690632
0.86, 4.23, 24.90, 105.35, 34, 84, 6702460
0.87, 4.56, 24.92, 113.58, 34, 84, 6714292
0.87, 4.88, 24.54, 119.85, 34, 84, 6726116
0.87, 4.56, 24.92, 113.58, 34, 84, 6737952
0.87, 4.88, 24.71, 120.64, 34, 84, 6749772
0.87, 3.58, 25.11, 89.92, 34, 84, 6761612
0.88, 4.56, 24.73, 112.72, 34, 84, 6773432
0.88, 4.56, 24.90, 113.46, 34, 84, 6785264
0.88, 4.88, 24.92, 121.69, 34, 84, 6797088
0.88, 4.88, 24.63, 120.24, 34, 84, 6808920
0.88, 4.56, 25.03, 114.07, 34, 84, 6820748
0.88, 4.88, 24.73, 120.77, 34, 84, 6832572
0.89, 4.88, 24.92, 121.69, 34, 84, 6844408
0.89, 4.88, 24.87, 121.43, 35, 84, 6856236
0.89, 4.88, 24.92, 121.69, 35, 84, 6868068
0.89, 4.88, 24.90, 121.56, 35, 84, 6879892
0.89, 4.88, 24.76, 120.90, 35, 84, 6891732
0.89, 4.88, 24.95, 121.82, 35, 84, 6903556
0.90, 4.88, 24.63, 120.24, 35, 84, 6915392
0.90, 4.88, 24.90, 121.56, 35, 84, 6927216
0.90, 4.88, 24.90, 121.56, 35, 84, 6939048
0.90, 4.88, 24.92, 121.69, 35, 84, 6950884
0.91, 4.88, 24.84, 121.30, 35, 84, 6962720
0.91, 4.88, 24.63, 120.24, 35, 84, 6974540
0.91, 4.88, 24.95, 121.82, 35, 84, 6986360
0.91, 5.21, 24.71, 128.68, 35, 84, 6998196
0.91, 4.88, 24.54, 119.85, 35, 84, 7010016
0.92, 3.91, 25.06, 97.88, 35, 84, 7021848
0.92, 5.21, 24.54, 127.84, 35, 84, 7033676
0.92, 5.21, 24.92, 129.80, 35, 84, 7045500
0.92, 4.88, 24.79, 121.03, 36, 84, 7057336
0.92, 5.21, 24.63, 128.26, 36, 84, 7069156
0.92, 4.56, 24.84, 113.21, 36, 84, 7080996
0.92, 5.21, 24.63, 128.26, 36, 85, 7092820
0.93, 5.21, 24.95, 129.94, 36, 84, 7104652
0.93, 5.21, 24.79, 129.10, 36, 84, 7116476
0.93, 5.21, 24.87, 129.52, 36, 84, 7128312
0.94, 5.21, 24.95, 129.94, 36, 84, 7140132
0.94, 5.21, 24.63, 128.26, 36, 84, 7151964
0.94, 5.21, 24.90, 129.66, 36, 84, 7163792
0.94, 5.21, 24.90, 129.66, 36, 84, 7175620
0.94, 5.21, 24.63, 128.26, 36, 84, 7187452
0.95, 5.21, 24.95, 129.94, 36, 84, 7199272
0.95, 5.21, 24.79, 129.10, 36, 84, 7211108
0.95, 5.21, 24.95, 129.94, 36, 84, 7222948
0.95, 5.21, 24.92, 129.80, 36, 84, 7234768
0.95, 5.21, 24.84, 129.38, 36, 84, 7246592
0.95, 5.21, 24.95, 129.94, 37, 84, 7258424
0.95, 5.21, 24.95, 129.94, 37, 84, 7270248
0.96, 4.56, 24.79, 112.96, 37, 84, 7282076
0.96, 5.21, 24.90, 129.66, 37, 84, 7293912
0.96, 5.21, 24.92, 129.80, 37, 84, 7305732
0.96, 5.21, 24.79, 129.10, 37, 84, 7317568
0.97, 5.53, 24.73, 136.87, 37, 84, 7329388
0.97, 4.88, 25.08, 122.48, 37, 84, 7341224
0.97, 5.53, 24.84, 137.47, 37, 84, 7353044
0.97, 5.53, 24.87, 137.62, 37, 84, 7364880
0.97, 5.53, 24.92, 137.92, 37, 84, 7376704
0.98, 5.53, 24.73, 136.87, 37, 84, 7388532
0.98, 5.53, 24.90, 137.77, 37, 84, 7400364
0.98, 5.53, 24.92, 137.92, 37, 84, 7412196
0.98, 5.53, 24.60, 136.13, 37, 84, 7424032
0.98, 5.53, 24.90, 137.77, 37, 84, 7435856
0.98, 5.53, 24.87, 137.62, 37, 84, 7447692
0.99, 5.53, 24.60, 136.13, 38, 84, 7459516
0.99, 5.53, 24.92, 137.92, 38, 84, 7471352
0.99, 5.53, 24.87, 137.62, 38, 84, 7483176
0.99, 5.53, 24.60, 136.13, 38, 84, 7495008
0.99, 5.53, 24.92, 137.92, 38, 84, 7506836
0.99, 5.53, 24.90, 137.77, 38, 84, 7518668
1.00, 5.53, 24.60, 136.13, 38, 84, 7530504
1.00, 4.88, 24.98, 121.95, 38, 84, 7542328
1.00, 5.53, 24.92, 137.92, 38, 84, 7554160
1.00, 5.53, 24.65, 136.42, 38, 84, 7565984
1.00, 5.53, 24.90, 137.77, 38, 84, 7577820
1.00, 5.53, 24.92, 137.92, 38, 84, 7589640
1.01, 4.56, 24.90, 113.46, 38, 84, 7601492
1.01, 5.53, 24.54, 135.83, 38, 85, 7613300
1.01, 5.53, 24.92, 137.92, 38, 84, 7625128
1.01, 5.53, 24.81, 137.32, 38, 84, 7636964
1.01, 5.86, 24.54, 143.82, 38, 84, 7648788
1.01, 5.53, 24.98, 138.21, 39, 84, 7660624
1.01, 5.86, 24.76, 145.08, 39, 84, 7672448
1.02, 5.86, 24.73, 144.92, 39, 84, 7684284
1.02, 5.86, 24.92, 146.03, 39, 84, 7696108
1.02, 5.86, 24.90, 145.87, 39, 84, 7707944
1.02, 5.86, 24.73, 144.92, 39, 84, 7719768
1.03, 5.86, 24.81, 145.40, 39, 84, 7731600
1.03, 5.86, 24.90, 145.87, 39, 84, 7743436
1.03, 5.86, 24.90, 145.87, 39, 84, 7755256
1.03, 5.86, 24.52, 143.66, 39, 84, 7767092
1.04, 5.86, 24.87, 145.71, 39, 84, 7778912
1.04, 5.86, 24.92, 146.03, 39, 84, 7790752
1.04, 5.53, 24.87, 137.62, 39, 84, 7802572
1.04, 5.86, 24.57, 143.97, 39, 84, 7814404
1.04, 5.86, 24.87, 145.71, 39, 84, 7826228
1.04, 5.86, 24.92, 146.03, 39, 84, 7838056
1.04, 5.86, 24.92, 146.03, 39, 84, 7849888
1.05, 4.88, 24.92, 121.69, 40, 84, 7861728
1.05, 5.86, 24.87, 145.71, 40, 84, 7873548
1.05, 5.86, 24.92, 146.03, 40, 84, 7885368
1.05, 5.86, 24.87, 145.71, 40, 84, 7897208
1.05, 5.86, 24.60, 144.13, 40, 84, 7909032
1.05, 5.53, 24.84, 137.47, 40, 84, 7920864
1.06, 6.18, 24.92, 154.14, 40, 84, 7932688
1.06, 6.18, 24.81, 153.47, 40, 84, 7944524
1.06, 5.86, 24.84, 145.55, 40, 84, 7956344
1.06, 6.18, 24.54, 151.81, 40, 84, 7968172
1.06, 6.18, 24.90, 153.97, 40, 84, 7980008
1.07, 6.18, 24.92, 154.14, 40, 84, 7991828
1.07, 6.18, 24.87, 153.81, 40, 84, 8003664
1.07, 6.18, 24.65, 152.47, 40, 84, 8015488
1.07, 6.18, 24.92, 154.14, 40, 84, 8027320
1.07, 6.18, 24.92, 154.14, 40, 84, 8039148
1.07, 6.18, 24.73, 152.97, 40, 84, 8050984
1.07, 5.86, 24.79, 145.24, 41, 84, 8062808
1.07, 6.18, 24.54, 151.81, 41, 84, 8074640
1.08, 6.18, 24.95, 154.31, 41, 84, 8086476
1.08, 6.18, 24.90, 153.97, 41, 84, 8098300
1.08, 6.18, 24.90, 153.97, 41, 84, 8110136
1.08, 4.88, 24.95, 121.82, 41, 84, 8121960
1.09, 6.18, 24.76, 153.14, 41, 84, 8133796
1.09, 6.18, 24.92, 154.14, 41, 84, 8145624
1.09, 6.18, 24.84, 153.64, 41, 84, 8157456
1.09, 6.18, 24.71, 152.81, 41, 84, 8169280
1.09, 5.53, 25.03, 138.51, 41, 84, 8181112
1.10, 6.18, 24.92, 154.14, 41, 84, 8192952
1.10, 6.18, 24.92, 154.14, 41, 84, 8204776
1.10, 6.18, 24.73, 152.97, 41, 84, 8216612
1.10, 6.51, 24.60, 160.15, 41, 84, 8228436
1.10, 6.18, 24.92, 154.14, 41, 84, 8240276
1.10, 6.18, 24.92, 154.14, 41, 84, 8252096
1.10, 6.51, 24.87, 161.90, 42, 84, 8263936
1.11, 6.51, 24.76, 161.20, 42, 84, 8275760
1.11, 6.51, 24.54, 159.80, 42, 84, 8287588
1.11, 6.51, 24.87, 161.90, 42, 84, 8299420
1.11, 6.51, 24.92, 162.25, 42, 84, 8311248
1.11, 6.51, 24.63, 160.32, 42, 84, 8323100
1.12, 6.51, 24.71, 160.85, 42, 85, 8334908
1.12, 6.51, 24.54, 159.80, 42, 84, 8346744
1.12, 6.51, 24.87, 161.90, 42, 84, 8358564
1.12, 6.51, 24.95, 162.43, 42, 84, 8370400
1.12, 5.21, 25.03, 130.37, 42, 84, 8382220
1.13, 6.51, 24.76, 161.20, 42, 84, 8394056
1.13, 6.51, 24.87, 161.90, 42, 84, 8405880
1.13, 6.51, 24.71, 160.85, 42, 84, 8417708
1.13, 6.51, 24.84, 161.73, 42, 84, 8429544
1.13, 5.86, 25.06, 146.82, 42, 84, 8441368
1.14, 6.51, 24.92, 162.25, 42, 84, 8453212
1.13, 6.51, 24.90, 162.08, 43, 84, 8465036
1.14, 6.51, 24.79, 161.38, 43, 84, 8476872
1.14, 6.51, 24.68, 160.67, 43, 84, 8488696
1.14, 6.84, 24.84, 169.81, 43, 84, 8500536
1.14, 6.84, 24.84, 169.81, 43, 85, 8512360
1.15, 6.84, 24.92, 170.37, 43, 84, 8524188
1.15, 6.84, 24.92, 170.37, 43, 84, 8536024
1.15, 6.84, 24.92, 170.37, 43, 84, 8547848
1.16, 6.84, 24.81, 169.63, 43, 84, 8559680
1.16, 6.84, 24.65, 168.52, 43, 84, 8571504
1.16, 6.84, 24.87, 170.00, 43, 84, 8583348
1.16, 6.84, 24.84, 169.81, 43, 84, 8595164
1.17, 6.84, 24.92, 170.37, 43, 84, 8607000
1.17, 6.84, 24.92, 170.37, 43, 84, 8618828
1.17, 6.84, 24.90, 170.18, 43, 84, 8630656
1.17, 6.18, 24.79, 153.31, 43, 84, 8642492
1.17, 6.84, 24.65, 168.52, 43, 84, 8654320
1.17, 6.84, 24.71, 168.89, 44, 84, 8666156
1.17, 6.84, 24.79, 169.45, 44, 84, 8677980
1.18, 6.84, 24.90, 170.18, 44, 84, 8689812
1.18, 5.86, 25.08, 146.98, 44, 84, 8701652
1.18, 7.16, 24.92, 178.48, 44, 84, 8713472
1.18, 7.16, 24.92, 178.48, 44, 84, 8725296
1.19, 7.16, 24.81, 177.71, 44, 84, 8737124
1.19, 7.16, 24.71, 176.93, 44, 84, 8748956
1.19, 7.16, 24.65, 176.55, 44, 84, 8760788
1.19, 7.16, 24.54, 175.78, 44, 84, 8772620
1.19, 7.16, 24.52, 175.58, 44, 84, 8784448
1.19, 7.16, 24.87, 178.09, 44, 84, 8796284
1.20, 7.16, 24.84, 177.90, 44, 84, 8808104
1.20, 7.16, 24.92, 178.48, 44, 84, 8819940
1.20, 7.16, 24.87, 178.09, 44, 84, 8831760
1.20, 7.16, 24.90, 178.29, 44, 84, 8843596
1.20, 7.16, 24.92, 178.48, 44, 84, 8855424
1.20, 7.16, 24.90, 178.29, 45, 84, 8867252
1.20, 7.16, 24.65, 176.55, 45, 84, 8879092
1.21, 7.16, 24.63, 176.36, 45, 84, 8890916
1.21, 6.84, 24.81, 169.63, 45, 84, 8902752
1.21, 7.16, 24.65, 176.55, 45, 84, 8914576
1.22, 7.16, 24.90, 178.29, 45, 84, 8926412
1.22, 7.16, 24.73, 177.13, 45, 84, 8938232
1.22, 7.16, 24.92, 178.48, 45, 84, 8950072
1.22, 6.18, 25.03, 154.81, 45, 84, 8961908
1.22, 7.16, 24.92, 178.48, 45, 84, 8973720
1.23, 7.49, 24.87, 186.19, 45, 84, 8985560
1.23, 7.49, 24.87, 186.19, 45, 84, 8997380
1.23, 7.49, 24.84, 185.99, 45, 84, 9009216
1.23, 7.16, 24.84, 177.90, 45, 84, 9021040
1.23, 7.49, 24.79, 185.58, 45, 84, 9032872
1.24, 7.49, 24.87, 186.19, 45, 84, 9044692
1.24, 7.49, 24.65, 184.57, 45, 84, 9056532
1.24, 7.49, 24.68, 184.78, 46, 84, 9068356
1.24, 7.49, 24.57, 183.97, 46, 84, 9080184
1.24, 7.49, 24.54, 183.77, 46, 84, 9092012
1.25, 7.49, 24.60, 184.17, 46, 84, 9103844
1.25, 7.49, 24.46, 183.16, 46, 84, 9115676
1.25, 7.49, 24.52, 183.56, 46, 84, 9127500
1.25, 7.49, 24.49, 183.36, 46, 84, 9139336
1.26, 7.49, 24.54, 183.77, 46, 84, 9151156
1.26, 7.16, 24.49, 175.39, 46, 84, 9162992
1.26, 7.49, 24.65, 184.57, 46, 84, 9174816
1.26, 7.49, 24.54, 183.77, 46, 84, 9186644
1.26, 7.49, 24.54, 183.77, 46, 84, 9198472
1.27, 7.49, 24.57, 183.97, 46, 84, 9210300
1.27, 6.51, 24.71, 160.85, 46, 84, 9222136
1.27, 7.81, 24.52, 191.54, 46, 84, 9233960
1.27, 7.49, 24.57, 183.97, 46, 84, 9245800
1.27, 7.49, 24.60, 184.17, 46, 84, 9257620
1.27, 7.81, 24.57, 191.97, 47, 84, 9269456
1.27, 7.16, 25.03, 179.25, 47, 84, 9281284
1.28, 7.81, 24.90, 194.49, 47, 84, 9293120
1.28, 7.81, 24.71, 193.02, 47, 84, 9304940
1.29, 7.81, 24.84, 194.07, 47, 84, 9316768
1.29, 7.81, 24.90, 194.49, 47, 84, 9328604
1.29, 7.81, 24.81, 193.86, 47, 84, 9340432
1.30, 8.14, 24.92, 202.82, 47, 84, 9352268
1.30, 8.14, 24.92, 202.82, 47, 84, 9364096
1.31, 8.14, 24.90, 202.60, 47, 84, 9375928
1.31, 8.14, 24.68, 200.84, 47, 84, 9387752
1.31, 8.14, 24.87, 202.38, 47, 84, 9399588
1.31, 8.14, 24.57, 199.96, 47, 84, 9411412
1.31, 8.14, 24.90, 202.60, 47, 84, 9423256
1.32, 8.14, 24.71, 201.06, 47, 84, 9435072
1.32, 8.14, 24.57, 199.96, 47, 84, 9446896
1.32, 8.14, 24.52, 199.53, 47, 84, 9458736
1.32, 8.14, 24.57, 199.96, 48, 84, 9470560
1.32, 6.84, 24.60, 168.15, 48, 84, 9482392
1.32, 8.14, 24.57, 199.96, 48, 84, 9494216
1.33, 8.14, 24.63, 200.40, 48, 84, 9506052
1.33, 8.14, 24.79, 201.72, 48, 84, 9517880
1.33, 8.46, 24.71, 209.10, 48, 84, 9529708
1.34, 7.81, 24.92, 194.71, 48, 84, 9541536
1.34, 8.46, 24.90, 210.70, 48, 84, 9553364
1.35, 8.46, 24.90, 210.70, 48, 84, 9565200
1.35, 8.46, 24.90, 210.70, 48, 84, 9577024
1.35, 8.46, 24.90, 210.70, 48, 84, 9588860
1.35, 8.46, 24.90, 210.70, 48, 84, 9600688
1.35, 8.46, 24.90, 210.70, 48, 84, 9612524
1.36, 8.46, 24.90, 210.70, 48, 84, 9624344
1.36, 8.46, 24.87, 210.47, 48, 84, 9636176
1.36, 8.46, 24.71, 209.10, 48, 84, 9648008
1.36, 8.46, 24.57, 207.96, 48, 84, 9659836
1.36, 8.46, 24.65, 208.65, 49, 84, 9671672
1.36, 8.46, 24.73, 209.33, 49, 84, 9683512
1.36, 8.46, 24.52, 207.51, 49, 84, 9695328
1.36, 8.46, 24.57, 207.96, 49, 84, 9707152
1.37, 8.46, 24.68, 208.88, 49, 84, 9718988
1.37, 8.79, 24.81, 218.10, 49, 84, 9730812
1.37, 8.14, 24.81, 201.94, 49, 84, 9742648
1.38, 8.79, 24.92, 219.04, 49, 84, 9754472
1.38, 8.79, 24.90, 218.81, 49, 84, 9766300
1.38, 8.79, 24.90, 218.81, 49, 84, 9778132
1.39, 8.79, 24.44, 214.78, 49, 84, 9789956
1.39, 7.49, 25.06, 187.60, 49, 84, 9801804
1.39, 8.79, 24.54, 215.72, 49, 84, 9813612
1.39, 8.79, 24.71, 217.15, 49, 84, 9825448
1.40, 8.79, 24.90, 218.81, 49, 84, 9837268
1.40, 8.79, 24.87, 218.57, 49, 84, 9849104
1.40, 8.79, 24.92, 219.04, 49, 84, 9860932
1.40, 8.79, 24.90, 218.81, 50, 84, 9872760
1.40, 8.79, 24.90, 218.81, 50, 84, 9884592
1.40, 8.79, 24.57, 215.96, 50, 84, 9896420
1.40, 8.79, 24.68, 216.91, 50, 84, 9908260
1.41, 8.79, 24.52, 215.49, 50, 84, 9920084
1.41, 9.11, 24.63, 224.45, 50, 84, 9931920
1.42, 9.11, 24.57, 223.96, 50, 84, 9943744
1.42, 9.11, 24.79, 225.93, 50, 84, 9955580
1.42, 9.11, 24.90, 226.91, 50, 84, 9967404
1.43, 9.11, 24.92, 227.16, 50, 84, 9979236
1.43, 9.11, 24.71, 225.19, 50, 84, 9991064
1.43, 8.79, 24.95, 219.28, 50, 84, 10002896
1.44, 9.11, 24.68, 224.94, 50, 84, 10014732
1.44, 9.11, 24.52, 223.47, 50, 84, 10026556
1.44, 9.11, 24.57, 223.96, 50, 84, 10038392
1.44, 9.11, 24.68, 224.94, 50, 84, 10050212
1.44, 7.81, 24.92, 194.71, 50, 84, 10062060
1.44, 9.11, 24.87, 226.66, 51, 84, 10073868
1.44, 9.11, 24.84, 226.42, 51, 84, 10085704
1.44, 9.11, 24.60, 224.21, 51, 84, 10097528
1.45, 9.44, 24.57, 231.96, 51, 84, 10109356
1.46, 9.11, 24.57, 223.96, 51, 84, 10121196
1.46, 9.44, 24.81, 234.25, 51, 84, 10133020
1.47, 9.44, 24.90, 235.01, 51, 84, 10144856
1.47, 9.44, 24.92, 235.27, 51, 84, 10156680
1.48, 9.77, 24.71, 241.27, 51, 84, 10168520
1.48, 9.44, 24.54, 231.70, 51, 84, 10180340
1.48, 9.44, 24.54, 231.70, 51, 84, 10192180
1.49, 9.44, 24.87, 234.76, 51, 84, 10204004
1.49, 9.44, 24.90, 235.01, 51, 84, 10215828
1.49, 9.44, 24.68, 232.98, 51, 84, 10227664
1.49, 9.44, 24.46, 230.94, 51, 84, 10239492
1.49, 9.44, 24.54, 231.70, 51, 84, 10251324
1.49, 9.11, 24.79, 225.93, 51, 84, 10263148
1.49, 9.44, 24.90, 235.01, 52, 84, 10274984
1.49, 9.44, 24.68, 232.98, 52, 84, 10286804
1.49, 9.77, 24.41, 238.38, 52, 84, 10298640
1.49, 9.77, 24.54, 239.69, 52, 84, 10310464
1.50, 8.46, 25.08, 212.30, 52, 84, 10322288
1.51, 9.77, 24.87, 242.85, 52, 84, 10334120
1.51, 9.77, 24.57, 239.96, 52, 84, 10345948
1.51, 9.77, 24.46, 238.90, 52, 84, 10357784
1.51, 9.77, 24.87, 242.85, 52, 84, 10369608
1.52, 9.44, 25.00, 236.03, 52, 84, 10381444
1.52, 9.77, 24.90, 243.12, 52, 84, 10393264
1.52, 9.77, 24.52, 239.43, 52, 84, 10405100
1.52, 9.77, 24.79, 242.06, 52, 84, 10416924
1.52, 9.77, 24.90, 243.12, 52, 84, 10428748
1.52, 9.77, 24.54, 239.69, 52, 84, 10440580
1.52, 9.77, 24.52, 239.43, 52, 84, 10452412
1.52, 9.77, 24.65, 240.75, 52, 84, 10464244
1.52, 9.77, 24.92, 243.38, 53, 84, 10476064
1.52, 9.77, 24.68, 241.01, 53, 84, 10487904
1.52, 9.77, 24.54, 239.69, 53, 84, 10499724
1.53, 10.09, 24.79, 250.13, 53, 84, 10511556
1.53, 10.09, 24.90, 251.22, 53, 84, 10523400
1.54, 10.09, 24.46, 246.87, 53, 84, 10535216
1.55, 10.09, 24.71, 249.32, 53, 84, 10547040
1.55, 10.09, 24.92, 251.49, 53, 84, 10558868
1.56, 10.09, 24.84, 250.68, 53, 84, 10570704
1.56, 8.79, 24.65, 216.67, 53, 84, 10582528
1.56, 10.09, 24.65, 248.77, 53, 84, 10594364
1.56, 10.09, 24.92, 251.49, 53, 84, 10606188
1.56, 10.09, 24.54, 247.68, 53, 84, 10618020
1.56, 10.09, 24.63, 248.50, 53, 84, 10629848
1.56, 9.44, 24.90, 235.01, 53, 84, 10641684
1.56, 10.09, 24.90, 251.22, 53, 84, 10653508
1.56, 10.09, 24.81, 250.41, 53, 84, 10665340
1.56, 10.09, 24.60, 248.23, 54, 84, 10677176
1.57, 10.09, 24.90, 251.22, 54, 84, 10688996
1.57, 10.42, 24.87, 259.05, 54, 84, 10700840
1.57, 10.42, 24.44, 254.55, 54, 84, 10712664
1.58, 10.42, 24.60, 256.24, 54, 84, 10724500
1.58, 10.42, 24.90, 259.33, 54, 84, 10736320
1.59, 10.42, 24.87, 259.05, 54, 84, 10748160
1.59, 10.42, 24.54, 255.67, 54, 84, 10759988
1.60, 10.42, 24.71, 257.36, 54, 84, 10771816
1.60, 10.42, 24.76, 257.92, 54, 84, 10783668
1.60, 10.42, 24.46, 254.83, 54, 85, 10795476
1.60, 10.42, 24.52, 255.39, 54, 84, 10807316
1.60, 10.42, 24.87, 259.05, 54, 84, 10819140
1.60, 10.42, 24.84, 258.76, 54, 84, 10830972
1.60, 9.77, 24.76, 241.80, 54, 84, 10842804
1.60, 10.42, 24.71, 257.36, 54, 84, 10854636
1.60, 10.42, 24.87, 259.05, 54, 84, 10866464
1.60, 10.42, 24.46, 254.83, 55, 84, 10878292
1.61, 10.42, 24.65, 256.80, 55, 84, 10890124
1.61, 9.44, 25.08, 236.80, 55, 84, 10901968
1.61, 10.74, 24.44, 262.50, 55, 84, 10913784
1.62, 10.74, 24.87, 267.14, 55, 84, 10925608
1.62, 10.74, 24.87, 267.14, 55, 84, 10937444
1.63, 10.74, 24.46, 262.79, 55, 84, 10949268
1.63, 10.74, 24.84, 266.85, 55, 84, 10961100
1.64, 10.74, 24.68, 265.11, 55, 84, 10972924
1.64, 10.74, 24.52, 263.37, 55, 84, 10984760
1.64, 10.74, 24.90, 267.43, 55, 84, 10996580
1.65, 11.07, 24.46, 270.76, 55, 84, 11008412
1.65, 11.07, 24.84, 274.94, 55, 84, 11020244
1.65, 11.07, 24.73, 273.74, 55, 84, 11032068
1.65, 11.07, 24.46, 270.76, 55, 84, 11043904
1.66, 11.07, 24.84, 274.94, 55, 84, 11055728
1.66, 11.07, 24.65, 272.85, 55, 84, 11067564
1.66, 11.07, 24.63, 272.55, 56, 84, 11079388
1.66, 11.07, 24.90, 275.53, 56, 84, 11091224
1.67, 10.42, 24.49, 255.11, 56, 84, 11103048
1.67, 11.07, 24.73, 273.74, 56, 84, 11114880
1.68, 11.39, 24.90, 283.64, 56, 84, 11126716
1.68, 11.39, 24.52, 279.34, 56, 84, 11138540
1.69, 11.39, 24.81, 282.72, 56, 84, 11150380
1.69, 10.09, 24.71, 249.32, 56, 84, 11162216
1.69, 11.39, 24.71, 281.49, 56, 84, 11174036
1.70, 11.39, 24.90, 283.64, 56, 84, 11185860
1.70, 11.39, 24.46, 278.72, 56, 84, 11197696
1.70, 11.39, 24.84, 283.02, 56, 84, 11209520
1.70, 11.07, 24.63, 272.55, 56, 84, 11221348
1.71, 11.39, 24.63, 280.57, 56, 84, 11233176
1.71, 11.39, 24.87, 283.33, 56, 84, 11245012
1.71, 11.39, 24.46, 278.72, 56, 84, 11256848
1.71, 11.39, 24.81, 282.72, 56, 84, 11268672
1.71, 11.39, 24.68, 281.18, 57, 84, 11280508
1.71, 11.39, 24.54, 279.64, 57, 84, 11292336
1.71, 11.72, 24.90, 291.74, 57, 84, 11304172
1.72, 11.72, 24.41, 286.05, 57, 84, 11315996
1.72, 11.72, 24.84, 291.11, 57, 84, 11327824
1.73, 11.72, 24.57, 287.95, 57, 84, 11339652
1.74, 11.72, 24.60, 288.27, 57, 84, 11351484
1.74, 11.39, 24.90, 283.64, 57, 84, 11363316
1.75, 11.72, 24.63, 288.58, 57, 84, 11375140
1.75, 11.72, 24.79, 290.48, 57, 84, 11386976
1.75, 12.04, 24.49, 294.97, 57, 84, 11398800
1.76, 12.04, 24.84, 299.20, 57, 84, 11410636
1.76, 10.74, 24.60, 264.24, 57, 84, 11422464
1.76, 12.04, 24.60, 296.27, 57, 84, 11434300
1.76, 12.04, 24.63, 296.60, 57, 84, 11446120
1.76, 11.72, 24.73, 289.85, 57, 84, 11457952
1.76, 12.04, 24.87, 299.52, 57, 84, 11469788
1.77, 11.72, 24.73, 289.85, 58, 84, 11481608
1.77, 12.04, 24.90, 299.85, 58, 84, 11493448
1.77, 12.04, 24.41, 294.00, 58, 84, 11505272
1.78, 12.37, 24.71, 305.61, 58, 84, 11517112
1.78, 12.37, 24.46, 302.61, 58, 84, 11528932
1.79, 12.04, 24.57, 295.95, 58, 84, 11540772
1.79, 12.37, 24.65, 304.95, 58, 84, 11552596
1.80, 12.37, 24.54, 303.61, 58, 84, 11564428
1.80, 12.37, 24.87, 307.62, 58, 84, 11576260
1.81, 12.37, 24.44, 302.28, 58, 84, 11588088
1.81, 12.37, 24.87, 307.62, 58, 84, 11599928
1.81, 12.37, 24.41, 301.94, 58, 84, 11611752
1.81, 12.37, 24.63, 304.61, 58, 84, 11623600
1.82, 12.37, 24.41, 301.94, 58, 84, 11635412
1.82, 12.37, 24.57, 303.95, 58, 84, 11647248
1.82, 12.37, 24.65, 304.95, 58, 84, 11659072
1.82, 12.37, 24.63, 304.61, 58, 84, 11670904
1.82, 11.39, 25.08, 285.79, 59, 84, 11682744
1.82, 12.37, 24.49, 302.95, 59, 84, 11694564
1.82, 12.70, 24.87, 315.71, 59, 84, 11706400
1.83, 12.70, 24.44, 310.23, 59, 84, 11718228
1.84, 12.70, 24.87, 315.71, 59, 84, 11730060
1.84, 12.04, 24.60, 296.27, 59, 84, 11741884
1.85, 12.70, 24.87, 315.71, 59, 84, 11753716
1.85, 12.70, 24.54, 311.60, 59, 84, 11765540
1.86, 12.70, 24.87, 315.71, 59, 84, 11777372
1.86, 12.70, 24.65, 312.97, 59, 84, 11789200
1.86, 12.70, 24.73, 314.00, 59, 84, 11801028
1.86, 13.02, 24.49, 318.89, 59, 84, 11812864
1.86, 13.02, 24.54, 319.59, 59, 84, 11824688
1.87, 13.02, 24.49, 318.89, 59, 84, 11836524
1.87, 13.02, 24.79, 322.75, 59, 84, 11848348
1.87, 13.02, 24.52, 319.24, 59, 84, 11860188
1.87, 12.70, 24.63, 312.63, 59, 84, 11872008
1.87, 13.02, 24.41, 317.84, 60, 84, 11883864
1.87, 13.02, 24.41, 317.84, 60, 84, 11895672
1.87, 13.02, 24.84, 323.46, 60, 84, 11907500
1.88, 13.02, 24.44, 318.19, 60, 84, 11919332
1.88, 13.02, 24.92, 324.51, 60, 84, 11931156
1.89, 12.04, 24.63, 296.60, 60, 84, 11942992
1.89, 13.02, 24.81, 323.10, 60, 84, 11954816
1.90, 13.35, 24.63, 328.66, 60, 84, 11966648
1.90, 13.35, 24.33, 324.70, 60, 84, 11978472
1.91, 13.35, 24.76, 330.46, 60, 84, 11990304
1.91, 12.04, 24.81, 298.87, 60, 84, 12002148
1.91, 13.35, 24.87, 331.90, 60, 84, 12013960
1.91, 13.35, 24.44, 326.14, 60, 84, 12025796
1.92, 13.35, 24.60, 328.30, 60, 84, 12037620
1.92, 13.35, 24.65, 329.02, 60, 84, 12049452
1.92, 13.35, 24.46, 326.50, 60, 84, 12061276
1.92, 13.35, 24.87, 331.90, 60, 84, 12073108
1.92, 13.35, 24.49, 326.86, 61, 84, 12084932
1.92, 13.67, 24.84, 339.63, 61, 84, 12096764
1.92, 13.67, 24.71, 337.78, 61, 84, 12108588
1.93, 13.67, 24.36, 332.99, 61, 84, 12120420
1.94, 14.00, 24.87, 348.09, 61, 84, 12132248
1.95, 14.00, 24.33, 340.54, 61, 84, 12144096
1.96, 14.00, 24.84, 347.71, 61, 84, 12155916
1.97, 14.00, 24.79, 346.96, 61, 84, 12167736
1.98, 14.00, 24.33, 340.54, 61, 84, 12179572
1.98, 14.00, 24.92, 348.85, 61, 84, 12191400
1.99, 13.67, 24.49, 334.83, 61, 84, 12203236
1.99, 14.32, 24.60, 352.32, 61, 84, 12215060
1.99, 14.32, 24.65, 353.10, 61, 84, 12226892
2.00, 14.32, 24.38, 349.23, 61, 84, 12238724
2.00, 14.32, 24.87, 356.19, 61, 84, 12250552
2.00, 13.02, 24.57, 319.94, 61, 84, 12262408
2.00, 14.32, 24.38, 349.23, 61, 85, 12274216
2.00, 14.32, 24.73, 354.26, 62, 84, 12286052
2.01, 14.32, 24.41, 349.62, 62, 84, 12297876
2.01, 14.65, 24.52, 359.15, 62, 84, 12309708
2.02, 14.32, 24.95, 357.35, 62, 84, 12321532
2.03, 14.65, 24.52, 359.15, 62, 84, 12333368
2.04, 14.65, 24.41, 357.57, 62, 84, 12345192
2.04, 14.65, 24.81, 363.49, 62, 84, 12357024
2.05, 14.65, 24.46, 358.36, 62, 84, 12368860
2.05, 14.97, 24.36, 364.70, 62, 84, 12380688
2.05, 14.97, 24.81, 371.57, 62, 84, 12392520
2.06, 14.97, 24.44, 365.92, 62, 84, 12404344
2.06, 14.97, 24.33, 364.30, 62, 84, 12416176
2.07, 14.97, 24.68, 369.55, 62, 84, 12428000
2.07, 14.97, 24.52, 367.13, 62, 84, 12439836
2.07, 14.97, 24.33, 364.30, 62, 84, 12451660
2.08, 14.65, 24.90, 364.68, 62, 84, 12463488
2.08, 14.97, 24.60, 368.34, 62, 84, 12475320
2.07, 14.97, 24.41, 365.51, 63, 84, 12487148
2.08, 14.97, 24.65, 369.15, 63, 84, 12498984
2.08, 15.30, 24.71, 378.00, 63, 84, 12510808
2.09, 14.32, 24.54, 351.55, 63, 84, 12522648
2.10, 15.63, 24.46, 382.25, 63, 84, 12534468
2.11, 15.63, 24.68, 385.62, 63, 84, 12546308
2.11, 15.63, 24.46, 382.25, 63, 84, 12558132
2.12, 15.63, 24.36, 380.56, 63, 84, 12569964
2.13, 15.63, 25.08, 391.94, 63, 84, 12581796
2.13, 15.63, 24.68, 385.62, 63, 84, 12593628
2.14, 15.63, 24.41, 381.40, 63, 84, 12605460
2.14, 15.63, 24.38, 380.98, 63, 84, 12617288
2.15, 15.95, 24.87, 396.66, 63, 84, 12629120
2.15, 15.95, 24.79, 395.37, 63, 84, 12640944
2.16, 15.95, 24.46, 390.21, 63, 84, 12652780
2.16, 15.95, 24.41, 389.35, 63, 84, 12664600
2.16, 15.95, 24.84, 396.23, 63, 84, 12676428
2.16, 15.95, 24.71, 394.08, 64, 84, 12688260
2.16, 15.95, 24.57, 391.93, 64, 84, 12700088
2.17, 16.28, 24.30, 395.54, 64, 84, 12711924
2.17, 15.95, 24.27, 387.20, 64, 84, 12723748
2.18, 16.60, 24.87, 412.85, 64, 84, 12735584
2.19, 16.60, 24.71, 410.17, 64, 84, 12747404
2.20, 16.60, 24.52, 407.03, 64, 84, 12759240
2.21, 16.60, 24.41, 405.24, 64, 84, 12771064
2.21, 15.63, 24.49, 382.67, 64, 84, 12782896
2.22, 16.60, 24.33, 403.90, 64, 85, 12794720
2.22, 16.60, 24.68, 409.72, 64, 84, 12806552
2.22, 16.93, 24.68, 417.75, 64, 84, 12818388
2.23, 16.93, 24.57, 415.93, 64, 84, 12830204
2.23, 16.28, 24.49, 398.61, 64, 84, 12842044
2.24, 16.93, 24.41, 413.19, 64, 85, 12853864
2.24, 16.93, 24.57, 415.93, 64, 84, 12865704
2.24, 16.93, 24.81, 420.04, 64, 84, 12877528
2.24, 16.93, 24.76, 419.12, 65, 84, 12889360
2.24, 16.93, 24.46, 414.10, 65, 84, 12901184
2.25, 17.25, 24.30, 419.27, 65, 84, 12913016
2.26, 17.25, 24.41, 421.13, 65, 84, 12924856
2.27, 17.25, 24.44, 421.60, 65, 84, 12936676
2.28, 17.58, 24.81, 436.19, 65, 84, 12948512
2.28, 17.58, 24.87, 437.14, 65, 84, 12960336
2.29, 17.58, 24.73, 434.77, 65, 84, 12972168
2.29, 17.58, 24.44, 429.55, 65, 84, 12984008
2.30, 17.58, 24.41, 429.08, 65, 84, 12995828
2.30, 17.58, 24.33, 427.66, 65, 84, 13007648
2.30, 17.58, 24.41, 429.08, 65, 84, 13019480
2.30, 17.58, 24.27, 426.71, 65, 84, 13031308
2.31, 16.28, 24.95, 406.08, 65, 84, 13043140
2.31, 17.58, 24.84, 436.66, 65, 84, 13054972
2.31, 17.58, 24.79, 435.72, 65, 84, 13066796
2.31, 17.58, 24.65, 433.35, 65, 84, 13078628
2.31, 17.58, 24.41, 429.08, 66, 84, 13090452
2.31, 16.93, 24.57, 415.93, 66, 84, 13102304
2.32, 17.90, 24.30, 435.09, 66, 84, 13114112
2.33, 18.23, 24.41, 444.97, 66, 84, 13125952
2.34, 18.23, 24.44, 445.46, 66, 84, 13137776
2.35, 18.23, 24.81, 452.35, 66, 84, 13149608
2.35, 18.23, 24.60, 448.41, 66, 84, 13161440
2.36, 18.23, 24.81, 452.35, 66, 84, 13173264
2.36, 18.23, 24.46, 445.95, 66, 84, 13185100
2.37, 18.23, 24.38, 444.48, 66, 84, 13196928
2.37, 18.23, 24.41, 444.97, 66, 84, 13208768
2.37, 18.23, 24.41, 444.97, 66, 84, 13220592
2.37, 18.23, 24.54, 447.43, 66, 84, 13232424
2.37, 18.23, 24.84, 452.84, 66, 84, 13244268
2.37, 17.90, 24.44, 437.51, 66, 84, 13256080
2.37, 18.23, 24.84, 452.84, 66, 84, 13267916
2.37, 18.23, 24.73, 450.87, 66, 84, 13279740
2.37, 18.23, 24.63, 448.90, 67, 84, 13291576
2.37, 17.90, 24.63, 440.89, 67, 84, 13303400
2.38, 18.55, 24.38, 452.42, 67, 84, 13315236
2.39, 18.55, 24.41, 452.92, 67, 84, 13327060
2.40, 18.55, 24.30, 450.91, 67, 84, 13338896
2.41, 18.88, 24.27, 458.32, 67, 84, 13350724
2.41, 17.58, 25.03, 439.98, 67, 84, 13362572
2.42, 18.88, 24.54, 463.41, 67, 84, 13374392
2.42, 18.88, 24.63, 464.94, 67, 84, 13386216
2.43, 18.88, 24.81, 468.50, 67, 84, 13398056
2.43, 18.88, 24.76, 467.48, 67, 84, 13409880
2.43, 18.55, 24.57, 455.92, 67, 84, 13421716
2.43, 18.88, 24.57, 463.92, 67, 84, 13433540
2.43, 18.88, 24.52, 462.90, 67, 84, 13445380
2.43, 18.55, 24.46, 453.92, 67, 84, 13457204
2.42, 18.55, 24.41, 452.92, 67, 84, 13469032
2.42, 18.55, 24.38, 452.42, 67, 84, 13480864
2.42, 18.55, 24.33, 451.42, 68, 84, 13492692
2.42, 18.55, 24.25, 449.91, 68, 84, 13504532
2.42, 18.55, 24.25, 449.91, 68, 84, 13516356
2.43, 18.88, 24.81, 468.50, 68, 84, 13528192
2.43, 18.88, 24.84, 469.01, 68, 84, 13540020
2.44, 18.88, 24.81, 468.50, 68, 84, 13551856
2.45, 18.55, 24.84, 460.92, 68, 84, 13563680
2.45, 19.21, 24.84, 477.10, 68, 84, 13575512
2.46, 19.21, 24.79, 476.06, 68, 84, 13587340
2.46, 19.21, 24.81, 476.58, 68, 84, 13599172
2.46, 19.21, 24.65, 473.47, 68, 84, 13611012
2.46, 18.23, 25.00, 455.79, 68, 84, 13622836
2.47, 19.53, 24.52, 478.86, 68, 84, 13634672
2.48, 19.53, 24.81, 484.66, 68, 84, 13646496
2.48, 19.21, 24.65, 473.47, 68, 84, 13658332
2.48, 19.21, 24.52, 470.88, 68, 84, 13670160
2.47, 19.21, 24.52, 470.88, 68, 84, 13681992
2.47, 19.21, 24.46, 469.84, 69, 84, 13693820
2.47, 19.53, 24.38, 476.23, 69, 84, 13705652
2.48, 19.53, 24.36, 475.70, 69, 84, 13717492
2.48, 19.53, 24.36, 475.70, 69, 84, 13729316
2.49, 19.86, 24.44, 485.24, 69, 84, 13741152
2.49, 19.86, 24.30, 482.56, 69, 84, 13752976
2.50, 19.86, 24.36, 483.63, 69, 84, 13764812
2.50, 19.86, 24.36, 483.63, 69, 84, 13776636
2.51, 19.86, 24.27, 482.02, 69, 84, 13788476
2.52, 19.86, 24.30, 482.56, 69, 84, 13800300
2.52, 19.86, 24.27, 482.02, 69, 84, 13812128
2.52, 19.53, 24.27, 474.12, 69, 84, 13823968
2.52, 19.86, 24.27, 482.02, 69, 84, 13835792
2.53, 19.86, 24.30, 482.56, 69, 84, 13847632
2.53, 19.86, 24.33, 483.09, 69, 84, 13859456
2.53, 19.86, 24.27, 482.02, 69, 84, 13871292
2.53, 18.88, 24.46, 461.88, 69, 84, 13883120
2.53, 19.86, 24.41, 484.70, 70, 84, 13894956
2.53, 19.86, 24.30, 482.56, 70, 84, 13906780
2.53, 20.18, 24.25, 489.38, 70, 84, 13918612
2.53, 20.18, 24.36, 491.56, 70, 84, 13930448
2.54, 19.53, 24.41, 476.75, 70, 84, 13942272
2.55, 20.51, 24.27, 497.83, 70, 84, 13954104
2.56, 20.51, 24.36, 499.49, 70, 84, 13965928
2.57, 20.51, 24.27, 497.83, 70, 84, 13977764
2.57, 20.51, 24.41, 500.59, 70, 84, 13989588
2.58, 20.51, 24.41, 500.59, 70, 84, 14001420
2.58, 20.51, 24.41, 500.59, 70, 84, 14013244
2.58, 20.51, 24.49, 502.25, 70, 84, 14025076
2.58, 20.51, 24.63, 505.02, 70, 84, 14036908
2.59, 20.51, 24.79, 508.34, 70, 84, 14048732
2.59, 20.51, 24.76, 507.78, 70, 84, 14060568
2.59, 20.51, 24.38, 500.04, 70, 84, 14072392
2.59, 20.51, 24.63, 505.02, 70, 84, 14084244
2.58, 20.51, 24.22, 496.72, 71, 84, 14096052
2.59, 20.51, 24.49, 502.25, 71, 84, 14107888
2.58, 20.51, 24.27, 497.83, 71, 84, 14119712
2.59, 20.83, 24.25, 505.17, 71, 84, 14131548
2.59, 19.86, 24.46, 485.77, 71, 84, 14143376
2.60, 20.83, 24.30, 506.29, 71, 84, 14155204
2.60, 20.83, 24.33, 506.85, 71, 84, 14167040
2.61, 20.83, 24.36, 507.41, 71, 84, 14178864
2.61, 20.83, 24.46, 509.66, 71, 84, 14190700
2.61, 19.86, 24.46, 485.77, 71, 84, 14202540
2.62, 20.83, 24.76, 515.84, 71, 84, 14214356
2.62, 20.83, 24.41, 508.54, 71, 84, 14226184
2.62, 20.83, 24.76, 515.84, 71, 84, 14238016
2.62, 20.83, 24.25, 505.17, 71, 84, 14249840
2.62, 20.83, 24.30, 506.29, 71, 84, 14261668
2.62, 20.83, 24.27, 505.73, 71, 84, 14273504
2.62, 20.83, 24.41, 508.54, 71, 84, 14285328
2.62, 20.83, 24.36, 507.41, 72, 84, 14297164
2.62, 20.83, 24.36, 507.41, 72, 84, 14308988
2.62, 21.16, 24.63, 521.05, 72, 84, 14320824
2.63, 21.48, 24.54, 527.33, 72, 84, 14332644
2.64, 21.81, 24.46, 533.55, 72, 84, 14344496
2.65, 21.48, 24.22, 520.37, 72, 85, 14356308
2.67, 21.81, 24.27, 529.43, 72, 84, 14368136
2.67, 21.81, 24.36, 531.20, 72, 84, 14379976
2.67, 21.81, 24.44, 532.96, 72, 84, 14391800
2.68, 21.16, 24.52, 518.77, 72, 84, 14403640
2.68, 21.81, 24.57, 535.91, 72, 84, 14415464
2.69, 21.81, 24.57, 535.91, 72, 84, 14427304
2.69, 21.81, 24.25, 528.85, 72, 84, 14439128
2.69, 21.81, 24.25, 528.85, 72, 84, 14450964
2.69, 20.51, 24.41, 500.59, 72, 84, 14462800
2.69, 21.81, 24.49, 534.14, 72, 84, 14474616
2.68, 21.81, 24.52, 534.73, 72, 84, 14486448
2.68, 21.81, 24.38, 531.79, 73, 84, 14498272
2.68, 21.81, 24.22, 528.26, 73, 84, 14510112
2.68, 21.81, 24.30, 530.02, 73, 84, 14521932
2.69, 22.14, 24.30, 537.93, 73, 84, 14533768
2.70, 22.46, 24.79, 556.75, 73, 84, 14545592
2.71, 22.46, 24.41, 548.27, 73, 84, 14557424
2.72, 22.46, 24.25, 544.63, 73, 84, 14569252
2.72, 22.46, 24.38, 547.66, 73, 84, 14581080
2.73, 22.46, 24.60, 552.51, 73, 84, 14592908
2.74, 22.46, 24.54, 551.30, 73, 84, 14604736
2.74, 22.46, 24.38, 547.66, 73, 84, 14616576
2.75, 22.46, 24.30, 545.84, 73, 84, 14628396
2.75, 22.46, 24.25, 544.63, 73, 84, 14640232
2.75, 22.46, 24.63, 553.11, 73, 84, 14652056
2.75, 22.14, 24.84, 549.87, 73, 84, 14663892
2.75, 22.46, 24.22, 544.03, 73, 84, 14675716
2.75, 22.79, 24.25, 552.53, 73, 84, 14687548
2.75, 22.46, 24.38, 547.66, 74, 84, 14699372
2.76, 22.79, 24.71, 562.97, 74, 84, 14711204
2.76, 21.81, 24.73, 539.43, 74, 84, 14723040
2.76, 23.11, 24.27, 561.04, 74, 84, 14734864
2.77, 23.11, 24.19, 559.17, 74, 84, 14746704
2.78, 23.11, 24.36, 562.91, 74, 84, 14758524
2.79, 23.44, 24.52, 574.63, 74, 84, 14770360
2.80, 23.44, 24.46, 573.37, 74, 84, 14782184
2.81, 23.44, 24.22, 567.68, 74, 84, 14794024
2.81, 23.44, 24.44, 572.74, 74, 84, 14805844
2.82, 23.44, 24.79, 580.96, 74, 84, 14817676
2.82, 23.76, 24.44, 580.69, 74, 84, 14829512
2.82, 23.76, 24.33, 578.13, 74, 84, 14841336
2.83, 23.44, 24.27, 568.94, 74, 84, 14853172
2.83, 23.44, 24.76, 580.32, 74, 84, 14865000
2.82, 23.44, 24.54, 575.27, 74, 84, 14876836
2.83, 23.44, 24.22, 567.68, 74, 84, 14888660
2.83, 23.44, 24.25, 568.31, 75, 84, 14900500
2.83, 23.76, 24.68, 586.46, 75, 84, 14912320
2.82, 23.44, 24.19, 567.05, 75, 84, 14924148
2.83, 24.09, 24.30, 585.40, 75, 84, 14935980
2.84, 24.09, 24.57, 591.90, 75, 84, 14947808
2.85, 24.09, 24.73, 595.79, 75, 84, 14959644
2.85, 24.09, 24.25, 584.10, 75, 84, 14971468
2.86, 23.11, 24.49, 566.03, 75, 84, 14983300
2.87, 24.41, 24.73, 603.84, 75, 84, 14995124
2.87, 24.41, 24.17, 590.02, 75, 84, 15006968
2.87, 24.41, 24.41, 595.94, 75, 84, 15018788
2.88, 24.41, 24.73, 603.84, 75, 84, 15030616
2.88, 23.76, 24.33, 578.13, 75, 84, 15042444
2.88, 24.41, 24.27, 592.65, 75, 84, 15054272
2.87, 24.41, 24.68, 602.53, 75, 84, 15066112
2.88, 24.41, 24.19, 590.67, 75, 84, 15077936
2.88, 24.41, 24.22, 591.33, 75, 84, 15089772
2.88, 24.41, 24.49, 597.92, 76, 84, 15101596
2.88, 24.41, 24.54, 599.24, 76, 84, 15113432
2.88, 24.74, 24.22, 599.22, 76, 84, 15125260
2.88, 24.74, 24.38, 603.22, 76, 84, 15137096
2.89, 25.07, 24.14, 605.07, 76, 84, 15148920
2.90, 25.07, 24.25, 607.78, 76, 84, 15160752
2.92, 25.39, 24.36, 618.41, 76, 84, 15172588
2.92, 25.39, 24.65, 625.94, 76, 84, 15184428
2.94, 25.39, 24.25, 615.67, 76, 84, 15196244
2.95, 25.72, 24.36, 626.34, 76, 84, 15208068
2.96, 25.72, 24.17, 621.48, 76, 84, 15219904
2.96, 25.72, 24.30, 624.95, 76, 84, 15231728
2.97, 24.41, 24.84, 606.48, 76, 84, 15243560
2.96, 25.39, 24.22, 614.99, 76, 84, 15255384
2.97, 25.39, 24.57, 623.89, 76, 84, 15267212
2.96, 25.39, 24.36, 618.41, 76, 84, 15279052
2.96, 25.39, 24.30, 617.04, 76, 84, 15290872
2.95, 24.09, 24.52, 590.60, 77, 84, 15302720
2.95, 25.39, 24.25, 615.67, 77, 85, 15314528
2.95, 25.72, 24.25, 623.56, 77, 84, 15326368
2.96, 25.72, 24.71, 635.36, 77, 84, 15338188
2.97, 26.04, 24.17, 629.35, 77, 84, 15350024
2.98, 26.04, 24.54, 639.18, 77, 84, 15361844
2.99, 26.04, 24.11, 627.95, 77, 84, 15373676
2.99, 26.37, 24.22, 638.64, 77, 84, 15385504
3.01, 26.37, 24.30, 640.77, 77, 84, 15397332
3.01, 26.37, 24.19, 637.93, 77, 84, 15409168
3.02, 26.37, 24.44, 644.33, 77, 84, 15420992
3.02, 26.37, 24.14, 636.51, 77, 84, 15432832
3.02, 26.37, 24.17, 637.22, 77, 84, 15444668
3.02, 26.37, 24.63, 649.31, 77, 84, 15456492
3.02, 26.37, 24.22, 638.64, 77, 84, 15468312
3.01, 26.37, 24.36, 642.20, 77, 84, 15480144
3.01, 26.37, 24.14, 636.51, 77, 84, 15491976
3.01, 25.39, 24.44, 620.47, 78, 84, 15503808
3.01, 26.37, 24.52, 646.46, 78, 84, 15515644
3.01, 26.69, 24.14, 644.36, 78, 84, 15527468
3.02, 26.69, 24.36, 650.12, 78, 84, 15539300
3.03, 27.02, 24.17, 652.95, 78, 84, 15551128
3.04, 26.04, 24.27, 632.16, 78, 84, 15562980
3.05, 27.02, 24.60, 664.61, 78, 84, 15574788
3.06, 27.34, 24.22, 662.29, 78, 84, 15586624
3.07, 27.34, 24.60, 672.62, 78, 84, 15598444
3.07, 27.34, 24.19, 661.56, 78, 84, 15610272
3.08, 27.02, 24.33, 657.32, 78, 84, 15622108
3.07, 27.34, 24.11, 659.34, 78, 85, 15633932
3.07, 27.34, 24.19, 661.56, 78, 84, 15645768
3.07, 27.34, 24.54, 671.14, 78, 84, 15657588
3.07, 27.34, 24.22, 662.29, 78, 84, 15669428
3.07, 27.34, 24.63, 673.36, 78, 84, 15681252
3.07, 27.34, 24.30, 664.51, 78, 84, 15693092
3.07, 27.34, 24.30, 664.51, 79, 84, 15704912
3.07, 27.67, 24.11, 667.19, 79, 84, 15716744
3.08, 27.67, 24.14, 667.94, 79, 84, 15728580
3.08, 27.99, 24.57, 687.88, 79, 84, 15740408
3.09, 27.99, 24.09, 674.29, 79, 84, 15752244
3.10, 27.34, 24.65, 674.09, 79, 84, 15764072
3.11, 27.99, 24.09, 674.29, 79, 84, 15775904
3.11, 28.32, 24.44, 692.06, 79, 84, 15787728
3.12, 28.32, 24.17, 684.42, 79, 84, 15799560
3.12, 28.32, 24.49, 693.59, 79, 84, 15811380
3.12, 27.02, 24.33, 657.32, 79, 84, 15823212
3.12, 28.32, 24.60, 696.64, 79, 84, 15835040
3.12, 28.32, 24.11, 682.89, 79, 84, 15846868
3.13, 28.32, 24.30, 688.24, 79, 84, 15858704
3.12, 28.32, 24.25, 686.71, 79, 84, 15870532
3.12, 27.99, 24.33, 681.08, 79, 84, 15882368
3.12, 28.32, 24.27, 687.47, 79, 84, 15894192
3.12, 28.32, 24.22, 685.95, 80, 84, 15906024
3.13, 28.32, 24.25, 686.71, 80, 84, 15917848
3.13, 28.65, 24.19, 693.06, 80, 84, 15929680
3.14, 28.65, 24.60, 704.65, 80, 84, 15941508
3.15, 28.97, 24.17, 700.15, 80, 84, 15953340
3.16, 29.30, 24.54, 719.08, 80, 84, 15965176
3.17, 29.30, 24.27, 711.18, 80, 84, 15977000
3.19, 29.30, 24.46, 716.71, 80, 84, 15988836
3.20, 29.30, 24.25, 710.39, 80, 84, 16000660
3.20, 29.30, 24.44, 715.92, 80, 84, 16012500
3.20, 28.97, 24.22, 701.72, 80, 84, 16024324
3.21, 29.30, 24.36, 713.55, 80, 84, 16036160
3.21, 29.30, 24.09, 705.65, 80, 84, 16047988
3.21, 29.30, 24.57, 719.87, 80, 84, 16059812
3.21, 29.30, 24.17, 708.02, 80, 84, 16071652
3.21, 27.99, 24.60, 688.63, 80, 84, 16083476
3.21, 29.30, 24.17, 708.02, 80, 84, 16095312
3.21, 29.30, 24.27, 711.18, 81, 84, 16107136
3.21, 29.30, 24.06, 704.86, 81, 84, 16118972
3.21, 29.30, 24.41, 715.13, 81, 84, 16130796
3.22, 28.97, 24.84, 719.69, 81, 84, 16142632
3.23, 29.62, 24.30, 719.88, 81, 84, 16154460
3.24, 29.62, 24.17, 715.89, 81, 84, 16166288
3.24, 29.62, 24.30, 719.88, 81, 84, 16178128
3.25, 29.62, 24.06, 712.69, 81, 84, 16189952
3.25, 29.62, 24.25, 718.28, 81, 84, 16201788
3.25, 29.95, 24.11, 722.14, 81, 84, 16213612
3.26, 29.95, 24.25, 726.18, 81, 84, 16225452
3.26, 29.95, 24.14, 722.95, 81, 84, 16237276
3.26, 29.95, 24.54, 735.06, 81, 84, 16249112
3.26, 29.62, 24.17, 715.89, 81, 84, 16260936
3.26, 29.62, 24.44, 723.88, 81, 84, 16272768
3.26, 29.95, 24.11, 722.14, 81, 84, 16284620
3.26, 29.95, 24.27, 726.98, 81, 84, 16296428
3.27, 29.95, 24.09, 721.33, 82, 84, 16308264
3.27, 30.27, 24.25, 734.07, 82, 84, 16320092
3.28, 30.27, 24.36, 737.34, 82, 84, 16331928
3.29, 29.30, 24.22, 709.60, 82, 84, 16343752
3.30, 30.60, 24.22, 741.14, 82, 84, 16355588
3.31, 30.60, 24.22, 741.14, 82, 84, 16367412
3.32, 30.60, 24.54, 751.04, 82, 84, 16379244
3.32, 30.60, 24.09, 737.01, 82, 84, 16391072
3.33, 29.62, 24.46, 724.68, 82, 84, 16402920
3.34, 30.60, 24.11, 737.84, 82, 84, 16414744
3.34, 30.60, 24.25, 741.96, 82, 84, 16426568
3.34, 30.60, 24.22, 741.14, 82, 84, 16438404
3.34, 30.60, 24.06, 736.19, 82, 84, 16450232
3.34, 30.60, 24.25, 741.96, 82, 84, 16462068
3.34, 30.60, 24.22, 741.14, 82, 84, 16473892
3.34, 30.60, 24.46, 748.57, 82, 84, 16485724
3.34, 30.60, 24.38, 746.09, 82, 84, 16497552
3.35, 30.92, 24.19, 748.19, 83, 84, 16509384
3.35, 30.92, 24.38, 754.03, 83, 84, 16521220
3.35, 30.92, 24.14, 746.52, 83, 84, 16533040
3.36, 31.25, 24.76, 773.76, 83, 84, 16544892
3.36, 31.25, 24.49, 765.34, 83, 84, 16556700
3.37, 31.25, 24.14, 754.38, 83, 84, 16568536
3.37, 31.25, 24.17, 755.22, 83, 84, 16580360
3.38, 31.25, 24.25, 757.75, 83, 84, 16592200
3.38, 30.60, 24.38, 746.09, 83, 84, 16604020
3.39, 31.25, 24.44, 763.65, 83, 84, 16615848
3.39, 31.25, 24.19, 756.06, 83, 84, 16627684
3.40, 31.25, 24.09, 752.69, 83, 84, 16639512
3.40, 31.25, 24.36, 761.12, 83, 84, 16651348
3.40, 30.27, 24.22, 733.25, 83, 84, 16663192
3.40, 31.25, 24.25, 757.75, 83, 84, 16675012
3.40, 31.58, 24.41, 770.75, 83, 84, 16686840
3.40, 31.25, 24.19, 756.06, 83, 84, 16698676
3.40, 31.58, 24.25, 765.64, 84, 84, 16710500
3.40, 31.25, 24.41, 762.81, 84, 84, 16722328
3.41, 31.90, 24.27, 774.40, 84, 84, 16734164
3.42, 31.90, 24.41, 778.70, 84, 84, 16745988
3.44, 32.23, 24.22, 780.56, 84, 84, 16757824
3.44, 32.23, 24.03, 774.48, 84, 84, 16769652
3.45, 32.23, 24.46, 788.38, 84, 84, 16781484
3.46, 32.23, 24.36, 784.91, 84, 84, 16793312
3.46, 32.55, 24.03, 782.30, 84, 84, 16805148
3.47, 32.55, 24.19, 787.57, 84, 84, 16816976
3.48, 32.55, 24.25, 789.32, 84, 84, 16828808
3.48, 32.55, 24.06, 783.18, 84, 84, 16840644
3.48, 32.55, 24.01, 781.42, 84, 84, 16852468
3.48, 31.58, 24.57, 775.86, 84, 84, 16864304
3.48, 32.23, 24.06, 775.34, 84, 84, 16876132
3.48, 32.23, 24.25, 781.43, 84, 84, 16887964
3.48, 32.23, 24.22, 780.56, 84, 84, 16899792
3.49, 32.55, 24.01, 781.42, 85, 84, 16911632
3.49, 31.58, 24.17, 763.09, 85, 84, 16923456
3.49, 32.88, 24.46, 804.31, 85, 84, 16935284
3.50, 32.88, 24.11, 792.78, 85, 84, 16947112
3.51, 32.88, 24.03, 790.12, 85, 84, 16958944
3.51, 32.88, 24.33, 799.88, 85, 84, 16970784
3.52, 32.23, 24.38, 785.78, 85, 84, 16982608
3.52, 33.20, 24.01, 797.05, 85, 84, 16994444
3.53, 33.20, 24.03, 797.94, 85, 84, 17006268
3.53, 33.20, 24.33, 807.80, 85, 84, 17018104
3.54, 33.20, 24.19, 803.32, 85, 84, 17029928
3.54, 33.20, 24.30, 806.90, 85, 84, 17041756
3.54, 33.20, 24.01, 797.05, 85, 84, 17053584
3.54, 33.20, 24.03, 797.94, 85, 84, 17065416
3.54, 33.20, 24.14, 801.53, 85, 84, 17077252
3.54, 33.20, 24.11, 800.63, 85, 84, 17089072
3.53, 33.20, 24.01, 797.05, 85, 84, 17100912
3.54, 33.20, 24.44, 811.38, 86, 84, 17112736
3.54, 32.88, 24.17, 794.56, 86, 84, 17124568
3.54, 33.53, 24.03, 805.77, 86, 84, 17136392
3.54, 33.53, 24.01, 804.86, 86, 84, 17148228
3.55, 33.85, 24.19, 819.07, 86, 84, 17160048
3.57, 33.85, 24.33, 823.63, 86, 84, 17171880
3.57, 32.88, 24.19, 795.44, 86, 84, 17183716
3.58, 33.85, 24.30, 822.72, 86, 84, 17195540
3.58, 34.18, 24.19, 826.94, 86, 84, 17207376
3.59, 34.18, 24.17, 826.02, 86, 84, 17219196
3.60, 34.18, 24.22, 827.87, 86, 84, 17231032
3.61, 33.53, 24.17, 810.29, 86, 84, 17242856
3.62, 34.18, 24.30, 830.63, 86, 84, 17254692
3.62, 34.18, 24.33, 831.55, 86, 84, 17266516
3.62, 34.18, 24.17, 826.02, 86, 84, 17278344
3.62, 34.18, 24.01, 820.49, 86, 84, 17290184
3.63, 34.18, 24.01, 820.49, 86, 84, 17302000
3.63, 34.18, 24.54, 838.93, 87, 84, 17313836
3.64, 34.18, 24.11, 824.18, 87, 84, 17325664
3.64, 34.51, 24.01, 828.31, 87, 84, 17337496
3.64, 34.83, 24.06, 838.00, 87, 84, 17349320
3.65, 34.83, 24.36, 848.33, 87, 84, 17361156
3.66, 34.83, 24.36, 848.33, 87, 84, 17372976
3.66, 34.51, 24.03, 829.24, 87, 84, 17384808
3.67, 35.16, 23.98, 842.99, 87, 84, 17396640
3.67, 35.16, 24.22, 851.52, 87, 84, 17408468
3.68, 35.16, 24.33, 855.31, 87, 84, 17420304
3.68, 35.16, 24.11, 847.73, 87, 84, 17432124
3.69, 34.18, 24.19, 826.94, 87, 84, 17443960
3.69, 35.16, 23.98, 842.99, 87, 84, 17455784
3.69, 35.16, 24.17, 849.62, 87, 84, 17467620
3.69, 35.16, 24.46, 860.05, 87, 84, 17479440
3.70, 35.16, 24.19, 850.57, 87, 84, 17491276
3.70, 34.18, 24.54, 838.93, 87, 84, 17503120
3.69, 35.16, 24.01, 843.93, 88, 84, 17514932
3.69, 35.16, 23.98, 842.99, 88, 84, 17526768
3.70, 35.48, 23.95, 849.83, 88, 84, 17538592
3.70, 35.48, 24.19, 858.45, 88, 84, 17550424
3.71, 35.81, 24.44, 875.02, 88, 84, 17562248
3.72, 35.81, 24.01, 859.56, 88, 84, 17574084
3.73, 36.13, 24.03, 868.35, 88, 84, 17585908
3.74, 36.13, 24.01, 867.38, 88, 84, 17597744
3.75, 36.13, 24.17, 873.22, 88, 84, 17609564
3.75, 36.13, 23.95, 865.43, 88, 84, 17621396
3.76, 36.13, 24.49, 884.92, 88, 84, 17633228
3.76, 36.13, 24.01, 867.38, 88, 84, 17645068
3.76, 36.13, 24.06, 869.33, 88, 84, 17656888
3.77, 36.13, 23.98, 866.40, 88, 84, 17668708
3.77, 36.13, 24.30, 878.10, 88, 84, 17680544
3.77, 36.13, 23.95, 865.43, 88, 84, 17692368
3.77, 35.16, 24.49, 861.00, 88, 84, 17704200
3.77, 36.13, 24.30, 878.10, 89, 84, 17716024
3.77, 36.13, 24.14, 872.25, 89, 84, 17727852
3.77, 36.46, 24.01, 875.19, 89, 84, 17739684
3.77, 36.78, 23.95, 881.02, 89, 84, 17751516
3.78, 35.81, 24.25, 868.25, 89, 84, 17763364
3.79, 36.78, 23.95, 881.02, 89, 84, 17775172
3.80, 36.78, 24.25, 891.93, 89, 84, 17787012
3.80, 36.78, 24.03, 884.00, 89, 84, 17798836
3.80, 36.78, 24.25, 891.93, 89, 84, 17810672
3.81, 36.78, 24.27, 892.93, 89, 84, 17822496
3.81, 37.11, 23.98, 889.82, 89, 84, 17834328
3.82, 37.11, 23.98, 889.82, 89, 84, 17846156
3.82, 37.11, 24.36, 903.83, 89, 84, 17857992
3.83, 37.11, 24.25, 899.83, 89, 84, 17869828
3.83, 37.11, 24.19, 897.83, 89, 84, 17881648
3.83, 37.11, 24.25, 899.83, 89, 84, 17893492
3.83, 37.11, 23.98, 889.82, 89, 84, 17905324
3.83, 37.11, 23.95, 888.82, 90, 84, 17917144
3.83, 37.11, 23.95, 888.82, 90, 84, 17928968
3.82, 37.43, 23.92, 895.60, 90, 84, 17940804
3.83, 37.76, 23.95, 904.41, 90, 84, 17952624
3.85, 37.11, 24.25, 899.83, 90, 84, 17964452
3.86, 37.76, 24.19, 913.58, 90, 84, 17976288
3.87, 38.09, 24.17, 920.43, 90, 84, 17988112
3.88, 38.09, 24.06, 916.32, 90, 84, 17999948
3.89, 38.09, 24.22, 922.48, 90, 84, 18011776
3.89, 37.11, 24.17, 896.82, 90, 84, 18023612
3.90, 38.09, 23.95, 912.21, 90, 84, 18035436
3.90, 38.41, 23.95, 920.00, 90, 84, 18047272
3.90, 38.09, 24.17, 920.43, 90, 84, 18059096
3.91, 38.09, 23.92, 911.18, 90, 84, 18070928
3.91, 37.76, 24.38, 920.71, 90, 84, 18082764
3.91, 38.09, 24.38, 928.64, 90, 84, 18094588
3.91, 38.09, 24.03, 915.29, 90, 84, 18106424
3.91, 38.09, 24.11, 918.37, 91, 84, 18118248
3.91, 38.41, 23.98, 921.04, 91, 84, 18130088
3.91, 38.41, 23.98, 921.04, 91, 84, 18141916
3.91, 38.74, 23.92, 926.76, 91, 84, 18153752
3.93, 38.74, 23.98, 928.85, 91, 84, 18165576
3.94, 38.74, 24.14, 935.11, 91, 84, 18177408
3.94, 38.74, 24.17, 936.16, 91, 84, 18189240
3.95, 39.06, 23.92, 934.54, 91, 84, 18201068
3.95, 39.06, 23.95, 935.60, 91, 84, 18212904
3.96, 38.74, 24.11, 934.07, 91, 84, 18224732
3.96, 39.06, 24.09, 940.87, 91, 84, 18236564
3.96, 39.06, 24.03, 938.76, 91, 84, 18248388
3.96, 39.06, 24.11, 941.92, 91, 84, 18260224
3.97, 39.06, 24.11, 941.92, 91, 84, 18272052
3.97, 38.09, 24.25, 923.51, 91, 84, 18283876
3.98, 39.06, 24.11, 941.92, 91, 84, 18295704
3.98, 39.06, 24.09, 940.87, 91, 84, 18307532
3.98, 39.06, 23.95, 935.60, 92, 84, 18319372
3.98, 39.39, 23.92, 942.33, 92, 84, 18331192
3.98, 38.74, 24.33, 942.43, 92, 84, 18343028
3.98, 39.71, 24.11, 957.62, 92, 84, 18354848
3.99, 40.04, 24.17, 967.63, 92, 84, 18366684
4.01, 40.04, 24.14, 966.55, 92, 84, 18378508
4.02, 40.04, 24.03, 962.23, 92, 84, 18390344
4.03, 40.04, 24.06, 963.31, 92, 84, 18402164
4.04, 40.36, 23.90, 964.61, 92, 84, 18413996
4.04, 40.04, 23.98, 960.07, 92, 84, 18425828
4.05, 40.36, 24.09, 972.23, 92, 84, 18437656
4.05, 40.36, 23.98, 967.87, 92, 84, 18449492
4.05, 40.36, 24.03, 970.05, 92, 84, 18461316
4.05, 40.36, 23.98, 967.87, 92, 84, 18473152
4.05, 40.04, 24.03, 962.23, 92, 84, 18484980
4.05, 40.36, 24.03, 970.05, 92, 84, 18496816
4.05, 40.36, 24.17, 975.49, 92, 84, 18508636
4.05, 40.36, 24.09, 972.23, 93, 84, 18520464
4.05, 40.36, 23.90, 964.61, 93, 84, 18532304
4.05, 39.71, 24.11, 957.62, 93, 84, 18544124
4.06, 40.69, 24.11, 981.17, 93, 84, 18555960
4.07, 40.69, 23.95, 974.58, 93, 84, 18567780
4.08, 40.69, 24.14, 982.26, 93, 84, 18579616
4.08, 41.02, 24.14, 990.12, 93, 84, 18591436
4.08, 40.04, 24.09, 964.39, 93, 84, 18603292
4.09, 41.02, 24.06, 986.80, 93, 85, 18615096
4.09, 41.02, 24.01, 984.59, 93, 84, 18626924
4.10, 41.02, 23.95, 982.38, 93, 84, 18638756
4.10, 41.02, 24.11, 989.01, 93, 84, 18650584
4.11, 41.02, 24.19, 992.33, 93, 84, 18662420
4.11, 41.02, 24.11, 989.01, 93, 84, 18674240
4.11, 41.02, 24.22, 993.44, 93, 84, 18686076
4.11, 41.02, 23.98, 983.48, 93, 84, 18697900
4.11, 41.02, 24.09, 987.91, 93, 84, 18709732
4.11, 41.02, 23.95, 982.38, 94, 84, 18721560
4.11, 41.34, 24.03, 993.52, 94, 84, 18733392
4.11, 41.67, 23.90, 995.72, 94, 84, 18745232
4.12, 41.67, 23.87, 994.60, 94, 84, 18757052
4.13, 41.67, 23.98, 999.09, 94, 84, 18768888
4.14, 41.99, 24.09, 1011.43, 94, 84, 18780712
4.15, 41.99, 23.90, 1003.50, 94, 84, 18792548
4.16, 41.02, 24.14, 990.12, 94, 84, 18804376
4.17, 41.99, 23.98, 1006.90, 94, 84, 18816212
4.18, 42.32, 23.87, 1010.14, 94, 84, 18828040
4.18, 42.32, 24.09, 1019.27, 94, 84, 18839868
4.18, 42.32, 24.14, 1021.55, 94, 84, 18851692
4.18, 41.34, 24.06, 994.63, 94, 84, 18863540
4.18, 42.32, 23.95, 1013.56, 94, 84, 18875364
4.18, 42.32, 24.14, 1021.55, 94, 84, 18887188
4.18, 42.32, 23.95, 1013.56, 94, 84, 18899020
4.18, 42.32, 23.98, 1014.71, 94, 84, 18910844
4.18, 41.99, 24.01, 1008.03, 95, 84, 18922680
4.18, 42.32, 24.09, 1019.27, 95, 84, 18934504
4.18, 42.32, 24.17, 1022.70, 95, 84, 18946340
4.18, 42.32, 23.87, 1010.14, 95, 84, 18958164
4.18, 42.32, 23.92, 1012.42, 95, 84, 18969992
4.18, 42.32, 24.03, 1016.99, 95, 84, 18981828
4.18, 42.32, 24.11, 1020.41, 95, 84, 18993652
4.18, 42.32, 24.09, 1019.27, 95, 84, 19005500
4.18, 42.32, 23.87, 1010.14, 95, 84, 19017312
4.17, 42.32, 23.90, 1011.28, 95, 84, 19029148
4.17, 42.32, 23.92, 1012.42, 95, 84, 19040968
4.17, 42.32, 23.95, 1013.56, 95, 84, 19052804
4.17, 41.67, 24.17, 1006.96, 95, 84, 19064628
4.17, 42.32, 24.06, 1018.13, 95, 84, 19076456
4.17, 42.32, 24.03, 1016.99, 95, 84, 19088284
4.17, 42.32, 24.03, 1016.99, 95, 84, 19100116
4.17, 42.32, 24.06, 1018.13, 95, 84, 19111948
4.17, 41.34, 24.03, 993.52, 96, 84, 19123772
4.17, 42.32, 23.90, 1011.28, 96, 84, 19135608
4.17, 42.32, 23.90, 1011.28, 96, 84, 19147428
4.17, 42.32, 24.01, 1015.85, 96, 84, 19159264
4.18, 42.32, 23.90, 1011.28, 96, 84, 19171088
4.18, 41.99, 24.17, 1014.83, 96, 84, 19182920
4.18, 42.32, 24.01, 1015.85, 96, 85, 19194744
4.18, 42.32, 23.95, 1013.56, 96, 84, 19206576
4.18, 42.32, 24.09, 1019.27, 96, 84, 19218412
4.18, 42.32, 23.87, 1010.14, 96, 84, 19230232
4.18, 42.32, 23.87, 1010.14, 96, 84, 19242068
4.18, 42.32, 23.90, 1011.28, 96, 84, 19253892
4.18, 42.32, 23.92, 1012.42, 96, 84, 19265728
4.18, 42.32, 24.06, 1018.13, 96, 84, 19277556
4.18, 42.32, 24.03, 1016.99, 96, 84, 19289392
4.18, 42.32, 24.01, 1015.85, 96, 84, 19301216
4.18, 42.32, 23.90, 1011.28, 96, 84, 19313048
4.18, 41.67, 23.92, 996.85, 97, 84, 19324884
4.18, 43.29, 23.98, 1038.12, 97, 84, 19336708
4.19, 44.27, 23.76, 1051.99, 97, 84, 19348544
4.23, 44.60, 23.82, 1062.13, 97, 84, 19360372
4.27, 45.25, 23.79, 1076.41, 97, 84, 19372208
4.31, 44.60, 23.98, 1069.34, 97, 84, 19384036
4.34, 45.90, 23.79, 1091.90, 97, 84, 19395872
4.36, 45.90, 24.01, 1101.80, 97, 84, 19407692
4.38, 46.22, 23.82, 1100.89, 97, 84, 19419520
4.40, 46.55, 23.82, 1108.64, 97, 84, 19431360
4.42, 45.90, 24.14, 1107.99, 97, 84, 19443180
4.43, 46.55, 23.87, 1111.15, 97, 84, 19455016
4.43, 46.55, 23.98, 1116.18, 97, 84, 19466840
4.44, 46.55, 23.84, 1109.90, 97, 84, 19478672
4.44, 46.55, 23.90, 1112.41, 97, 84, 19490492
4.44, 46.55, 23.87, 1111.15, 97, 84, 19502332
4.44, 46.55, 23.98, 1116.18, 97, 85, 19514152
4.44, 46.55, 23.84, 1109.90, 98, 84, 19525980
4.45, 46.88, 23.98, 1123.98, 98, 84, 19537812
4.45, 46.88, 23.84, 1117.66, 98, 84, 19549644
4.46, 46.55, 23.87, 1111.15, 98, 84, 19561480
4.46, 46.88, 23.84, 1117.66, 98, 84, 19573304
4.46, 46.55, 23.98, 1116.18, 98, 84, 19585140
4.46, 46.88, 23.92, 1121.45, 98, 84, 19596964
4.46, 46.88, 23.84, 1117.66, 98, 84, 19608804
4.46, 46.88, 23.90, 1120.19, 98, 84, 19620628
4.46, 46.88, 23.84, 1117.66, 98, 84, 19632456
4.46, 45.90, 23.98, 1100.56, 98, 84, 19644284
4.45, 46.88, 23.84, 1117.66, 98, 84, 19656116
4.46, 46.88, 23.87, 1118.92, 98, 84, 19667948
4.46, 46.88, 23.98, 1123.98, 98, 84, 19679772
4.45, 46.88, 23.82, 1116.40, 98, 84, 19691612
4.46, 45.90, 24.01, 1101.80, 98, 84, 19703456
4.46, 46.88, 23.82, 1116.40, 98, 84, 19715272
4.46, 46.88, 23.87, 1118.92, 99, 84, 19727096
4.46, 46.88, 23.87, 1118.92, 99, 84, 19738936
4.45, 46.88, 23.82, 1116.40, 99, 84, 19750760
4.46, 46.55, 23.98, 1116.18, 99, 84, 19762592
4.46, 46.88, 23.84, 1117.66, 99, 84, 19774428
4.45, 46.88, 23.95, 1122.72, 99, 84, 19786252
4.45, 46.88, 23.84, 1117.66, 99, 84, 19798084
4.46, 46.88, 23.95, 1122.72, 99, 84, 19809908
4.46, 46.88, 23.82, 1116.40, 99, 84, 19821740
4.46, 46.88, 23.82, 1116.40, 99, 84, 19833564
4.46, 46.88, 23.84, 1117.66, 99, 84, 19845412
4.46, 46.55, 23.87, 1111.15, 99, 84, 19857220
4.46, 46.88, 23.95, 1122.72, 99, 84, 19869052
4.46, 46.88, 23.84, 1117.66, 99, 84, 19880884
4.46, 46.88, 23.98, 1123.98, 99, 84, 19892708
4.46, 45.90, 24.01, 1101.80, 99, 84, 19904544
4.46, 46.55, 23.82, 1108.64, 99, 84, 19916368
4.46, 46.88, 23.82, 1116.40, 100, 84, 19928200
4.45, 46.55, 23.92, 1113.66, 100, 84, 19940024
4.45, 46.88, 23.87, 1118.92, 100, 84, 19951856
4.44, 45.90, 24.11, 1106.75, 100, 84, 19963696
4.44, 46.55, 23.92, 1113.66, 100, 84, 19975508
4.44, 46.88, 23.82, 1116.40, 100, 84, 19987336
4.44, 46.88, 23.82, 1116.40, 100, 84, 19999164
4.45, 46.55, 23.87, 1111.15, 100, 84, 20011000
4.45, 46.55, 23.90, 1112.41, 100, 84, 20022824
4.45, 46.55, 23.79, 1107.39, 100, 84, 20034656
4.45, 46.55, 23.98, 1116.18, 100, 84, 20046480
4.45, 46.55, 23.92, 1113.66, 100, 84, 20058316
4.45, 46.88, 23.95, 1122.72, 100, 84, 20070136
4.45, 46.55, 23.79, 1107.39, 100, 84, 20081972
4.45, 46.55, 23.82, 1108.64, 100, 84, 20093796
4.45, 46.55, 23.84, 1109.90, 100, 84, 20105640
4.45, 46.55, 23.87, 1111.15, 100, 84, 20117460
4.46, 46.88, 23.84, 1117.66, 100, 84, 20129280
4.46, 46.55, 23.82, 1108.64, 100, 84, 20141116
4.45, 46.55, 23.84, 1109.90, 100, 84, 20152936
4.45, 46.22, 24.11, 1114.60, 100, 84, 20164772
4.45, 46.55, 23.82, 1108.64, 100, 84, 20176592
4.45, 46.55, 23.95, 1114.92, 100, 84, 20188428
4.45, 46.55, 23.87, 1111.15, 100, 84, 20200252
4.45, 46.55, 23.98, 1116.18, 100, 84, 20212080
4.44, 45.90, 24.09, 1105.52, 100, 84, 20223908
4.44, 46.55, 23.95, 1114.92, 100, 84, 20235736
4.44, 46.55, 23.84, 1109.90, 100, 84, 20247572
4.44, 46.55, 23.84, 1109.90, 100, 84, 20259396
4.44, 46.55, 23.84, 1109.90, 100, 84, 20271232
4.44, 46.55, 23.92, 1113.66, 100, 84, 20283052
4.44, 46.55, 23.82, 1108.64, 100, 84, 20294888
4.44, 46.55, 23.82, 1108.64, 100, 84, 20306708
4.45, 46.55, 23.82, 1108.64, 100, 84, 20318540
4.45, 46.88, 23.82, 1116.40, 100, 84, 20330364
4.44, 46.55, 23.82, 1108.64, 100, 84, 20342196
4.44, 46.55, 23.79, 1107.39, 100, 84, 20354032
4.44, 46.55, 23.79, 1107.39, 100, 84, 20365860
4.44, 46.55, 23.82, 1108.64, 100, 84, 20377688
4.44, 46.55, 23.84, 1109.90, 100, 84, 20389512
4.44, 46.55, 23.79, 1107.39, 100, 84, 20401348
4.44, 46.55, 23.82, 1108.64, 100, 84, 20413172
4.44, 45.90, 23.87, 1095.61, 100, 84, 20425012
4.44, 46.55, 23.82, 1108.64, 100, 84, 20436832
4.44, 46.55, 23.82, 1108.64, 100, 84, 20448668
4.44, 46.55, 23.82, 1108.64, 100, 84, 20460504
4.44, 46.55, 23.82, 1108.64, 100, 84, 20472328
4.43, 45.90, 23.98, 1100.56, 100, 84, 20484164
4.43, 46.55, 23.82, 1108.64, 100, 84, 20495988
4.44, 46.55, 23.79, 1107.39, 100, 84, 20507828
4.44, 46.55, 23.82, 1108.64, 100, 84, 20519652
4.44, 46.55, 23.82, 1108.64, 100, 84, 20531488
4.44, 45.90, 23.98, 1100.56, 100, 84, 20543308
4.44, 46.55, 23.92, 1113.66, 100, 84, 20555136
4.44, 46.55, 23.84, 1109.90, 100, 84, 20566968
4.44, 46.55, 23.79, 1107.39, 100, 84, 20578792
4.44, 46.55, 23.92, 1113.66, 100, 84, 20590628
4.44, 46.55, 23.79, 1107.39, 100, 84, 20602452
4.44, 46.55, 23.98, 1116.18, 100, 84, 20614288
4.44, 46.55, 23.82, 1108.64, 100, 84, 20626108
4.44, 46.55, 23.87, 1111.15, 100, 84, 20637944
4.44, 46.55, 23.95, 1114.92, 100, 84, 20649764
4.44, 46.55, 23.79, 1107.39, 100, 84, 20661592
4.44, 46.55, 23.84, 1109.90, 100, 84, 20673420
4.44, 46.22, 24.01, 1109.62, 100, 84, 20685248
4.44, 46.55, 23.95, 1114.92, 100, 84, 20697084
4.44, 46.55, 23.76, 1106.13, 100, 84, 20708908
4.44, 46.55, 23.76, 1106.13, 100, 84, 20720744
4.44, 46.55, 23.82, 1108.64, 100, 84, 20732564
4.43, 45.57, 24.03, 1095.22, 100, 84, 20744400
4.43, 46.55, 23.79, 1107.39, 100, 84, 20756220
4.43, 46.55, 23.82, 1108.64, 100, 84, 20768056
4.42, 46.55, 23.84, 1109.90, 100, 84, 20779880
4.42, 46.55, 23.82, 1108.64, 100, 84, 20791708
4.42, 45.90, 24.03, 1103.04, 100, 84, 20803560
4.42, 46.55, 23.87, 1111.15, 100, 84, 20815368
4.42, 46.55, 23.90, 1112.41, 100, 84, 20827204
4.42, 46.55, 23.76, 1106.13, 100, 84, 20839024
4.42, 46.55, 23.76, 1106.13, 100, 84, 20850860
4.42, 46.55, 23.84, 1109.90, 100, 84, 20862680
4.42, 46.55, 23.92, 1113.66, 100, 84, 20874516
4.42, 46.55, 23.79, 1107.39, 100, 84, 20886340
4.43, 46.55, 23.76, 1106.13, 100, 84, 20898168
4.43, 46.55, 23.79, 1107.39, 100, 84, 20909996
4.43, 46.55, 23.92, 1113.66, 100, 84, 20921824
STOP
4.43, 46.55, 23.76, 1106.13, 0, 84, 20933660
4.43, 46.22, 24.27, 1122.08, 0, 84, 20945480
4.43, 41.34, 24.41, 1009.13, 0, 84, 20957316
4.36, 37.11, 24.46, 907.84, 0, 84, 20969144
4.12, 33.53, 24.49, 821.14, 0, 84, 20980980
3.87, 30.27, 24.49, 741.42, 0, 84, 20992804
3.60, 27.34, 24.49, 669.67, 0, 84, 21004648
3.37, 24.41, 24.49, 597.92, 0, 84, 21016468
3.20, 22.14, 24.52, 542.71, 0, 84, 21028300
2.96, 19.86, 24.52, 486.84, 0, 84, 21040132
2.77, 17.90, 24.52, 438.96, 0, 84, 21051956
2.66, 15.30, 24.63, 376.76, 0, 84, 21063808
2.50, 14.65, 24.52, 359.15, 0, 84, 21075620
2.36, 13.35, 24.52, 327.22, 0, 84, 21087456
2.28, 12.04, 24.52, 295.30, 0, 84, 21099280
2.14, 10.74, 24.52, 263.37, 0, 84, 21111112
2.05, 9.44, 24.57, 231.96, 0, 84, 21122944
1.98, 8.79, 24.52, 215.49, 0, 84, 21134776
1.88, 7.81, 24.52, 191.54, 0, 84, 21146608
1.79, 7.16, 24.54, 175.78, 0, 84, 21158436
1.70, 6.51, 24.52, 159.62, 0, 84, 21170272
1.63, 5.86, 24.54, 143.82, 0, 84, 21182100
1.56, 5.21, 24.54, 127.84, 0, 84, 21193932
1.49, 4.56, 24.54, 111.86, 0, 84, 21205756
1.41, 4.23, 24.54, 103.87, 0, 84, 21217592
1.35, 3.58, 24.54, 87.89, 0, 84, 21229420
1.31, 3.26, 24.54, 79.90, 0, 84, 21241248
1.26, 2.93, 24.54, 71.91, 0, 84, 21253084
1.22, 2.60, 24.54, 63.92, 0, 84, 21264920
1.17, 2.28, 24.54, 55.93, 0, 84, 21276744
1.13, 2.28, 24.54, 55.93, 0, 84, 21288564
1.10, 1.95, 24.54, 47.94, 0, 84, 21300400
1.07, 1.63, 24.54, 39.95, 0, 84, 21312220
1.03, 0.98, 24.63, 24.05, 0, 84, 21324056
0.99, 1.30, 24.54, 31.96, 0, 84, 21335880
0.95, 1.30, 24.54, 31.96, 0, 84, 21347708
0.92, 0.98, 24.54, 23.97, 0, 84, 21359544
0.88, 0.98, 24.54, 23.97, 0, 84, 21371364
0.85, 0.33, 24.65, 8.02, 0, 84, 21383200
0.81, 0.65, 24.57, 16.00, 0, 84, 21395028
0.79, 0.65, 24.57, 16.00, 0, 84, 21406860
0.77, 0.33, 24.57, 8.00, 0, 84, 21418688
0.75, 0.33, 24.54, 7.99, 0, 84, 21430520
0.72, 0.33, 24.57, 8.00, 0, 84, 21442344
0.70, 0.33, 24.57, 8.00, 0, 84, 21454176
0.68, 0.33, 24.57, 8.00, 0, 84, 21466004
0.66, -0.00, 24.57, -0.00, 0, 84, 21477832
0.64, -0.00, 24.57, -0.00, 0, 84, 21489668
0.62, -0.00, 24.57, -0.00, 0, 84, 21501492
0.60, -0.00, 24.57, -0.00, 0, 84, 21513324
0.58, -0.00, 24.57, -0.00, 0, 84, 21525148
0.57, -0.00, 24.57, -0.00, 0, 84, 21536988
0.55, -0.00, 24.57, -0.00, 0, 84, 21548812
0.53, -0.33, 24.57, -8.00, 0, 84, 21560644
0.52, -0.33, 24.57, -8.00, 0, 84, 21572468
0.51, -0.65, 24.63, -16.03, 0, 84, 21584296
0.49, -0.33, 24.57, -8.00, 0, 84, 21596136
0.47, -0.33, 24.57, -8.00, 0, 84, 21607960
0.46, -0.33, 24.57, -8.00, 0, 84, 21619792
0.45, -0.33, 24.57, -8.00, 0, 84, 21631620
0.43, -0.98, 24.68, -24.10, 0, 84, 21643456
0.43, -0.33, 24.57, -8.00, 0, 84, 21655280
0.41, -0.33, 24.57, -8.00, 0, 84, 21667116
0.39, -0.33, 24.57, -8.00, 0, 84, 21678944
0.39, -0.33, 24.57, -8.00, 0, 84, 21690768
0.37, -0.33, 24.57, -8.00, 0, 84, 21702604
0.36, -0.33, 24.57, -8.00, 0, 84, 21714428
0.36, -0.33, 24.60, -8.01, 0, 84, 21726264
0.34, -0.33, 24.57, -8.00, 0, 84, 21738088
0.34, -0.33, 24.57, -8.00, 0, 84, 21749920
0.33, -0.33, 24.60, -8.01, 0, 84, 21761744
0.32, -0.33, 24.60, -8.01, 0, 84, 21773584
0.31, -0.33, 24.57, -8.00, 0, 84, 21785404
0.30, -0.33, 24.57, -8.00, 0, 84, 21797236
0.30, -0.33, 24.60, -8.01, 0, 84, 21809068
0.29, -0.33, 24.57, -8.00, 0, 84, 21820896
0.29, -0.33, 24.57, -8.00, 0, 84, 21832736
0.27, -0.65, 24.60, -16.01, 0, 84, 21844560
0.27, -0.33, 24.60, -8.01, 0, 84, 21856396
0.26, -0.33, 24.57, -8.00, 0, 84, 21868220
0.26, -0.33, 24.60, -8.01, 0, 84, 21880052
0.25, -0.65, 24.60, -16.01, 0, 84, 21891876
0.25, -1.30, 24.76, -32.24, 0, 84, 21903704
0.24, -0.33, 24.60, -8.01, 0, 85, 21915532
0.24, -0.33, 24.60, -8.01, 0, 84, 21927364
0.22, -0.33, 24.60, -8.01, 0, 84, 21939200
0.22, -0.33, 24.60, -8.01, 0, 84, 21951024
0.22, -0.33, 24.60, -8.01, 0, 84, 21962860
0.21, -0.65, 24.60, -16.01, 0, 84, 21974684
0.21, -0.65, 24.60, -16.01, 0, 84, 21986524
0.20, -0.33, 24.60, -8.01, 0, 84, 21998344
0.20, -0.65, 24.60, -16.01, 0, 84, 22010184
0.19, -0.33, 24.60, -8.01, 0, 84, 22022008
0.18, -0.33, 24.60, -8.01, 0, 84, 22033840
0.19, -0.65, 24.60, -16.01, 0, 84, 22045676
0.17, -0.65, 24.60, -16.01, 0, 84, 22057504
0.18, -0.33, 24.60, -8.01, 0, 84, 22069340
0.15, -0.33, 24.60, -8.01, 0, 84, 22081168
0.17, -0.65, 24.60, -16.01, 0, 84, 22093000
0.15, -0.65, 24.60, -16.01, 0, 84, 22104844
0.16, -0.65, 24.60, -16.01, 0, 84, 22116660
0.16, -0.65, 24.60, -16.01, 0, 84, 22128484
0.13, -0.65, 24.60, -16.01, 0, 84, 22140316
0.17, -0.65, 24.60, -16.01, 0, 84, 22152152
0.12, -1.63, 24.71, -40.21, 0, 84, 22163988
0.15, -0.65, 24.60, -16.01, 0, 84, 22175808
0.13, -0.65, 24.60, -16.01, 0, 84, 22187632
0.12, -0.33, 24.60, -8.01, 0, 84, 22199468
0.15, -0.65, 24.60, -16.01, 0, 84, 22211292
0.11, -0.98, 24.65, -24.07, 0, 84, 22223124
0.13, -0.65, 24.60, -16.01, 0, 84, 22234948
0.12, -0.65, 24.60, -16.01, 0, 84, 22246780
0.10, -0.65, 24.63, -16.03, 0, 84, 22258616
0.13, -0.65, 24.60, -16.01, 0, 84, 22270440
0.10, -0.65, 24.60, -16.01, 0, 84, 22282272
0.09, -0.65, 24.63, -16.03, 0, 84, 22294096
0.13, -0.65, 24.63, -16.03, 0, 84, 22305936
0.08, -0.65, 24.60, -16.01, 0, 84, 22317760
0.10, -0.65, 24.63, -16.03, 0, 84, 22329592
0.12, -0.65, 24.63, -16.03, 0, 84, 22341416
0.07, -0.65, 24.60, -16.01, 0, 84, 22353244
0.11, -0.65, 24.60, -16.01, 0, 84, 22365092
0.10, -0.65, 24.63, -16.03, 0, 84, 22376904
0.06, -0.65, 24.63, -16.03, 0, 84, 22388744
0.11, -0.65, 24.60, -16.01, 0, 84, 22400564
0.09, -0.65, 24.63, -16.03, 0, 84, 22412404
0.06, -1.30, 24.71, -32.17, 0, 84, 22424228
0.11, -0.65, 24.63, -16.03, 0, 84, 22436064
0.07, -0.65, 24.63, -16.03, 0, 84, 22447888
0.06, -0.65, 24.63, -16.03, 0, 84, 22459724
0.09, -0.65, 24.63, -16.03, 0, 84, 22471544
0.07, -0.98, 24.71, -24.13, 0, 84, 22483372
0.06, -0.65, 24.63, -16.03, 0, 84, 22495212
0.08, -0.65, 24.63, -16.03, 0, 84, 22507036
0.07, -0.65, 24.63, -16.03, 0, 84, 22518868
0.07, -0.65, 24.63, -16.03, 0, 84, 22530692
0.06, -0.65, 24.63, -16.03, 0, 84, 22542528
0.07, -0.65, 24.63, -16.03, 0, 84, 22554352
0.07, -0.65, 24.63, -16.03, 0, 84, 22566184
0.05, -0.65, 24.63, -16.03, 0, 84, 22578004
0.06, -0.65, 24.63, -16.03, 0, 84, 22589836
