START
-0.02, -0.33, 23.38, -7.61, 1, 19, 512
-0.02, -0.33, 23.38, -7.61, 1, 149, 7260
-0.02, -0.33, 23.41, -7.62, 1, 84, 19084
-0.02, -0.33, 23.38, -7.61, 1, 84, 30916
-0.02, -0.33, 23.41, -7.62, 1, 84, 42744
-0.02, -0.65, 23.47, -15.28, 1, 84, 54580
-0.02, -0.33, 23.41, -7.62, 1, 84, 66404
-0.02, -0.33, 23.38, -7.61, 1, 84, 78228
-0.02, -0.33, 23.38, -7.61, 1, 84, 90068
-0.02, -0.33, 23.38, -7.61, 1, 84, 101888
-0.02, -1.30, 23.57, -30.69, 1, 84, 113724
-0.02, -0.33, 23.38, -7.61, 1, 84, 125548
-0.02, -0.33, 23.41, -7.62, 1, 84, 137380
-0.02, -0.33, 23.38, -7.61, 1, 84, 149204
-0.02, -0.33, 23.38, -7.61, 1, 84, 161040
-0.02, -0.33, 23.38, -7.61, 1, 84, 172864
-0.02, -0.33, 23.38, -7.61, 1, 84, 184692
-0.02, -0.33, 23.41, -7.62, 1, 84, 196524
-0.02, -0.33, 23.41, -7.62, 1, 84, 208352
-0.02, -0.33, 23.41, -7.62, 2, 84, 220188
-0.02, -0.33, 23.41, -7.62, 2, 84, 232008
-0.02, -0.33, 23.41, -7.62, 2, 84, 243840
-0.02, -0.33, 23.38, -7.61, 2, 84, 255664
-0.02, -0.33, 23.38, -7.61, 2, 84, 267496
-0.02, -0.33, 23.38, -7.61, 2, 84, 279320
-0.02, -0.33, 23.38, -7.61, 2, 84, 291152
-0.02, -0.33, 23.38, -7.61, 2, 84, 302976
-0.02, -0.65, 23.38, -15.22, 2, 84, 314808
-0.02, -0.33, 23.38, -7.61, 2, 84, 326640
-0.02, -0.33, 23.38, -7.61, 2, 84, 338464
-0.02, -0.33, 23.38, -7.61, 2, 84, 350300
-0.02, -0.33, 23.38, -7.61, 2, 84, 362120
-0.02, -1.63, 23.57, -38.37, 2, 84, 373968
-0.02, -0.33, 23.38, -7.61, 2, 85, 385780
-0.02, -0.33, 23.38, -7.61, 2, 84, 397612
-0.02, -0.33, 23.41, -7.62, 2, 84, 409436
-0.02, -0.33, 23.38, -7.61, 3, 84, 421264
-0.02, -0.33, 23.44, -7.63, 3, 84, 433100
-0.02, -0.33, 23.38, -7.61, 3, 84, 444920
-0.02, -0.33, 23.38, -7.61, 3, 84, 456756
-0.02, -0.33, 23.38, -7.61, 3, 84, 468580
-0.02, -0.33, 23.38, -7.61, 3, 84, 480412
-0.02, -0.33, 23.38, -7.61, 3, 84, 492240
-0.02, -0.33, 23.38, -7.61, 3, 84, 504076
-0.02, -0.33, 23.38, -7.61, 3, 84, 515896
-0.02, -0.33, 23.38, -7.61, 3, 84, 527728
-0.02, -0.33, 23.38, -7.61, 3, 84, 539564
-0.02, -0.33, 23.38, -7.61, 3, 84, 551392
-0.02, -0.33, 23.38, -7.61, 3, 84, 563228
-0.02, -0.33, 23.38, -7.61, 3, 84, 575072
-0.02, -0.33, 23.38, -7.61, 3, 84, 586888
-0.02, -0.33, 23.38, -7.61, 3, 84, 598712
-0.02, -0.33, 23.38, -7.61, 3, 84, 610552
-0.02, -0.33, 23.38, -7.61, 4, 84, 622372
-0.02, -1.63, 23.52, -38.28, 4, 84, 634216
-0.02, -0.33, 23.38, -7.61, 4, 84, 646036
-0.02, -0.00, 23.38, -0.00, 4, 84, 657864
-0.02, -0.00, 23.38, -0.00, 4, 84, 669700
-0.02, -0.00, 23.38, -0.00, 4, 84, 681524
-0.02, -0.33, 23.47, -7.64, 4, 84, 693364
-0.02, -0.00, 23.38, -0.00, 4, 84, 705184
-0.01, -0.00, 23.38, -0.00, 4, 84, 717024
-0.01, -0.00, 23.38, -0.00, 4, 84, 728844
-0.02, 0.33, 23.38, 7.61, 4, 84, 740684
-0.01, 0.33, 23.41, 7.62, 4, 84, 752504
-0.01, 0.65, 23.36, 15.21, 4, 84, 764336
-0.01, 0.98, 23.14, 22.60, 4, 84, 776172
-0.01, 0.98, 23.38, 22.84, 4, 84, 787996
0.00, 0.98, 23.33, 22.78, 4, 84, 799832
-0.00, 0.98, 23.38, 22.84, 4, 84, 811652
-0.00, 0.98, 23.38, 22.84, 5, 84, 823492
0.01, 0.98, 23.41, 22.86, 5, 84, 835332
0.02, 0.98, 23.41, 22.86, 5, 84, 847148
0.02, 0.98, 23.38, 22.84, 5, 84, 858972
0.02, 0.98, 23.33, 22.78, 5, 84, 870800
0.02, 0.98, 23.41, 22.86, 5, 84, 882636
0.02, -0.00, 23.52, -0.00, 5, 84, 894456
0.02, 0.98, 23.36, 22.81, 5, 84, 906292
0.03, 0.65, 23.36, 15.21, 5, 84, 918112
0.03, 0.65, 23.38, 15.22, 5, 84, 929948
0.03, 0.65, 23.41, 15.24, 5, 84, 941772
0.03, 0.33, 23.52, 7.66, 5, 84, 953604
0.04, 0.65, 23.38, 15.22, 5, 84, 965428
0.04, 0.65, 23.38, 15.22, 5, 84, 977256
0.04, 0.65, 23.38, 15.22, 5, 84, 989084
0.03, 0.33, 23.41, 7.62, 5, 84, 1000916
0.04, 0.33, 23.38, 7.61, 5, 84, 1012756
0.03, 0.33, 23.38, 7.61, 6, 84, 1024580
0.04, 0.33, 23.41, 7.62, 6, 84, 1036416
0.04, 0.33, 23.41, 7.62, 6, 84, 1048236
0.05, 0.33, 23.38, 7.61, 6, 84, 1060072
0.04, 0.33, 23.38, 7.61, 6, 84, 1071896
0.04, 0.33, 23.33, 7.59, 6, 84, 1083724
0.05, 0.33, 23.38, 7.61, 6, 84, 1095556
0.06, 0.33, 23.38, 7.61, 6, 84, 1107388
0.04, 0.33, 23.38, 7.61, 6, 84, 1119220
0.04, 0.33, 23.38, 7.61, 6, 84, 1131048
0.05, 0.33, 23.38, 7.61, 6, 84, 1142884
0.06, -0.33, 23.47, -7.64, 6, 84, 1154708
0.05, 0.33, 23.41, 7.62, 6, 84, 1166544
0.04, 0.33, 23.41, 7.62, 6, 84, 1178368
0.05, 0.33, 23.38, 7.61, 6, 84, 1190204
0.05, 0.33, 23.33, 7.59, 6, 84, 1202028
0.05, -0.65, 23.52, -15.31, 6, 84, 1213860
0.06, 0.33, 23.38, 7.61, 7, 84, 1225692
0.06, 0.33, 23.41, 7.62, 7, 84, 1237516
0.06, 0.33, 23.38, 7.61, 7, 84, 1249356
0.06, 0.33, 23.38, 7.61, 7, 84, 1261176
0.06, 0.33, 23.38, 7.61, 7, 84, 1273016
0.06, 0.33, 23.33, 7.59, 7, 84, 1284840
0.05, 0.33, 23.38, 7.61, 7, 84, 1296676
0.05, 0.33, 23.38, 7.61, 7, 84, 1308496
0.07, 0.33, 23.41, 7.62, 7, 84, 1320324
0.08, 0.33, 23.41, 7.62, 7, 84, 1332160
0.08, 0.33, 23.41, 7.62, 7, 84, 1343984
0.08, 0.33, 23.41, 7.62, 7, 84, 1355820
0.08, 0.33, 23.38, 7.61, 7, 84, 1367640
0.07, 0.33, 23.38, 7.61, 7, 84, 1379480
0.06, 0.33, 23.38, 7.61, 7, 84, 1391300
0.06, 0.33, 23.38, 7.61, 7, 84, 1403136
0.08, -0.00, 23.41, -0.00, 7, 84, 1414960
0.08, 0.33, 23.33, 7.59, 8, 84, 1426788
0.08, 0.33, 23.28, 7.58, 8, 84, 1438616
0.09, 0.33, 23.38, 7.61, 8, 84, 1450448
0.09, 0.33, 23.38, 7.61, 8, 84, 1462284
0.08, -0.98, 23.60, -23.05, 8, 84, 1474124
0.07, 0.33, 23.41, 7.62, 8, 85, 1485940
0.08, 0.33, 23.41, 7.62, 8, 84, 1497764
0.09, 0.33, 23.41, 7.62, 8, 84, 1509596
0.09, 0.65, 23.38, 15.22, 8, 84, 1521420
0.09, 0.33, 23.41, 7.62, 8, 84, 1533252
0.10, 0.33, 23.41, 7.62, 8, 84, 1545076
0.10, 0.33, 23.41, 7.62, 8, 84, 1556904
0.09, 0.33, 23.41, 7.62, 8, 84, 1568740
0.08, 0.33, 23.41, 7.62, 8, 84, 1580564
0.09, 0.65, 23.41, 15.24, 8, 84, 1592396
0.10, 0.33, 23.41, 7.62, 8, 84, 1604216
0.09, 0.33, 23.41, 7.62, 8, 84, 1616052
0.10, 0.33, 23.38, 7.61, 9, 84, 1627872
0.11, 0.33, 23.41, 7.62, 9, 84, 1639708
0.11, 0.33, 23.38, 7.61, 9, 84, 1651532
0.10, 0.65, 23.38, 15.22, 9, 84, 1663360
0.10, 0.33, 23.38, 7.61, 9, 84, 1675212
0.11, 0.33, 23.41, 7.62, 9, 85, 1687016
0.10, 0.65, 23.41, 15.24, 9, 84, 1698848
0.10, 0.65, 23.38, 15.22, 9, 84, 1710672
0.11, 0.65, 23.41, 15.24, 9, 84, 1722504
0.12, -0.98, 23.57, -23.02, 9, 84, 1734340
0.11, 0.65, 23.38, 15.22, 9, 84, 1746160
0.11, 0.65, 23.30, 15.17, 9, 84, 1757984
0.12, 0.65, 23.30, 15.17, 9, 84, 1769812
0.12, 0.65, 23.38, 15.22, 9, 84, 1781640
0.11, 0.33, 23.44, 7.63, 9, 84, 1793472
0.11, 0.65, 23.25, 15.14, 9, 84, 1805308
0.13, 0.65, 23.38, 15.22, 9, 84, 1817132
0.12, 0.65, 23.38, 15.22, 10, 84, 1828964
0.12, 0.65, 23.38, 15.22, 10, 84, 1840788
0.13, 0.65, 23.38, 15.22, 10, 84, 1852620
0.13, 0.65, 23.41, 15.24, 10, 84, 1864444
0.12, 0.65, 23.38, 15.22, 10, 84, 1876276
0.13, 0.65, 23.38, 15.22, 10, 84, 1888096
0.14, 0.65, 23.38, 15.22, 10, 84, 1899924
0.13, 0.65, 23.36, 15.21, 10, 84, 1911760
0.13, 0.65, 23.36, 15.21, 10, 84, 1923584
0.14, 0.65, 23.41, 15.24, 10, 84, 1935440
0.14, 0.65, 23.28, 15.15, 10, 84, 1947244
0.14, 0.65, 23.38, 15.22, 10, 84, 1959080
0.15, 0.65, 23.41, 15.24, 10, 84, 1970904
0.14, 0.65, 23.38, 15.22, 10, 84, 1982736
0.14, -0.65, 23.52, -15.31, 10, 84, 1994560
0.14, 0.65, 23.38, 15.22, 10, 84, 2006388
0.14, 0.65, 23.38, 15.22, 10, 84, 2018216
0.15, 0.65, 23.25, 15.14, 11, 84, 2030040
0.15, 0.65, 23.38, 15.22, 11, 84, 2041876
0.15, 0.33, 23.49, 7.65, 11, 84, 2053700
0.15, 0.65, 23.38, 15.22, 11, 84, 2065536
0.16, 0.65, 23.41, 15.24, 11, 84, 2077356
0.15, 0.65, 23.38, 15.22, 11, 84, 2089192
0.15, 0.65, 23.25, 15.14, 11, 84, 2101016
0.16, 0.98, 23.33, 22.78, 11, 84, 2112848
0.16, 0.98, 23.38, 22.84, 11, 84, 2124672
0.16, 0.98, 23.38, 22.84, 11, 84, 2136504
0.17, 0.98, 23.41, 22.86, 11, 84, 2148340
0.17, 0.65, 23.41, 15.24, 11, 84, 2160164
0.16, 0.65, 23.38, 15.22, 11, 84, 2172000
0.17, 0.98, 23.33, 22.78, 11, 84, 2183828
0.17, 0.98, 23.38, 22.84, 11, 84, 2195680
0.17, 0.98, 23.38, 22.84, 11, 84, 2207480
0.18, 0.98, 23.38, 22.84, 11, 84, 2219320
0.18, 0.98, 23.38, 22.84, 12, 84, 2231144
0.18, 0.98, 23.20, 22.65, 12, 84, 2242976
0.18, -0.00, 23.33, -0.00, 12, 84, 2254808
0.18, 0.98, 23.38, 22.84, 12, 84, 2266632
0.18, 0.98, 23.38, 22.84, 12, 84, 2278472
0.19, 0.98, 23.38, 22.84, 12, 84, 2290296
0.18, 0.98, 23.36, 22.81, 12, 84, 2302128
0.19, -0.00, 23.47, -0.00, 12, 84, 2313952
0.19, 0.98, 23.38, 22.84, 12, 84, 2325788
0.18, 0.98, 23.38, 22.84, 12, 84, 2337612
0.19, 0.98, 23.38, 22.84, 12, 84, 2349444
0.19, 0.98, 23.36, 22.81, 12, 84, 2361280
0.19, 0.98, 23.38, 22.84, 12, 84, 2373100
0.20, 0.98, 23.38, 22.84, 12, 84, 2384940
0.19, 0.98, 23.38, 22.84, 12, 84, 2396760
0.19, 0.98, 23.38, 22.84, 12, 84, 2408596
0.20, 0.98, 23.28, 22.73, 12, 84, 2420420
0.20, 0.98, 23.38, 22.84, 13, 84, 2432260
0.20, 0.98, 23.41, 22.86, 13, 84, 2444084
0.20, 0.98, 23.38, 22.84, 13, 84, 2455912
0.20, 0.98, 23.33, 22.78, 13, 84, 2467744
0.21, 0.98, 23.38, 22.84, 13, 84, 2479572
0.21, 0.98, 23.38, 22.84, 13, 84, 2491412
0.21, 0.98, 23.28, 22.73, 13, 84, 2503232
0.21, 0.65, 23.41, 15.24, 13, 84, 2515072
0.21, 0.98, 23.38, 22.84, 13, 84, 2526892
0.21, 0.98, 23.38, 22.84, 13, 84, 2538728
0.22, 0.98, 23.36, 22.81, 13, 84, 2550552
0.21, 0.98, 23.36, 22.81, 13, 84, 2562384
0.22, 0.33, 23.57, 7.67, 13, 84, 2574212
0.22, 0.98, 23.38, 22.84, 13, 84, 2586044
0.22, 0.98, 23.36, 22.81, 13, 84, 2597884
0.22, 0.98, 23.38, 22.84, 13, 84, 2609704
0.22, 0.98, 23.38, 22.84, 13, 84, 2621540
0.23, 0.98, 23.38, 22.84, 14, 84, 2633364
0.23, 1.30, 23.38, 30.45, 14, 84, 2645200
0.22, 1.30, 23.38, 30.45, 14, 84, 2657024
0.23, 1.30, 23.38, 30.45, 14, 84, 2668864
0.23, 1.30, 23.25, 30.27, 14, 84, 2680684
0.23, 1.30, 23.38, 30.45, 14, 84, 2692512
0.24, 1.30, 23.38, 30.45, 14, 84, 2704348
0.23, 1.30, 23.30, 30.34, 14, 84, 2716168
0.24, 1.30, 23.38, 30.45, 14, 84, 2728004
0.24, 1.30, 23.38, 30.45, 14, 84, 2739828
0.24, 1.30, 23.38, 30.45, 14, 84, 2751664
0.24, 1.30, 23.38, 30.45, 14, 84, 2763488
0.24, 0.98, 23.41, 22.86, 14, 84, 2775324
0.25, 1.30, 23.36, 30.41, 14, 84, 2787148
0.24, 1.30, 23.33, 30.38, 14, 84, 2798980
0.25, 1.30, 23.38, 30.45, 14, 84, 2810816
0.25, 1.30, 23.28, 30.31, 14, 84, 2822636
0.25, -0.33, 23.36, -7.60, 15, 84, 2834488
0.25, 1.30, 23.41, 30.48, 15, 85, 2846296
0.25, 1.30, 23.36, 30.41, 15, 84, 2858128
0.26, 1.30, 23.38, 30.45, 15, 84, 2869952
0.25, 1.30, 23.41, 30.48, 15, 84, 2881792
0.25, 1.30, 23.28, 30.31, 15, 84, 2893612
0.26, 1.30, 23.38, 30.45, 15, 84, 2905444
0.26, 1.30, 23.38, 30.45, 15, 84, 2917272
0.27, 1.30, 23.38, 30.45, 15, 84, 2929100
0.26, 1.30, 23.38, 30.45, 15, 84, 2940936
0.27, 1.30, 23.38, 30.45, 15, 84, 2952760
0.27, 1.30, 23.38, 30.45, 15, 84, 2964596
0.27, 1.30, 23.38, 30.45, 15, 84, 2976424
0.27, 1.30, 23.36, 30.41, 15, 84, 2988260
0.27, 1.30, 23.38, 30.45, 15, 84, 3000080
0.28, 1.30, 23.38, 30.45, 15, 84, 3011916
0.27, 1.30, 23.38, 30.45, 15, 84, 3023740
0.28, 1.30, 23.38, 30.45, 16, 84, 3035592
0.28, 1.30, 23.33, 30.38, 16, 84, 3047408
0.27, 1.30, 23.38, 30.45, 16, 84, 3059232
0.28, 1.30, 23.38, 30.45, 16, 84, 3071068
0.28, 1.63, 23.22, 37.80, 16, 84, 3082892
0.29, -0.00, 23.47, -0.00, 16, 84, 3094744
0.28, 1.63, 23.17, 37.71, 16, 84, 3106552
0.29, 1.63, 23.38, 38.06, 16, 84, 3118388
0.29, 1.63, 23.38, 38.06, 16, 84, 3130212
0.29, 1.63, 23.38, 38.06, 16, 84, 3142044
0.29, 1.30, 23.47, 30.55, 16, 84, 3153880
0.29, 1.63, 23.30, 37.93, 16, 84, 3165700
0.30, 1.63, 23.38, 38.06, 16, 84, 3177540
0.29, 1.63, 23.30, 37.93, 16, 84, 3189360
0.30, 1.63, 23.38, 38.06, 16, 84, 3201196
0.29, 1.63, 23.20, 37.75, 16, 84, 3213016
0.30, 1.63, 23.38, 38.06, 16, 84, 3224852
0.30, 1.63, 23.38, 38.06, 17, 84, 3236680
0.30, 1.63, 23.33, 37.97, 17, 84, 3248508
0.31, 1.63, 23.38, 38.06, 17, 84, 3260332
0.30, 1.63, 23.38, 38.06, 17, 84, 3272160
0.31, 1.63, 23.38, 38.06, 17, 84, 3284000
0.31, 1.63, 23.38, 38.06, 17, 84, 3295844
0.31, 1.63, 23.38, 38.06, 17, 84, 3307660
0.31, 1.63, 23.30, 37.93, 17, 84, 3319484
0.31, 1.63, 23.38, 38.06, 17, 84, 3331320
0.32, 1.63, 23.17, 37.71, 17, 84, 3343144
0.32, 0.98, 23.47, 22.92, 17, 84, 3354972
0.33, 1.63, 23.36, 38.02, 17, 84, 3366804
0.32, 1.63, 23.38, 38.06, 17, 84, 3378632
0.33, 1.63, 23.38, 38.06, 17, 84, 3390464
0.32, 1.63, 23.38, 38.06, 17, 84, 3402288
0.33, 0.98, 23.49, 22.94, 17, 84, 3414120
0.33, 1.63, 23.38, 38.06, 17, 84, 3425944
0.33, 1.63, 23.38, 38.06, 18, 84, 3437780
0.33, 1.63, 23.38, 38.06, 18, 84, 3449600
0.33, 1.95, 23.36, 45.62, 18, 84, 3461432
0.34, 1.95, 23.38, 45.67, 18, 84, 3473252
0.34, 1.95, 23.22, 45.36, 18, 84, 3485084
0.34, 1.95, 23.38, 45.67, 18, 84, 3496920
0.34, 1.95, 23.28, 45.46, 18, 84, 3508740
0.35, 1.95, 23.38, 45.67, 18, 84, 3520576
0.34, 1.95, 23.22, 45.36, 18, 84, 3532396
0.35, 1.95, 23.38, 45.67, 18, 84, 3544232
0.34, 1.95, 23.38, 45.67, 18, 84, 3556056
0.35, 1.95, 23.38, 45.67, 18, 84, 3567884
0.35, 1.95, 23.38, 45.67, 18, 84, 3579712
0.36, 1.95, 23.36, 45.62, 18, 84, 3591540
0.35, 1.95, 23.38, 45.67, 18, 84, 3603364
0.36, 0.98, 23.30, 22.76, 18, 84, 3615196
0.35, 1.95, 23.38, 45.67, 18, 84, 3627028
0.36, 1.95, 23.38, 45.67, 19, 84, 3638852
0.35, 1.95, 23.38, 45.67, 19, 84, 3650688
0.36, 1.95, 23.30, 45.52, 19, 84, 3662516
0.36, 0.98, 23.57, 23.02, 19, 84, 3674348
0.37, 1.95, 23.38, 45.67, 19, 84, 3686172
0.37, 1.95, 23.36, 45.62, 19, 84, 3698004
0.37, 1.95, 23.38, 45.67, 19, 84, 3709836
0.37, 1.95, 23.22, 45.36, 19, 84, 3721660
0.37, 1.95, 23.38, 45.67, 19, 84, 3733500
0.38, 1.95, 23.38, 45.67, 19, 85, 3745320
0.37, 1.95, 23.38, 45.67, 19, 84, 3757160
0.38, 1.95, 23.38, 45.67, 19, 84, 3768980
0.38, 1.95, 23.36, 45.62, 19, 84, 3780820
0.38, 1.95, 23.38, 45.67, 19, 84, 3792644
0.38, 1.95, 23.25, 45.41, 19, 84, 3804480
0.39, 1.95, 23.38, 45.67, 19, 84, 3816300
0.38, 1.95, 23.38, 45.67, 19, 84, 3828136
0.39, 1.95, 23.38, 45.67, 20, 84, 3839972
0.38, 2.28, 23.38, 53.29, 20, 84, 3851792
0.39, 2.28, 23.17, 52.79, 20, 84, 3863632
0.39, 1.95, 23.44, 45.78, 20, 84, 3875452
0.40, 2.28, 23.17, 52.79, 20, 84, 3887292
0.40, 2.28, 23.36, 53.22, 20, 84, 3899112
0.40, 2.28, 23.38, 53.29, 20, 84, 3910948
0.40, 2.28, 23.12, 52.67, 20, 84, 3922772
0.40, 0.65, 23.57, 15.35, 20, 84, 3934620
0.40, 2.28, 23.36, 53.22, 20, 85, 3946440
0.40, 2.28, 23.33, 53.16, 20, 84, 3958264
0.40, 2.28, 23.38, 53.29, 20, 84, 3970100
0.41, 2.28, 23.20, 52.86, 20, 84, 3981924
0.41, 2.28, 23.44, 53.41, 20, 84, 3993756
0.41, 2.28, 23.38, 53.29, 20, 84, 4005576
0.41, 2.28, 23.17, 52.79, 20, 84, 4017412
0.41, 2.28, 23.38, 53.29, 20, 84, 4029236
0.41, 2.28, 23.38, 53.29, 21, 84, 4041060
0.41, 2.28, 23.17, 52.79, 21, 84, 4052892
0.41, 2.28, 23.38, 53.29, 21, 84, 4064720
0.42, 2.28, 23.38, 53.29, 21, 84, 4076552
0.42, 2.28, 23.14, 52.73, 21, 84, 4088376
0.42, 2.28, 23.38, 53.29, 21, 84, 4100208
0.42, 2.28, 23.38, 53.29, 21, 84, 4112032
0.43, 2.28, 23.36, 53.22, 21, 84, 4123868
0.42, 1.95, 23.38, 45.67, 21, 84, 4135684
0.43, 2.28, 23.33, 53.16, 21, 84, 4147520
0.43, 2.28, 23.25, 52.98, 21, 84, 4159344
0.43, 2.28, 23.38, 53.29, 21, 84, 4171176
0.43, 2.28, 23.36, 53.22, 21, 84, 4183012
0.44, 0.98, 23.57, 23.02, 21, 84, 4194852
0.43, 2.28, 23.38, 53.29, 21, 85, 4206668
0.44, 2.28, 23.38, 53.29, 21, 84, 4218492
0.44, 2.28, 23.22, 52.92, 21, 84, 4230324
0.44, 2.60, 23.36, 60.83, 22, 84, 4242148
0.44, 2.28, 23.36, 53.22, 22, 84, 4253984
0.44, 2.60, 23.33, 60.76, 22, 85, 4265812
0.44, 2.60, 23.36, 60.83, 22, 84, 4277640
0.45, 2.60, 23.38, 60.90, 22, 84, 4289476
0.45, 2.60, 23.36, 60.83, 22, 84, 4301300
0.45, 2.60, 23.33, 60.76, 22, 84, 4313136
0.46, 2.60, 23.38, 60.90, 22, 84, 4324960
0.45, 2.60, 23.30, 60.69, 22, 84, 4336796
0.46, 2.60, 23.25, 60.55, 22, 84, 4348620
0.45, 2.60, 23.38, 60.90, 22, 84, 4360456
0.46, 2.60, 23.38, 60.90, 22, 84, 4372276
0.46, 2.60, 23.36, 60.83, 22, 84, 4384104
0.47, 2.60, 23.38, 60.90, 22, 84, 4395956
0.46, 2.60, 23.38, 60.90, 22, 84, 4407760
0.47, 2.60, 23.38, 60.90, 22, 84, 4419596
0.46, 2.60, 23.30, 60.69, 22, 84, 4431416
0.47, 2.60, 23.09, 60.13, 23, 84, 4443248
0.47, 0.98, 23.52, 22.97, 23, 84, 4455072
0.47, 2.60, 23.38, 60.90, 23, 84, 4466908
0.47, 2.60, 23.36, 60.83, 23, 84, 4478728
0.47, 2.60, 23.38, 60.90, 23, 84, 4490564
0.48, 2.60, 23.38, 60.90, 23, 84, 4502384
0.48, 2.28, 23.52, 53.59, 23, 84, 4514216
0.49, 2.60, 23.22, 60.48, 23, 84, 4526048
0.48, 2.60, 23.33, 60.76, 23, 84, 4537868
0.49, 2.60, 23.41, 60.97, 23, 84, 4549704
0.49, 2.60, 23.38, 60.90, 23, 84, 4561528
0.49, 2.60, 23.20, 60.41, 23, 84, 4573360
0.49, 2.60, 23.17, 60.34, 23, 84, 4585188
0.49, 2.93, 23.38, 68.51, 23, 84, 4597024
0.50, 2.93, 23.38, 68.51, 23, 84, 4608848
0.49, 2.93, 23.30, 68.27, 23, 84, 4620676
0.50, 2.93, 23.36, 68.43, 23, 84, 4632516
0.50, 2.93, 23.41, 68.59, 24, 84, 4644340
0.50, 2.93, 23.20, 67.96, 24, 84, 4656192
0.50, 2.93, 23.28, 68.19, 24, 85, 4668000
0.50, 2.93, 23.12, 67.72, 24, 84, 4679832
0.51, 2.93, 23.36, 68.43, 24, 84, 4691656
0.50, 2.93, 23.38, 68.51, 24, 84, 4703488
0.51, 1.95, 23.49, 45.88, 24, 84, 4715316
0.51, 2.93, 23.17, 67.88, 24, 84, 4727148
0.52, 2.93, 23.38, 68.51, 24, 84, 4738976
0.51, 2.93, 23.38, 68.51, 24, 84, 4750804
0.52, 2.93, 23.30, 68.27, 24, 84, 4762644
0.52, 1.95, 23.25, 45.41, 24, 84, 4774468
0.52, 2.93, 23.36, 68.43, 24, 84, 4786304
0.53, 2.93, 23.38, 68.51, 24, 84, 4798128
0.52, 2.93, 23.38, 68.51, 24, 84, 4809960
0.53, 2.93, 23.30, 68.27, 24, 84, 4821784
0.53, 2.93, 23.20, 67.96, 24, 84, 4833616
0.53, 2.93, 23.36, 68.43, 25, 84, 4845444
0.53, 2.93, 23.38, 68.51, 25, 84, 4857276
0.53, 2.93, 23.36, 68.43, 25, 84, 4869112
0.53, 2.93, 23.06, 67.56, 25, 84, 4880936
0.53, 3.26, 23.38, 76.12, 25, 84, 4892772
0.54, 2.93, 23.38, 68.51, 25, 84, 4904596
0.54, 3.26, 23.38, 76.12, 25, 84, 4916428
0.54, 3.26, 23.36, 76.03, 25, 84, 4928256
0.55, 3.26, 23.25, 75.68, 25, 84, 4940092
0.54, 3.26, 23.09, 75.16, 25, 84, 4951908
0.55, 3.26, 23.38, 76.12, 25, 84, 4963740
0.54, 2.28, 23.44, 53.41, 25, 84, 4975576
0.55, 3.26, 23.38, 76.12, 25, 84, 4987396
0.55, 3.26, 23.17, 75.42, 25, 84, 4999232
0.55, 3.26, 23.12, 75.24, 25, 84, 5011052
0.56, 3.26, 23.38, 76.12, 25, 84, 5022888
0.55, 1.95, 23.60, 46.10, 25, 84, 5034728
0.56, 3.26, 23.38, 76.12, 26, 84, 5046544
0.56, 3.26, 23.38, 76.12, 26, 84, 5058368
0.56, 3.26, 23.36, 76.03, 26, 84, 5070196
0.56, 3.26, 23.25, 75.68, 26, 84, 5082024
0.56, 3.26, 23.17, 75.42, 26, 84, 5093856
0.57, 3.26, 23.22, 75.60, 26, 84, 5105688
0.57, 3.26, 23.33, 75.95, 26, 84, 5117512
0.57, 3.26, 23.38, 76.12, 26, 84, 5129344
0.58, 3.26, 23.38, 76.12, 26, 84, 5141168
0.57, 3.26, 23.36, 76.03, 26, 84, 5153004
0.58, 3.26, 23.30, 75.86, 26, 84, 5164828
0.58, 3.26, 23.25, 75.68, 26, 84, 5176656
0.58, 3.26, 23.06, 75.07, 26, 84, 5188480
0.58, 3.26, 23.03, 74.98, 26, 84, 5200308
0.58, 3.26, 23.38, 76.12, 26, 84, 5212148
0.58, 3.26, 23.36, 76.03, 26, 84, 5223968
0.58, 2.93, 23.41, 68.59, 26, 84, 5235804
0.58, 3.26, 23.38, 76.12, 27, 84, 5247624
0.59, 3.26, 23.36, 76.03, 27, 84, 5259456
0.58, 3.58, 23.36, 83.64, 27, 84, 5271276
0.59, 3.58, 23.09, 82.67, 27, 84, 5283116
0.59, 1.95, 23.36, 45.62, 27, 84, 5294952
0.59, 3.58, 23.14, 82.87, 27, 84, 5306768
0.60, 3.58, 23.33, 83.54, 27, 84, 5318600
0.59, 3.58, 23.30, 83.45, 27, 84, 5330424
0.60, 3.58, 23.38, 83.73, 27, 84, 5342256
0.60, 3.58, 23.47, 84.02, 27, 84, 5354084
0.60, 3.58, 23.38, 83.73, 27, 84, 5365916
0.61, 3.58, 23.36, 83.64, 27, 84, 5377740
0.61, 3.58, 23.25, 83.25, 27, 84, 5389576
0.61, 3.58, 23.36, 83.64, 27, 84, 5401400
0.61, 3.58, 23.14, 82.87, 27, 84, 5413236
0.61, 3.58, 23.06, 82.58, 27, 84, 5425060
0.62, 3.58, 23.33, 83.54, 27, 84, 5436892
0.61, 3.58, 23.38, 83.73, 28, 84, 5448728
0.61, 3.58, 23.38, 83.73, 28, 84, 5460552
0.62, 3.58, 23.38, 83.73, 28, 84, 5472392
0.62, 3.58, 23.36, 83.64, 28, 84, 5484212
0.62, 3.26, 23.38, 76.12, 28, 84, 5496044
0.63, 3.58, 23.38, 83.73, 28, 84, 5507864
0.62, 3.58, 23.33, 83.54, 28, 84, 5519696
0.63, 3.58, 23.36, 83.64, 28, 84, 5531524
0.63, 3.91, 23.33, 91.14, 28, 84, 5543356
0.63, 2.28, 23.36, 53.22, 28, 84, 5555208
0.64, 3.58, 23.25, 83.25, 28, 85, 5567016
0.63, 3.58, 23.09, 82.67, 28, 84, 5578852
0.63, 3.58, 23.22, 83.16, 28, 84, 5590680
0.64, 3.91, 23.36, 91.24, 28, 84, 5602512
0.63, 3.26, 23.38, 76.12, 28, 84, 5614336
0.64, 3.91, 23.38, 91.35, 28, 84, 5626176
0.64, 3.91, 23.36, 91.24, 28, 84, 5637996
0.64, 3.58, 23.38, 83.73, 29, 84, 5649828
0.64, 3.91, 23.38, 91.35, 29, 84, 5661664
0.64, 3.91, 23.38, 91.35, 29, 84, 5673488
0.64, 3.91, 23.38, 91.35, 29, 84, 5685328
0.65, 3.91, 23.38, 91.35, 29, 84, 5697152
0.64, 3.91, 23.30, 91.03, 29, 84, 5708988
0.65, 3.91, 23.36, 91.24, 29, 84, 5720812
0.65, 3.91, 23.36, 91.24, 29, 84, 5732648
0.65, 3.91, 23.36, 91.24, 29, 84, 5744472
0.66, 3.91, 23.03, 89.98, 29, 84, 5756320
0.66, 3.91, 23.36, 91.24, 29, 84, 5768136
0.66, 3.91, 23.36, 91.24, 29, 84, 5779960
0.66, 3.91, 23.22, 90.72, 29, 84, 5791792
0.66, 3.91, 23.38, 91.35, 29, 84, 5803616
0.66, 2.60, 23.38, 60.90, 29, 84, 5815448
0.67, 3.91, 23.22, 90.72, 29, 84, 5827272
0.67, 3.91, 23.22, 90.72, 29, 84, 5839108
0.67, 3.91, 23.33, 91.14, 30, 84, 5850932
0.67, 3.91, 23.33, 91.14, 30, 84, 5862760
0.67, 3.26, 23.33, 75.95, 30, 84, 5874588
0.67, 4.23, 23.36, 98.85, 30, 84, 5886420
0.68, 4.23, 23.28, 98.50, 30, 84, 5898252
0.68, 4.23, 23.36, 98.85, 30, 84, 5910080
0.69, 4.23, 23.22, 98.27, 30, 84, 5921912
0.69, 4.23, 23.28, 98.50, 30, 84, 5933740
0.69, 4.23, 23.30, 98.62, 30, 84, 5945576
0.69, 4.23, 23.36, 98.85, 30, 84, 5957400
0.69, 4.23, 23.36, 98.85, 30, 84, 5969228
0.69, 4.23, 23.38, 98.96, 30, 84, 5981060
0.70, 4.23, 23.38, 98.96, 30, 84, 5992888
0.69, 4.23, 23.38, 98.96, 30, 84, 6004720
0.69, 4.23, 23.30, 98.62, 30, 84, 6016564
0.70, 4.23, 23.36, 98.85, 30, 84, 6028380
0.70, 4.23, 23.38, 98.96, 30, 84, 6040204
0.70, 4.23, 23.38, 98.96, 31, 84, 6052036
0.70, 4.23, 23.38, 98.96, 31, 84, 6063860
0.70, 3.58, 23.49, 84.12, 31, 84, 6075696
0.70, 4.23, 23.36, 98.85, 31, 84, 6087520
0.71, 4.23, 23.36, 98.85, 31, 84, 6099348
0.71, 4.23, 23.33, 98.73, 31, 84, 6111180
0.71, 4.56, 23.33, 106.33, 31, 84, 6123004
0.72, 3.58, 23.28, 83.35, 31, 84, 6134840
0.71, 4.56, 23.09, 105.22, 31, 84, 6146664
0.72, 4.56, 23.12, 105.34, 31, 84, 6158496
0.73, 4.56, 23.14, 105.47, 31, 84, 6170320
0.72, 4.56, 23.30, 106.20, 31, 84, 6182152
0.72, 4.56, 23.36, 106.45, 31, 84, 6193976
0.73, 4.56, 23.36, 106.45, 31, 84, 6205804
0.73, 4.56, 23.36, 106.45, 31, 84, 6217636
0.73, 4.56, 23.36, 106.45, 31, 84, 6229464
0.73, 4.56, 23.36, 106.45, 31, 84, 6241296
0.73, 4.56, 23.38, 106.57, 32, 84, 6253116
0.73, 4.56, 23.38, 106.57, 32, 84, 6264952
0.74, 4.56, 23.38, 106.57, 32, 84, 6276780
0.74, 4.56, 23.38, 106.57, 32, 84, 6288616
0.74, 4.56, 23.30, 106.20, 32, 84, 6300436
0.75, 4.56, 23.09, 105.22, 32, 84, 6312268
0.75, 4.56, 23.20, 105.71, 32, 84, 6324092
0.74, 3.91, 23.28, 90.93, 32, 84, 6335924
0.75, 4.88, 23.28, 113.66, 32, 84, 6347756
0.75, 4.88, 23.36, 114.05, 32, 84, 6359576
0.75, 4.88, 23.38, 114.18, 32, 84, 6371416
0.76, 4.88, 23.38, 114.18, 32, 84, 6383236
0.76, 3.26, 23.55, 76.65, 32, 84, 6395088
0.75, 4.88, 23.30, 113.79, 32, 84, 6406892
0.76, 4.88, 23.30, 113.79, 32, 84, 6418728
0.76, 4.88, 23.06, 112.60, 32, 84, 6430552
0.75, 4.88, 23.06, 112.60, 32, 84, 6442380
0.76, 4.88, 23.20, 113.26, 33, 84, 6454216
0.77, 4.88, 23.36, 114.05, 33, 84, 6466040
0.76, 4.88, 23.36, 114.05, 33, 84, 6477880
0.77, 4.88, 23.38, 114.18, 33, 84, 6489704
0.78, 4.88, 23.38, 114.18, 33, 84, 6501532
0.77, 4.88, 23.38, 114.18, 33, 84, 6513356
0.78, 4.88, 23.28, 113.66, 33, 84, 6525192
0.79, 4.88, 23.06, 112.60, 33, 84, 6537012
0.78, 4.88, 23.09, 112.74, 33, 84, 6548840
0.78, 4.88, 23.36, 114.05, 33, 84, 6560672
0.79, 5.21, 23.36, 121.66, 33, 84, 6572500
0.79, 4.88, 23.36, 114.05, 33, 84, 6584340
0.78, 4.56, 23.41, 106.69, 33, 84, 6596164
0.79, 5.21, 23.38, 121.80, 33, 84, 6607996
0.79, 4.88, 23.28, 113.66, 33, 84, 6619824
0.78, 4.88, 23.14, 113.00, 33, 84, 6631656
0.79, 4.88, 23.36, 114.05, 33, 84, 6643480
0.80, 3.58, 23.38, 83.73, 34, 84, 6655324
0.79, 4.88, 23.38, 114.18, 34, 85, 6667136
0.79, 5.21, 23.33, 121.52, 34, 84, 6678964
0.80, 5.21, 23.06, 120.11, 34, 84, 6690800
0.80, 5.21, 23.17, 120.67, 34, 84, 6702620
0.79, 4.88, 23.33, 113.92, 34, 84, 6714456
0.80, 5.21, 23.36, 121.66, 34, 84, 6726280
0.81, 5.21, 23.38, 121.80, 34, 84, 6738112
0.81, 5.21, 23.33, 121.52, 34, 84, 6749936
0.81, 5.21, 23.17, 120.67, 34, 84, 6761772
0.82, 5.21, 23.25, 121.09, 34, 84, 6773600
0.81, 5.21, 23.36, 121.66, 34, 84, 6785428
0.81, 5.21, 23.36, 121.66, 34, 84, 6797260
0.82, 5.21, 23.38, 121.80, 34, 84, 6809088
0.82, 5.21, 23.33, 121.52, 34, 84, 6820920
0.81, 5.21, 23.12, 120.39, 34, 84, 6832744
0.82, 5.21, 23.25, 121.09, 34, 84, 6844576
0.83, 5.21, 23.12, 120.39, 35, 84, 6856420
0.82, 5.21, 23.38, 121.80, 35, 84, 6868236
0.82, 5.53, 23.36, 129.26, 35, 84, 6880060
0.83, 5.53, 23.17, 128.21, 35, 84, 6891892
0.83, 5.53, 23.06, 127.62, 35, 84, 6903724
0.83, 3.91, 23.55, 91.98, 35, 84, 6915552
0.84, 5.53, 23.36, 129.26, 35, 84, 6927388
0.85, 5.53, 23.36, 129.26, 35, 84, 6939212
0.84, 5.53, 23.33, 129.11, 35, 84, 6951048
0.84, 5.53, 23.17, 128.21, 35, 84, 6962872
0.85, 5.21, 23.22, 120.95, 35, 84, 6974712
0.85, 5.53, 23.38, 129.41, 35, 84, 6986536
0.84, 5.53, 23.38, 129.41, 35, 84, 6998368
0.85, 5.53, 23.30, 128.96, 35, 84, 7010200
0.86, 5.53, 23.01, 127.32, 35, 84, 7022028
0.85, 5.53, 23.14, 128.07, 35, 84, 7033864
0.85, 5.53, 23.28, 128.81, 35, 84, 7045688
0.86, 5.53, 23.36, 129.26, 36, 84, 7057524
0.86, 5.53, 23.36, 129.26, 36, 84, 7069348
0.85, 5.53, 23.28, 128.81, 36, 84, 7081184
0.86, 5.53, 23.20, 128.36, 36, 84, 7093012
0.87, 5.53, 23.36, 129.26, 36, 84, 7104844
0.87, 5.53, 23.38, 129.41, 36, 84, 7116688
0.86, 5.86, 23.03, 134.97, 36, 84, 7128500
0.87, 5.86, 23.12, 135.44, 36, 84, 7140332
0.88, 5.86, 23.36, 136.86, 36, 84, 7152152
0.88, 5.86, 23.38, 137.02, 36, 84, 7163988
0.88, 4.88, 23.38, 114.18, 36, 84, 7175812
0.89, 5.86, 23.06, 135.12, 36, 84, 7187644
0.89, 5.86, 23.36, 136.86, 36, 84, 7199468
0.89, 5.86, 23.36, 136.86, 36, 84, 7211304
0.88, 5.86, 23.14, 135.60, 36, 84, 7223128
0.89, 4.88, 23.28, 113.66, 36, 84, 7234956
0.89, 5.86, 23.36, 136.86, 36, 84, 7246792
0.89, 5.86, 23.36, 136.86, 37, 84, 7258612
0.89, 5.86, 23.36, 136.86, 37, 84, 7270452
0.90, 5.86, 23.17, 135.76, 37, 84, 7282272
0.90, 6.18, 23.25, 143.80, 37, 84, 7294112
0.90, 6.18, 23.36, 144.47, 37, 84, 7305932
0.91, 6.18, 23.38, 144.63, 37, 84, 7317772
0.92, 6.18, 23.14, 143.13, 37, 84, 7329596
0.92, 6.18, 23.20, 143.47, 37, 84, 7341428
0.92, 6.18, 23.36, 144.47, 37, 84, 7353256
0.92, 6.18, 23.20, 143.47, 37, 84, 7365080
0.93, 6.18, 23.36, 144.47, 37, 84, 7376936
0.93, 6.18, 23.36, 144.47, 37, 85, 7388736
0.92, 6.18, 23.38, 144.63, 37, 84, 7400572
0.92, 6.18, 23.09, 142.80, 37, 84, 7412392
0.93, 6.18, 23.30, 144.13, 37, 84, 7424228
0.93, 5.21, 23.44, 122.08, 37, 84, 7436048
0.93, 6.18, 23.25, 143.80, 37, 84, 7447884
0.93, 6.18, 23.28, 143.97, 38, 84, 7459708
0.94, 6.18, 23.36, 144.47, 38, 84, 7471532
0.94, 6.18, 23.06, 142.63, 38, 84, 7483368
0.93, 4.88, 23.17, 113.13, 38, 84, 7495204
0.94, 6.51, 23.36, 152.07, 38, 84, 7507028
0.95, 6.51, 23.25, 151.37, 38, 84, 7518848
0.96, 6.51, 23.03, 149.96, 38, 84, 7530684
0.96, 6.51, 23.36, 152.07, 38, 84, 7542504
0.96, 6.51, 23.33, 151.89, 38, 84, 7554344
0.97, 6.51, 23.33, 151.89, 38, 84, 7566160
0.97, 6.51, 23.36, 152.07, 38, 84, 7577992
0.97, 6.51, 22.93, 149.26, 38, 84, 7589824
0.96, 6.51, 23.36, 152.07, 38, 84, 7601644
0.97, 6.51, 23.38, 152.25, 38, 84, 7613480
0.97, 6.51, 22.98, 149.61, 38, 84, 7625300
0.98, 6.51, 23.25, 151.37, 38, 84, 7637136
0.98, 6.51, 23.38, 152.25, 38, 84, 7648956
0.98, 6.51, 23.33, 151.89, 39, 84, 7660792
0.98, 6.84, 23.25, 158.94, 39, 84, 7672616
0.98, 6.84, 23.36, 159.67, 39, 84, 7684444
0.98, 6.51, 23.28, 151.54, 39, 84, 7696268
0.98, 6.84, 23.17, 158.38, 39, 85, 7708096
0.99, 6.84, 23.36, 159.67, 39, 84, 7719932
1.00, 6.84, 22.95, 156.91, 39, 84, 7731756
1.00, 6.84, 23.30, 159.30, 39, 84, 7743592
1.01, 5.53, 23.55, 130.30, 39, 84, 7755428
1.01, 6.84, 23.03, 157.46, 39, 84, 7767248
1.01, 6.84, 23.38, 159.86, 39, 84, 7779072
1.01, 6.84, 23.36, 159.67, 39, 84, 7790912
1.01, 6.84, 23.09, 157.83, 39, 84, 7802732
1.01, 6.84, 23.44, 160.23, 39, 84, 7814560
1.01, 6.84, 23.30, 159.30, 39, 84, 7826400
1.02, 6.84, 23.14, 158.20, 39, 84, 7838220
1.02, 6.84, 23.33, 159.49, 39, 84, 7850060
1.02, 7.16, 23.33, 167.08, 40, 84, 7861884
1.02, 7.16, 23.06, 165.15, 40, 84, 7873716
1.02, 7.16, 23.38, 167.47, 40, 84, 7885540
1.03, 7.16, 22.93, 164.19, 40, 84, 7897372
1.03, 7.16, 23.36, 167.28, 40, 84, 7909196
1.03, 7.16, 23.14, 165.73, 40, 84, 7921020
1.04, 7.16, 23.30, 166.89, 40, 84, 7932856
1.05, 7.16, 23.28, 166.70, 40, 84, 7944680
1.05, 6.84, 23.09, 157.83, 40, 84, 7956516
1.05, 7.16, 23.36, 167.28, 40, 84, 7968336
1.05, 7.16, 22.93, 164.19, 40, 84, 7980176
1.05, 7.16, 23.30, 166.89, 40, 84, 7991996
1.05, 7.16, 23.30, 166.89, 40, 84, 8003832
1.05, 5.86, 23.28, 136.39, 40, 84, 8015664
1.05, 7.16, 23.36, 167.28, 40, 84, 8027484
1.05, 7.16, 23.06, 165.15, 40, 84, 8039312
1.05, 7.16, 23.36, 167.28, 40, 84, 8051136
1.06, 7.16, 22.87, 163.80, 41, 84, 8062972
1.06, 7.16, 23.44, 167.86, 41, 84, 8074792
1.06, 7.49, 23.30, 174.48, 41, 84, 8086628
1.06, 7.49, 23.14, 173.26, 41, 84, 8098452
1.06, 7.49, 23.36, 174.88, 41, 84, 8110284
1.07, 7.49, 23.12, 173.06, 41, 84, 8122108
1.08, 7.49, 23.36, 174.88, 41, 84, 8133944
1.08, 7.49, 23.01, 172.25, 41, 84, 8145768
1.08, 7.49, 23.36, 174.88, 41, 84, 8157600
1.08, 7.49, 23.36, 174.88, 41, 84, 8169432
1.08, 7.49, 23.30, 174.48, 41, 84, 8181256
1.09, 7.49, 23.36, 174.88, 41, 84, 8193092
1.09, 7.81, 22.98, 179.53, 41, 84, 8204916
1.09, 7.81, 23.06, 180.17, 41, 84, 8216772
1.09, 7.81, 22.95, 179.32, 41, 85, 8228576
1.09, 7.81, 23.33, 182.27, 41, 84, 8240408
1.10, 7.81, 22.90, 178.90, 41, 84, 8252232
1.10, 7.81, 23.22, 181.43, 42, 84, 8264056
1.10, 6.51, 23.55, 153.30, 42, 84, 8275896
1.10, 7.81, 23.14, 180.80, 42, 84, 8287716
1.11, 8.14, 23.36, 190.09, 42, 84, 8299552
1.11, 8.14, 23.17, 188.55, 42, 84, 8311372
1.12, 8.14, 23.36, 190.09, 42, 84, 8323212
1.12, 7.16, 23.22, 166.31, 42, 84, 8335032
1.13, 8.14, 23.36, 190.09, 42, 84, 8346868
1.13, 8.14, 23.01, 187.23, 42, 84, 8358688
1.14, 8.14, 23.36, 190.09, 42, 84, 8370516
1.14, 8.14, 23.01, 187.23, 42, 84, 8382352
1.14, 8.14, 23.36, 190.09, 42, 84, 8394176
1.14, 8.14, 22.87, 186.14, 42, 84, 8406012
1.14, 8.14, 23.33, 189.87, 42, 84, 8417840
1.14, 8.14, 23.30, 189.65, 42, 84, 8429676
1.14, 8.14, 23.20, 188.77, 42, 84, 8441496
1.14, 8.14, 23.30, 189.65, 42, 84, 8453332
1.15, 8.14, 23.33, 189.87, 43, 84, 8465156
1.14, 8.14, 23.36, 190.09, 43, 84, 8477008
1.14, 8.14, 23.30, 189.65, 43, 85, 8488812
1.14, 8.14, 22.87, 186.14, 43, 84, 8500640
1.15, 8.46, 23.20, 196.32, 43, 84, 8512476
1.16, 8.46, 22.98, 194.49, 43, 84, 8524296
1.16, 7.49, 23.33, 174.68, 43, 84, 8536128
1.17, 8.46, 22.87, 193.58, 43, 84, 8547952
1.17, 8.46, 23.36, 197.69, 43, 84, 8559788
1.18, 8.46, 22.95, 194.27, 43, 84, 8571612
1.18, 8.46, 23.36, 197.69, 43, 84, 8583444
1.18, 7.81, 23.25, 181.64, 43, 84, 8595264
1.18, 8.46, 23.33, 197.46, 43, 84, 8607092
1.19, 8.46, 23.25, 196.78, 43, 84, 8618924
1.19, 8.46, 23.33, 197.46, 43, 84, 8630756
1.19, 8.46, 23.17, 196.09, 43, 84, 8642588
1.19, 8.46, 23.12, 195.64, 43, 84, 8654412
1.19, 8.46, 23.09, 195.41, 44, 84, 8666252
1.19, 8.46, 23.28, 197.01, 44, 84, 8678072
1.19, 8.79, 23.12, 203.16, 44, 84, 8689908
1.19, 8.79, 22.87, 201.03, 44, 84, 8701728
1.20, 8.79, 23.33, 205.06, 44, 84, 8713560
1.21, 9.11, 22.98, 209.46, 44, 84, 8725392
1.22, 9.11, 23.12, 210.69, 44, 84, 8737240
1.22, 9.11, 22.87, 208.47, 44, 84, 8749056
1.23, 9.11, 23.36, 212.90, 44, 84, 8760880
1.24, 9.11, 22.98, 209.46, 44, 84, 8772716
1.24, 9.11, 23.36, 212.90, 44, 84, 8784540
1.24, 8.46, 23.30, 197.23, 44, 84, 8796372
1.24, 9.11, 22.95, 209.21, 44, 84, 8808196
1.24, 9.11, 23.36, 212.90, 44, 84, 8820032
1.25, 9.11, 23.03, 209.95, 44, 84, 8831852
1.25, 9.11, 23.22, 211.67, 44, 84, 8843680
1.25, 7.81, 23.09, 180.38, 44, 84, 8855528
1.26, 9.11, 22.90, 208.72, 45, 85, 8867332
1.25, 9.11, 23.38, 213.14, 45, 84, 8879168
1.25, 9.11, 22.90, 208.72, 45, 84, 8890996
1.25, 9.44, 23.36, 220.50, 45, 84, 8902828
1.26, 9.44, 23.38, 220.76, 45, 84, 8914648
1.26, 9.44, 22.85, 215.66, 45, 84, 8926488
1.27, 9.44, 23.36, 220.50, 45, 84, 8938308
1.28, 9.44, 22.95, 216.68, 45, 84, 8950140
1.28, 9.44, 23.33, 220.25, 45, 84, 8961972
1.28, 9.44, 23.36, 220.50, 45, 84, 8973800
1.29, 9.44, 22.98, 216.94, 45, 84, 8985636
1.29, 9.44, 23.36, 220.50, 45, 84, 8997456
1.29, 9.44, 23.01, 217.19, 45, 84, 9009296
1.29, 9.44, 23.30, 219.99, 45, 84, 9021116
1.29, 9.44, 23.17, 218.72, 45, 84, 9032952
1.29, 9.44, 22.95, 216.68, 45, 84, 9044776
1.30, 9.11, 23.25, 211.91, 45, 84, 9056608
1.30, 9.44, 23.17, 218.72, 46, 85, 9068436
1.30, 9.77, 22.93, 223.89, 46, 84, 9080264
1.29, 9.77, 23.33, 227.84, 46, 84, 9092100
1.29, 9.77, 22.93, 223.89, 46, 84, 9103924
1.30, 8.46, 23.52, 199.06, 46, 84, 9115776
1.31, 10.09, 23.30, 235.16, 46, 84, 9127584
1.32, 10.09, 22.87, 230.81, 46, 84, 9139420
1.33, 10.09, 23.28, 234.89, 46, 84, 9151244
1.33, 10.09, 23.28, 234.89, 46, 84, 9163080
1.34, 9.77, 22.98, 224.42, 46, 84, 9174904
1.33, 10.09, 23.30, 235.16, 46, 84, 9186732
1.33, 10.09, 23.14, 233.53, 46, 84, 9198568
1.33, 10.09, 22.98, 231.90, 46, 84, 9210392
1.34, 10.09, 23.36, 235.71, 46, 84, 9222232
1.34, 10.09, 23.14, 233.53, 46, 84, 9234056
1.34, 10.09, 23.09, 232.99, 46, 84, 9245892
1.35, 10.09, 23.30, 235.16, 46, 84, 9257712
1.35, 10.09, 23.09, 232.99, 47, 84, 9269548
1.35, 10.09, 22.87, 230.81, 47, 84, 9281372
1.35, 10.42, 23.36, 243.31, 47, 84, 9293204
1.35, 10.42, 23.12, 240.78, 47, 84, 9305040
1.35, 10.09, 22.95, 231.63, 47, 84, 9316860
1.36, 10.42, 23.36, 243.31, 47, 84, 9328700
1.37, 10.42, 23.06, 240.22, 47, 84, 9340524
1.38, 10.42, 23.20, 241.63, 47, 84, 9352364
1.39, 10.42, 23.36, 243.31, 47, 84, 9364188
1.39, 9.11, 23.33, 212.65, 47, 84, 9376020
1.39, 10.74, 22.90, 245.99, 47, 84, 9387844
1.39, 10.74, 23.30, 250.34, 47, 84, 9399672
1.39, 10.42, 23.33, 243.03, 47, 84, 9411512
1.39, 10.74, 23.01, 247.15, 47, 84, 9423336
1.39, 10.09, 23.20, 234.07, 47, 84, 9435168
1.39, 10.42, 23.36, 243.31, 47, 84, 9446996
1.40, 10.74, 23.06, 247.73, 47, 84, 9458832
1.40, 10.42, 22.95, 239.10, 48, 84, 9470656
1.40, 10.74, 23.36, 250.92, 48, 84, 9482492
1.39, 10.74, 23.09, 248.02, 48, 84, 9494316
1.40, 11.07, 22.90, 253.44, 48, 84, 9506144
1.41, 11.07, 23.09, 255.53, 48, 84, 9517976
1.42, 11.07, 23.33, 258.22, 48, 84, 9529808
1.43, 11.07, 23.01, 254.64, 48, 84, 9541640
1.44, 11.07, 22.90, 253.44, 48, 84, 9553464
1.44, 11.07, 23.33, 258.22, 48, 84, 9565304
1.44, 11.07, 22.95, 254.04, 48, 84, 9577144
1.44, 11.07, 22.93, 253.74, 48, 84, 9588964
1.43, 11.07, 22.95, 254.04, 48, 84, 9600788
1.43, 11.07, 23.33, 258.22, 48, 84, 9612616
1.43, 11.07, 23.30, 257.92, 48, 84, 9624448
1.44, 9.44, 23.03, 217.45, 48, 84, 9636276
1.44, 11.07, 23.28, 257.62, 48, 84, 9648112
1.44, 11.07, 23.33, 258.22, 48, 84, 9659940
1.44, 11.07, 23.03, 254.94, 49, 84, 9671772
1.44, 11.07, 22.85, 252.85, 49, 84, 9683596
1.44, 10.09, 23.44, 236.52, 49, 84, 9695428
1.44, 11.07, 23.33, 258.22, 49, 84, 9707248
1.45, 11.07, 23.01, 254.64, 49, 84, 9719084
1.45, 11.07, 22.98, 254.34, 49, 84, 9730908
1.46, 11.07, 23.09, 255.53, 49, 84, 9742736
1.47, 11.07, 23.33, 258.22, 49, 84, 9754572
1.47, 11.07, 23.14, 256.13, 49, 84, 9766396
1.47, 11.39, 22.87, 260.59, 49, 84, 9778232
1.47, 11.07, 22.85, 252.85, 49, 84, 9790056
1.47, 11.39, 23.36, 266.12, 49, 84, 9801892
1.47, 11.39, 23.25, 264.89, 49, 84, 9813716
1.47, 11.39, 22.93, 261.21, 49, 84, 9825548
1.47, 11.39, 23.30, 265.51, 49, 84, 9837388
1.48, 11.39, 23.09, 263.05, 49, 84, 9849200
1.48, 11.39, 23.25, 264.89, 49, 84, 9861024
1.48, 11.07, 23.33, 258.22, 50, 84, 9872852
1.48, 11.39, 22.93, 261.21, 50, 84, 9884692
1.48, 10.74, 23.14, 248.60, 50, 84, 9896512
1.48, 11.39, 23.06, 262.74, 50, 84, 9908344
1.49, 11.72, 23.33, 273.41, 50, 84, 9920168
1.50, 11.72, 23.36, 273.73, 50, 84, 9932000
1.50, 11.72, 23.22, 272.15, 50, 84, 9943820
1.51, 10.42, 23.25, 242.19, 50, 84, 9955672
1.52, 11.72, 22.93, 268.67, 50, 85, 9967480
1.52, 11.72, 23.09, 270.56, 50, 84, 9979308
1.52, 11.72, 23.33, 273.41, 50, 84, 9991144
1.52, 11.72, 23.36, 273.73, 50, 84, 10002968
1.52, 11.72, 23.01, 269.62, 50, 84, 10014804
1.52, 11.72, 22.90, 268.35, 50, 84, 10026624
1.52, 11.72, 23.30, 273.09, 50, 84, 10038456
1.53, 11.72, 23.30, 273.09, 50, 84, 10050284
1.53, 11.72, 23.33, 273.41, 50, 84, 10062116
1.53, 11.72, 23.28, 272.78, 51, 84, 10073940
1.53, 11.72, 22.85, 267.72, 51, 84, 10085768
1.53, 12.04, 22.82, 274.83, 51, 84, 10097604
1.53, 12.04, 23.09, 278.08, 51, 84, 10109432
1.54, 12.04, 23.33, 281.00, 51, 84, 10121264
1.55, 12.04, 23.22, 279.70, 51, 84, 10133092
1.55, 12.04, 23.01, 277.11, 51, 84, 10144928
1.56, 11.39, 22.93, 261.21, 51, 84, 10156748
1.56, 12.04, 22.82, 274.83, 51, 84, 10168584
1.56, 12.04, 22.93, 276.13, 51, 84, 10180408
1.56, 12.04, 23.33, 281.00, 51, 84, 10192232
1.56, 12.04, 23.33, 281.00, 51, 84, 10204064
1.56, 10.74, 23.17, 248.89, 51, 84, 10215908
1.56, 12.04, 23.03, 277.43, 51, 84, 10227728
1.56, 12.04, 22.95, 276.46, 51, 84, 10239548
1.57, 12.04, 22.79, 274.51, 51, 84, 10251384
1.57, 12.04, 23.28, 280.35, 51, 84, 10263204
1.57, 11.72, 23.38, 274.04, 52, 84, 10275040
1.57, 12.37, 23.36, 288.93, 52, 84, 10286868
1.57, 12.37, 23.06, 285.26, 52, 84, 10298696
1.57, 12.37, 22.87, 282.93, 52, 84, 10310528
1.58, 12.70, 22.85, 290.03, 52, 84, 10322356
1.59, 12.70, 23.25, 295.17, 52, 84, 10334192
1.60, 12.70, 22.90, 290.71, 52, 84, 10346012
1.61, 12.70, 23.30, 295.85, 52, 84, 10357848
1.61, 12.70, 23.33, 296.19, 52, 84, 10369672
1.62, 12.70, 23.28, 295.51, 52, 84, 10381508
1.62, 12.70, 23.33, 296.19, 52, 84, 10393328
1.62, 12.70, 22.98, 291.74, 52, 84, 10405164
1.62, 12.37, 23.12, 285.93, 52, 84, 10416984
1.62, 12.70, 22.93, 291.06, 52, 84, 10428812
1.62, 12.70, 22.85, 290.03, 52, 84, 10440648
1.62, 12.70, 23.28, 295.51, 52, 84, 10452472
1.63, 12.70, 23.33, 296.19, 52, 84, 10464312
1.63, 11.39, 23.52, 267.97, 53, 84, 10476136
1.62, 13.02, 23.25, 302.73, 53, 84, 10487972
1.62, 13.02, 23.17, 301.68, 53, 84, 10499796
1.62, 13.02, 22.93, 298.52, 53, 84, 10511628
1.63, 13.02, 22.85, 297.47, 53, 84, 10523448
1.64, 12.70, 23.03, 292.43, 53, 84, 10535276
1.65, 13.02, 22.85, 297.47, 53, 84, 10547108
1.66, 13.35, 22.79, 304.18, 53, 84, 10558936
1.66, 13.35, 23.22, 309.94, 53, 84, 10570768
1.66, 13.35, 23.28, 310.66, 53, 84, 10582596
1.66, 13.35, 23.33, 311.38, 53, 84, 10594424
1.66, 13.35, 23.33, 311.38, 53, 84, 10606248
1.66, 13.35, 23.33, 311.38, 53, 84, 10618084
1.66, 13.35, 23.28, 310.66, 53, 84, 10629908
1.66, 13.35, 23.33, 311.38, 53, 84, 10641740
1.67, 13.35, 23.33, 311.38, 53, 84, 10653564
1.67, 13.35, 23.30, 311.02, 53, 84, 10665388
1.67, 13.02, 23.33, 303.79, 54, 84, 10677224
1.67, 13.35, 23.28, 310.66, 54, 84, 10689048
1.67, 13.67, 23.12, 316.03, 54, 84, 10700880
1.67, 13.67, 23.06, 315.29, 54, 84, 10712700
1.69, 13.67, 22.87, 312.71, 54, 84, 10724540
1.70, 12.37, 23.28, 287.93, 54, 84, 10736360
1.71, 13.67, 22.85, 312.34, 54, 84, 10748196
1.71, 13.67, 22.82, 311.97, 54, 84, 10760020
1.71, 14.00, 22.76, 318.64, 54, 84, 10771852
1.71, 14.00, 22.76, 318.64, 54, 84, 10783688
1.71, 13.02, 23.22, 302.38, 54, 84, 10795512
1.71, 14.00, 23.28, 325.82, 54, 84, 10807348
1.71, 14.00, 23.25, 325.44, 54, 84, 10819172
1.72, 14.00, 23.30, 326.19, 54, 84, 10831008
1.72, 14.00, 23.33, 326.57, 54, 84, 10842832
1.73, 14.00, 23.33, 326.57, 54, 84, 10854668
1.73, 14.00, 23.28, 325.82, 54, 84, 10866496
1.73, 14.00, 23.33, 326.57, 55, 84, 10878320
1.73, 14.00, 23.33, 326.57, 55, 84, 10890152
1.73, 14.32, 23.33, 334.17, 55, 84, 10901980
1.73, 14.32, 23.06, 330.30, 55, 84, 10913820
1.74, 14.32, 23.14, 331.46, 55, 84, 10925644
1.75, 14.32, 22.74, 325.67, 55, 84, 10937496
1.76, 14.32, 22.98, 329.14, 55, 84, 10949300
1.76, 14.32, 22.95, 328.76, 55, 84, 10961136
1.76, 14.32, 23.17, 331.85, 55, 84, 10972960
1.76, 14.32, 23.03, 329.92, 55, 84, 10984788
1.76, 13.02, 23.28, 303.09, 55, 84, 10996612
1.76, 14.32, 23.30, 333.78, 55, 84, 11008440
1.76, 14.32, 22.98, 329.14, 55, 84, 11020280
1.76, 14.32, 23.06, 330.30, 55, 84, 11032100
1.77, 14.65, 22.85, 334.65, 55, 84, 11043940
1.77, 13.67, 23.06, 315.29, 55, 84, 11055760
1.77, 14.32, 22.93, 328.37, 55, 84, 11067592
1.76, 14.65, 22.93, 335.84, 56, 84, 11079416
1.77, 14.65, 22.82, 334.25, 56, 84, 11091252
1.77, 14.97, 22.93, 343.30, 56, 84, 11103072
1.78, 14.97, 23.14, 346.53, 56, 84, 11114900
1.79, 14.97, 23.01, 344.51, 56, 84, 11126732
1.81, 14.97, 23.14, 346.53, 56, 84, 11138556
1.81, 14.97, 23.30, 348.95, 56, 84, 11150388
1.82, 14.97, 23.33, 349.36, 56, 84, 11162212
1.82, 15.30, 23.30, 356.54, 56, 84, 11174048
1.82, 15.30, 23.33, 356.95, 56, 84, 11185868
1.82, 15.30, 23.03, 352.41, 56, 84, 11197724
1.82, 15.30, 22.93, 350.76, 56, 85, 11209528
1.83, 15.30, 23.22, 355.30, 56, 84, 11221356
1.83, 14.97, 22.74, 340.47, 56, 84, 11233180
1.83, 15.30, 22.74, 347.87, 56, 84, 11245012
1.83, 14.32, 23.03, 329.92, 56, 84, 11256844
1.83, 15.30, 22.85, 349.52, 56, 85, 11268668
1.83, 15.30, 22.76, 348.29, 57, 84, 11280504
1.83, 15.30, 22.79, 348.70, 57, 84, 11292324
1.83, 15.30, 22.76, 348.29, 57, 84, 11304160
1.84, 14.32, 22.90, 327.99, 57, 84, 11315996
1.85, 15.63, 22.79, 356.12, 57, 84, 11327816
1.86, 15.63, 22.98, 359.07, 57, 84, 11339644
1.86, 15.63, 23.01, 359.49, 57, 84, 11351476
1.87, 15.95, 23.03, 367.41, 57, 84, 11363312
1.87, 15.95, 23.36, 372.57, 57, 84, 11375132
1.87, 15.95, 23.17, 369.56, 57, 84, 11386972
1.87, 15.95, 23.30, 371.71, 57, 84, 11398792
1.87, 15.95, 23.33, 372.14, 57, 84, 11410628
1.88, 15.95, 23.25, 370.85, 57, 84, 11422452
1.88, 15.95, 23.28, 371.28, 57, 84, 11434288
1.88, 15.95, 22.82, 363.97, 57, 84, 11446112
1.88, 15.95, 22.68, 361.82, 57, 84, 11457940
1.88, 15.95, 23.12, 368.70, 57, 84, 11469776
1.89, 15.95, 22.71, 362.25, 58, 84, 11481600
1.89, 16.28, 22.71, 369.64, 58, 84, 11493436
1.89, 16.28, 22.82, 371.39, 58, 84, 11505260
1.90, 15.63, 22.85, 356.96, 58, 84, 11517096
1.91, 16.60, 22.98, 381.51, 58, 84, 11528920
1.92, 16.60, 23.14, 384.20, 58, 84, 11540756
1.93, 16.60, 23.28, 386.43, 58, 84, 11552576
1.93, 16.60, 23.25, 385.99, 58, 84, 11564408
1.94, 15.30, 23.49, 359.43, 58, 84, 11576260
1.94, 16.60, 22.85, 379.27, 58, 85, 11588072
1.93, 16.60, 22.79, 378.37, 58, 84, 11599904
1.93, 16.60, 22.90, 380.17, 58, 84, 11611728
1.94, 16.60, 22.85, 379.27, 58, 84, 11623564
1.94, 16.28, 23.17, 377.10, 58, 84, 11635384
1.95, 16.93, 23.12, 391.27, 58, 84, 11647220
1.95, 16.93, 23.30, 394.47, 58, 84, 11659040
1.95, 16.93, 23.01, 389.45, 58, 84, 11670868
1.96, 16.93, 22.71, 384.42, 59, 84, 11682700
1.95, 16.93, 22.76, 385.34, 59, 84, 11694528
1.96, 16.93, 22.79, 385.79, 59, 84, 11706364
1.96, 17.25, 22.90, 395.07, 59, 84, 11718184
1.97, 17.25, 23.03, 397.40, 59, 84, 11730020
1.98, 17.25, 23.36, 402.98, 59, 84, 11741844
1.98, 17.25, 23.01, 396.94, 59, 84, 11753676
1.98, 17.25, 22.79, 393.21, 59, 84, 11765504
1.98, 16.93, 22.82, 386.25, 59, 84, 11777336
1.98, 17.25, 23.20, 400.19, 59, 84, 11789160
1.98, 17.25, 23.30, 402.05, 59, 84, 11800988
1.98, 17.25, 23.28, 401.59, 59, 84, 11812828
1.98, 17.25, 23.22, 400.66, 59, 84, 11824652
1.99, 15.95, 23.03, 367.41, 59, 84, 11836488
1.99, 17.25, 22.71, 391.82, 59, 84, 11848312
1.99, 17.25, 22.71, 391.82, 59, 84, 11860148
1.99, 17.25, 22.87, 394.61, 59, 84, 11871972
1.99, 17.58, 23.03, 404.90, 60, 84, 11883808
1.99, 16.93, 23.38, 395.84, 60, 84, 11895628
1.99, 17.90, 23.25, 416.26, 60, 84, 11907456
2.01, 17.90, 22.66, 405.64, 60, 84, 11919292
2.03, 18.23, 22.76, 414.98, 60, 84, 11931116
2.04, 18.23, 22.98, 418.91, 60, 84, 11942952
2.05, 18.23, 23.30, 424.81, 60, 84, 11954772
2.06, 18.23, 23.01, 419.40, 60, 84, 11966608
2.06, 18.55, 22.68, 420.89, 60, 84, 11978432
2.06, 18.55, 22.66, 420.39, 60, 84, 11990268
2.07, 18.55, 22.98, 426.39, 60, 84, 12002092
2.07, 18.55, 23.30, 432.40, 60, 84, 12013920
2.07, 18.55, 22.79, 422.89, 60, 84, 12025752
2.07, 18.55, 23.22, 430.90, 60, 84, 12037600
2.07, 18.55, 22.74, 421.89, 60, 84, 12049420
2.08, 18.55, 23.17, 429.90, 60, 84, 12061244
2.08, 18.55, 23.28, 431.90, 60, 84, 12073080
2.07, 18.88, 23.14, 436.93, 61, 84, 12084904
2.07, 17.58, 22.98, 403.95, 61, 84, 12096744
2.09, 18.55, 22.79, 422.89, 61, 84, 12108568
2.09, 18.55, 22.95, 425.89, 61, 84, 12120396
2.09, 18.23, 23.44, 427.27, 61, 84, 12132228
2.08, 18.55, 22.66, 420.39, 61, 84, 12144052
2.08, 17.58, 23.06, 405.37, 61, 84, 12155888
2.08, 18.55, 23.25, 431.40, 61, 84, 12167712
2.08, 18.55, 23.20, 430.40, 61, 84, 12179548
2.08, 18.55, 22.82, 423.39, 61, 84, 12191364
2.08, 18.23, 22.68, 413.50, 61, 84, 12203204
2.08, 18.23, 23.20, 422.85, 61, 84, 12215020
2.09, 18.55, 23.17, 429.90, 61, 84, 12226860
2.09, 18.55, 22.71, 421.39, 61, 84, 12238680
2.09, 18.55, 22.71, 421.39, 61, 84, 12250508
2.09, 18.55, 22.87, 424.39, 61, 84, 12262344
2.08, 18.55, 23.30, 432.40, 61, 84, 12274164
2.08, 18.23, 22.74, 414.49, 62, 84, 12286000
2.08, 18.23, 23.28, 424.32, 62, 84, 12297844
2.08, 18.55, 22.76, 422.39, 62, 84, 12309660
2.08, 18.55, 23.20, 430.40, 62, 84, 12321480
2.10, 18.55, 23.01, 426.89, 62, 84, 12333320
2.10, 18.55, 22.71, 421.39, 62, 84, 12345140
2.11, 17.25, 23.03, 397.40, 62, 84, 12356968
2.10, 18.55, 23.25, 431.40, 62, 84, 12368796
2.10, 18.55, 22.74, 421.89, 62, 84, 12380624
2.10, 18.55, 22.76, 422.39, 62, 84, 12392464
2.10, 18.88, 23.22, 438.46, 62, 84, 12404288
2.11, 17.25, 23.06, 397.87, 62, 84, 12416140
2.11, 18.55, 23.17, 429.90, 62, 84, 12427948
2.11, 18.88, 22.98, 433.87, 62, 84, 12439784
2.12, 18.88, 23.06, 435.40, 62, 84, 12451608
2.11, 18.88, 23.30, 439.98, 62, 84, 12463440
2.11, 18.88, 22.85, 431.33, 62, 84, 12475268
2.11, 18.88, 22.71, 428.78, 63, 84, 12487096
2.11, 18.88, 22.85, 431.33, 63, 84, 12498932
2.11, 18.88, 23.28, 439.47, 63, 84, 12510760
2.11, 18.88, 22.98, 433.87, 63, 84, 12522596
2.12, 18.88, 22.68, 428.27, 63, 84, 12534420
2.13, 19.21, 22.87, 439.28, 63, 84, 12546252
2.14, 19.21, 23.22, 446.02, 63, 84, 12558096
2.14, 19.21, 22.60, 434.10, 63, 84, 12569916
2.14, 19.21, 23.01, 441.87, 63, 84, 12581736
2.14, 19.21, 23.30, 447.57, 63, 84, 12593568
2.14, 19.21, 23.25, 446.53, 63, 84, 12605408
2.15, 18.55, 23.03, 427.39, 63, 84, 12617228
2.15, 19.21, 22.74, 436.69, 63, 84, 12629068
2.15, 19.53, 23.33, 455.68, 63, 84, 12640888
2.15, 19.53, 22.79, 445.15, 63, 84, 12652728
2.16, 19.21, 22.85, 438.76, 63, 84, 12664552
2.16, 17.90, 22.90, 409.98, 63, 84, 12676400
2.16, 19.53, 23.01, 449.36, 64, 85, 12688208
2.16, 19.53, 22.63, 441.99, 64, 84, 12700044
2.16, 19.86, 22.85, 453.64, 64, 84, 12711880
2.18, 20.18, 23.17, 467.61, 64, 84, 12723700
2.20, 19.86, 22.90, 454.71, 64, 84, 12735536
2.21, 20.51, 23.12, 474.04, 64, 84, 12747364
2.23, 20.51, 23.25, 476.81, 64, 84, 12759200
2.23, 20.51, 22.63, 464.08, 64, 84, 12771020
2.24, 20.51, 23.17, 475.15, 64, 84, 12782856
2.24, 20.51, 22.60, 463.53, 64, 84, 12794680
2.24, 20.51, 22.82, 467.96, 64, 84, 12806508
2.25, 20.51, 23.22, 476.25, 64, 84, 12818336
2.25, 20.51, 22.63, 464.08, 64, 84, 12830164
2.25, 20.83, 22.76, 474.26, 64, 84, 12842000
2.26, 20.83, 23.25, 484.38, 64, 84, 12853820
2.26, 20.83, 22.66, 472.01, 64, 84, 12865656
2.27, 20.51, 22.79, 467.40, 64, 84, 12877480
2.27, 20.83, 23.25, 484.38, 65, 84, 12889316
2.27, 20.83, 22.66, 472.01, 65, 84, 12901140
2.27, 21.16, 22.76, 481.67, 65, 84, 12912972
2.27, 21.16, 23.20, 490.80, 65, 84, 12924800
2.28, 19.86, 23.01, 456.85, 65, 84, 12936628
2.29, 21.16, 22.90, 484.52, 65, 84, 12948468
2.30, 21.16, 22.93, 485.10, 65, 84, 12960292
2.30, 21.48, 22.71, 487.92, 65, 84, 12972124
2.31, 21.48, 23.22, 498.93, 65, 84, 12983952
2.31, 20.83, 22.71, 473.14, 65, 84, 12995784
2.31, 21.48, 22.85, 490.82, 65, 84, 13007604
2.31, 21.48, 23.20, 498.35, 65, 84, 13019440
2.31, 21.48, 22.66, 486.76, 65, 84, 13031264
2.31, 21.48, 23.17, 497.77, 65, 84, 13043096
2.31, 21.48, 22.95, 493.14, 65, 84, 13054932
2.32, 21.48, 22.76, 489.08, 65, 84, 13066756
2.32, 21.48, 23.25, 499.51, 65, 84, 13078592
2.32, 21.48, 22.90, 491.98, 66, 84, 13090420
2.33, 21.81, 22.85, 498.26, 66, 84, 13102252
2.33, 21.81, 23.09, 503.55, 66, 84, 13114080
2.33, 22.14, 22.66, 501.51, 66, 84, 13125916
2.34, 21.81, 23.22, 506.49, 66, 84, 13137740
2.36, 22.14, 22.71, 502.71, 66, 84, 13149568
2.37, 22.46, 22.79, 511.92, 66, 84, 13161408
2.38, 22.46, 22.93, 514.95, 66, 84, 13173232
2.39, 22.46, 22.58, 507.07, 66, 84, 13185068
2.39, 21.16, 23.44, 495.94, 66, 84, 13196892
2.39, 22.46, 22.74, 510.71, 66, 84, 13208728
2.40, 22.79, 22.66, 516.26, 66, 84, 13220552
2.40, 22.46, 23.28, 522.82, 66, 84, 13232388
2.40, 22.79, 22.63, 515.65, 66, 84, 13244212
2.40, 21.81, 23.41, 510.61, 66, 84, 13256040
2.41, 22.79, 22.60, 515.04, 66, 84, 13267868
2.41, 22.79, 23.17, 527.94, 66, 84, 13279696
2.41, 22.79, 23.09, 526.10, 67, 84, 13291528
2.41, 22.79, 22.79, 519.34, 67, 84, 13303356
2.41, 22.79, 23.20, 528.56, 67, 84, 13315192
2.41, 23.11, 22.63, 523.02, 67, 84, 13327016
2.42, 23.11, 22.85, 528.00, 67, 84, 13338852
2.43, 23.11, 22.74, 525.51, 67, 84, 13350676
2.44, 23.11, 22.87, 528.63, 67, 84, 13362504
2.44, 22.79, 22.76, 518.72, 67, 84, 13374336
2.44, 22.79, 22.79, 519.34, 67, 84, 13386164
2.43, 22.79, 22.68, 516.88, 67, 84, 13398020
2.43, 22.79, 22.60, 515.04, 67, 85, 13409820
2.42, 22.79, 23.17, 527.94, 67, 84, 13421656
2.42, 22.79, 22.60, 515.04, 67, 84, 13433476
2.42, 22.79, 22.74, 518.11, 67, 84, 13445316
2.43, 21.48, 23.30, 500.67, 67, 84, 13457140
2.43, 22.79, 22.58, 514.42, 67, 84, 13468972
2.43, 22.79, 23.25, 529.79, 67, 84, 13480796
2.43, 22.79, 22.63, 515.65, 68, 84, 13492624
2.43, 23.11, 22.79, 526.76, 68, 84, 13504464
2.43, 21.81, 23.52, 512.96, 68, 84, 13516300
2.43, 23.44, 22.60, 529.75, 68, 84, 13528120
2.44, 23.44, 22.74, 532.91, 68, 84, 13539944
2.46, 23.44, 22.60, 529.75, 68, 84, 13551780
2.47, 23.76, 23.20, 551.21, 68, 84, 13563600
2.48, 23.76, 22.60, 537.11, 68, 84, 13575436
2.49, 23.76, 22.98, 546.08, 68, 84, 13587256
2.50, 24.09, 22.60, 544.47, 68, 84, 13599084
2.50, 24.09, 23.12, 556.81, 68, 84, 13610908
2.51, 24.09, 22.60, 544.47, 68, 84, 13622740
2.51, 24.09, 23.25, 560.06, 68, 84, 13634576
2.51, 24.09, 22.68, 546.41, 68, 84, 13646396
2.51, 24.09, 22.82, 549.66, 68, 84, 13658248
2.51, 24.09, 22.63, 545.12, 68, 84, 13670056
2.52, 24.09, 23.14, 557.46, 68, 84, 13681884
2.52, 24.09, 22.82, 549.66, 69, 84, 13693708
2.51, 24.09, 22.95, 552.91, 69, 84, 13705544
2.51, 23.44, 22.87, 536.07, 69, 84, 13717364
2.52, 24.41, 22.71, 554.46, 69, 84, 13729192
2.53, 24.41, 22.76, 555.77, 69, 84, 13741032
2.53, 24.41, 22.58, 551.16, 69, 84, 13752852
2.54, 24.74, 22.79, 563.85, 69, 84, 13764688
2.55, 23.44, 23.41, 548.72, 69, 84, 13776528
2.56, 24.74, 22.74, 562.52, 69, 84, 13788348
2.56, 24.74, 22.60, 559.18, 69, 84, 13800172
2.56, 24.74, 22.66, 560.52, 69, 84, 13812012
2.56, 24.74, 22.63, 559.85, 69, 84, 13823832
2.56, 24.41, 23.12, 564.33, 69, 84, 13835660
2.56, 24.74, 22.58, 558.51, 69, 84, 13847492
2.57, 24.74, 23.17, 573.19, 69, 84, 13859312
2.57, 25.07, 22.63, 567.21, 69, 84, 13871152
2.57, 25.07, 22.93, 574.65, 69, 84, 13882972
2.57, 25.07, 22.71, 569.24, 70, 84, 13894804
2.58, 25.07, 22.55, 565.19, 70, 84, 13906628
2.58, 25.39, 22.95, 582.80, 70, 84, 13918464
2.58, 25.39, 22.66, 575.27, 70, 84, 13930284
2.59, 25.39, 22.98, 583.48, 70, 84, 13942112
2.61, 25.72, 22.66, 582.64, 70, 84, 13953940
2.61, 25.72, 22.58, 580.56, 70, 84, 13965768
2.62, 25.07, 22.58, 565.86, 70, 84, 13977600
2.63, 25.72, 22.49, 578.48, 70, 85, 13989424
2.63, 26.04, 22.85, 594.93, 70, 84, 14001260
2.64, 26.04, 22.52, 586.50, 70, 84, 14013084
2.64, 26.04, 23.01, 599.15, 70, 84, 14024916
2.64, 24.74, 22.79, 563.85, 70, 84, 14036760
2.65, 26.04, 22.90, 596.34, 70, 84, 14048580
2.65, 26.04, 22.66, 590.02, 70, 84, 14060404
2.65, 26.04, 22.93, 597.04, 70, 84, 14072232
2.60, 26.04, 22.60, 588.61, 70, 84, 14084068
2.61, 26.04, 22.82, 594.23, 71, 84, 14095892
2.63, 26.37, 22.76, 600.24, 71, 84, 14107724
2.64, 26.37, 22.60, 595.97, 71, 84, 14119548
2.61, 26.69, 22.85, 609.81, 71, 84, 14131388
2.57, 26.69, 22.66, 604.77, 71, 84, 14143208
2.58, 26.69, 23.20, 619.17, 71, 84, 14155044
2.64, 27.02, 22.68, 612.87, 71, 84, 14166868
2.66, 27.02, 22.49, 607.77, 71, 84, 14178700
2.65, 27.02, 22.76, 615.06, 71, 84, 14190536
2.64, 27.02, 22.52, 608.50, 71, 84, 14202360
2.63, 27.02, 23.03, 622.34, 71, 84, 14214196
2.65, 27.02, 22.55, 609.23, 71, 84, 14226020
2.65, 26.69, 22.74, 606.93, 71, 84, 14237856
2.65, 27.34, 22.71, 620.99, 71, 85, 14249680
2.64, 27.34, 22.82, 623.94, 71, 84, 14261516
2.63, 27.34, 22.74, 621.73, 71, 84, 14273336
2.65, 27.34, 22.63, 618.78, 71, 84, 14285168
2.65, 26.04, 23.28, 606.17, 72, 84, 14296996
2.65, 27.34, 22.55, 616.57, 72, 84, 14308828
2.66, 27.67, 23.17, 641.07, 72, 84, 14320668
2.67, 27.67, 22.60, 625.40, 72, 84, 14332488
2.69, 27.99, 22.44, 628.23, 72, 84, 14344324
2.69, 27.34, 22.90, 626.15, 72, 84, 14356148
2.70, 28.32, 22.66, 641.64, 72, 84, 14367984
2.72, 28.32, 22.41, 634.77, 72, 84, 14379812
2.74, 28.32, 22.76, 644.70, 72, 84, 14391644
2.76, 28.32, 22.52, 637.82, 72, 84, 14403468
2.76, 28.32, 22.76, 644.70, 72, 84, 14415304
2.77, 28.32, 22.71, 643.17, 72, 84, 14427136
2.77, 28.32, 22.49, 637.06, 72, 84, 14438960
2.77, 28.32, 22.93, 649.28, 72, 84, 14450800
2.77, 28.32, 22.60, 640.12, 72, 84, 14462620
2.77, 28.32, 22.52, 637.82, 72, 84, 14474456
2.78, 28.32, 23.20, 656.92, 72, 84, 14486280
2.78, 27.99, 22.44, 628.23, 73, 84, 14498116
2.78, 28.65, 22.63, 648.25, 73, 84, 14509940
2.78, 28.65, 22.63, 648.25, 73, 84, 14521772
2.79, 28.65, 22.55, 645.93, 73, 84, 14533608
2.80, 28.97, 23.12, 669.68, 73, 84, 14545432
2.80, 27.67, 22.66, 626.89, 73, 84, 14557268
2.81, 28.97, 22.52, 652.49, 73, 84, 14569088
2.82, 29.30, 22.79, 667.72, 73, 84, 14580924
2.83, 29.30, 22.85, 669.30, 73, 84, 14592744
2.83, 29.30, 22.47, 658.24, 73, 84, 14604580
2.83, 28.65, 23.33, 668.33, 73, 84, 14616404
2.83, 29.30, 22.58, 661.40, 73, 84, 14628232
2.83, 29.30, 22.58, 661.40, 73, 84, 14640072
2.83, 29.62, 23.14, 685.53, 73, 84, 14651892
2.83, 29.62, 22.60, 669.55, 73, 84, 14663728
2.81, 29.62, 22.44, 664.75, 73, 84, 14675552
2.74, 29.62, 23.12, 684.73, 73, 84, 14687388
2.71, 29.62, 22.66, 671.14, 74, 84, 14699216
2.71, 29.95, 22.39, 670.44, 74, 84, 14711048
2.74, 29.95, 22.63, 677.71, 74, 84, 14722872
2.74, 30.27, 22.76, 689.16, 74, 84, 14734704
2.81, 30.60, 22.49, 688.32, 74, 84, 14746532
2.87, 30.60, 22.90, 700.70, 74, 84, 14758384
2.90, 30.92, 22.63, 699.81, 74, 84, 14770200
2.85, 30.92, 22.44, 693.97, 74, 84, 14782028
2.78, 30.92, 22.87, 707.32, 74, 84, 14793860
2.79, 31.25, 22.76, 711.39, 74, 84, 14805684
2.87, 29.95, 22.58, 676.10, 74, 84, 14817520
2.87, 31.25, 22.52, 703.81, 74, 84, 14829344
2.87, 31.58, 23.14, 730.72, 74, 84, 14841172
2.82, 31.58, 22.68, 716.25, 74, 84, 14853000
2.88, 31.58, 22.44, 708.58, 74, 84, 14864828
2.88, 30.27, 23.28, 704.67, 74, 84, 14876680
2.85, 31.58, 23.22, 733.28, 74, 84, 14888484
2.82, 31.90, 22.55, 719.33, 75, 84, 14900320
2.79, 31.90, 22.55, 719.33, 75, 84, 14912144
2.83, 32.23, 22.74, 732.75, 75, 84, 14923976
2.82, 32.23, 22.79, 734.49, 75, 84, 14935800
2.87, 32.23, 22.36, 720.58, 75, 84, 14947632
2.87, 32.55, 22.39, 728.74, 75, 84, 14959460
2.78, 32.55, 23.09, 751.57, 75, 84, 14971288
2.81, 32.55, 22.55, 734.01, 75, 84, 14983120
2.75, 32.88, 22.41, 736.91, 75, 84, 14994944
2.77, 32.88, 22.52, 740.46, 75, 84, 15006776
2.84, 32.88, 22.63, 744.01, 75, 84, 15018616
2.91, 32.88, 22.66, 744.90, 75, 84, 15030432
2.91, 32.88, 22.36, 735.14, 75, 84, 15042256
2.79, 33.20, 22.39, 743.32, 75, 84, 15054092
2.82, 33.20, 22.58, 749.58, 75, 84, 15065912
2.83, 32.55, 22.76, 741.03, 75, 84, 15077740
2.79, 33.20, 22.47, 746.00, 75, 85, 15089568
2.78, 33.20, 22.47, 746.00, 76, 84, 15101392
2.77, 33.53, 22.82, 765.07, 76, 84, 15113232
2.82, 33.85, 22.82, 772.50, 76, 84, 15125056
2.80, 32.55, 22.68, 738.40, 76, 84, 15136908
2.82, 34.18, 22.39, 765.18, 76, 84, 15148712
2.87, 34.18, 23.14, 790.99, 76, 84, 15160548
2.91, 34.51, 22.95, 792.01, 76, 84, 15172372
2.91, 34.51, 22.55, 778.05, 76, 84, 15184204
2.86, 34.18, 22.39, 765.18, 76, 84, 15196036
2.85, 34.51, 22.36, 771.53, 76, 84, 15207860
2.89, 34.83, 22.95, 799.48, 76, 84, 15219696
2.85, 34.83, 22.76, 792.90, 76, 84, 15231520
2.79, 34.83, 22.47, 782.57, 76, 84, 15243352
2.82, 34.83, 22.39, 779.75, 76, 84, 15255176
2.86, 34.83, 22.85, 795.72, 76, 84, 15267012
2.87, 34.83, 22.82, 794.78, 76, 84, 15278836
2.79, 34.83, 22.44, 781.63, 76, 84, 15290668
2.78, 35.16, 22.33, 785.14, 77, 84, 15302492
2.88, 35.16, 22.31, 784.20, 77, 84, 15314316
2.93, 35.48, 22.33, 792.41, 77, 84, 15326152
2.97, 34.83, 22.90, 797.60, 77, 84, 15337976
2.97, 35.48, 22.47, 797.20, 77, 84, 15349808
2.88, 35.81, 22.52, 806.44, 77, 84, 15361632
2.90, 35.81, 22.39, 801.61, 77, 84, 15373464
2.87, 35.81, 22.36, 800.65, 77, 84, 15385284
2.90, 34.51, 23.20, 800.39, 77, 84, 15397120
2.87, 35.81, 23.06, 825.76, 77, 84, 15408944
2.93, 35.81, 22.58, 808.38, 77, 84, 15420772
2.95, 35.81, 22.58, 808.38, 77, 84, 15432600
2.98, 35.81, 22.47, 804.51, 77, 84, 15444428
3.01, 35.81, 22.63, 810.31, 77, 84, 15456260
3.02, 36.13, 22.71, 820.60, 77, 84, 15468084
3.07, 36.13, 23.03, 832.29, 77, 84, 15479916
3.09, 35.81, 22.58, 808.38, 77, 84, 15491736
3.08, 36.13, 22.44, 810.85, 78, 84, 15503576
2.92, 36.13, 22.39, 808.90, 78, 84, 15515400
2.84, 36.46, 22.25, 811.27, 78, 84, 15527236
2.84, 36.78, 22.28, 819.51, 78, 84, 15539056
2.84, 36.78, 22.93, 843.32, 78, 84, 15550888
2.89, 36.78, 22.60, 831.41, 78, 84, 15562724
2.94, 37.11, 22.49, 834.77, 78, 84, 15574552
2.88, 37.11, 22.47, 833.77, 78, 84, 15586384
2.84, 36.78, 22.39, 823.48, 78, 84, 15598208
2.86, 37.11, 22.79, 845.78, 78, 84, 15610048
2.88, 37.11, 23.06, 855.79, 78, 84, 15621872
2.89, 37.11, 22.55, 836.77, 78, 84, 15633704
2.89, 37.43, 22.55, 844.11, 78, 84, 15645528
2.92, 36.13, 22.58, 815.72, 78, 84, 15657360
2.88, 37.43, 22.36, 837.04, 78, 84, 15669196
2.90, 37.43, 22.44, 840.07, 78, 84, 15681016
2.93, 37.43, 23.12, 865.31, 78, 84, 15692852
2.91, 37.43, 22.90, 857.24, 79, 84, 15704676
2.90, 37.11, 22.63, 839.77, 79, 84, 15716508
2.94, 37.76, 22.44, 847.38, 79, 84, 15728328
2.96, 38.09, 22.31, 849.54, 79, 84, 15740164
2.92, 38.09, 22.36, 851.60, 79, 84, 15751988
2.89, 38.41, 22.25, 854.73, 79, 84, 15763816
2.90, 38.41, 22.39, 859.91, 79, 84, 15775644
