START
-0.02, -0.33, 23.33, -7.59, 1, 19, 516
-0.02, -0.33, 23.33, -7.59, 1, 147, 7352
-0.02, -0.33, 23.33, -7.59, 1, 84, 19172
-0.02, -0.33, 23.33, -7.59, 1, 84, 31008
-0.02, -0.33, 23.33, -7.59, 1, 84, 42824
-0.02, -0.33, 23.33, -7.59, 1, 84, 54652
-0.02, -0.33, 23.33, -7.59, 1, 84, 66476
-0.02, -0.33, 23.33, -7.59, 1, 84, 78304
-0.02, -0.33, 23.33, -7.59, 1, 84, 90156
-0.02, -0.33, 23.33, -7.59, 1, 85, 101956
-0.02, -0.33, 23.33, -7.59, 1, 84, 113784
-0.02, -0.33, 23.33, -7.59, 1, 84, 125608
-0.02, -0.33, 23.33, -7.59, 1, 84, 137436
-0.02, -1.30, 23.44, -30.52, 1, 84, 149260
-0.02, -0.33, 23.30, -7.59, 1, 84, 161096
-0.02, -0.33, 23.33, -7.59, 1, 84, 172912
-0.02, -0.33, 23.33, -7.59, 1, 84, 184740
-0.02, -0.33, 23.33, -7.59, 1, 84, 196576
-0.02, -0.65, 23.41, -15.24, 1, 84, 208396
-0.02, -0.33, 23.33, -7.59, 2, 84, 220228
-0.02, -0.33, 23.33, -7.59, 2, 84, 232052
-0.02, -0.33, 23.33, -7.59, 2, 84, 243888
-0.02, -0.33, 23.33, -7.59, 2, 84, 255708
-0.02, -0.33, 23.33, -7.59, 2, 84, 267540
-0.02, -0.33, 23.33, -7.59, 2, 84, 279364
-0.02, -0.33, 23.33, -7.59, 2, 84, 291188
-0.02, -0.33, 23.33, -7.59, 2, 84, 303016
-0.02, -0.33, 23.33, -7.59, 2, 84, 314840
-0.02, -0.33, 23.33, -7.59, 2, 84, 326672
-0.02, -0.33, 23.33, -7.59, 2, 84, 338492
-0.02, -0.33, 23.33, -7.59, 2, 84, 350328
-0.02, -0.33, 23.33, -7.59, 2, 84, 362144
-0.02, -0.33, 23.33, -7.59, 2, 84, 373976
-0.02, -0.33, 23.33, -7.59, 2, 84, 385796
-0.02, -0.33, 23.33, -7.59, 2, 84, 397628
-0.02, -1.30, 23.41, -30.48, 2, 84, 409448
-0.02, -0.33, 23.33, -7.59, 3, 84, 421272
-0.02, -0.33, 23.33, -7.59, 3, 84, 433104
-0.02, -0.33, 23.33, -7.59, 3, 84, 444924
-0.02, -0.33, 23.33, -7.59, 3, 84, 456756
-0.02, -1.30, 23.44, -30.52, 3, 84, 468576
-0.02, -0.33, 23.33, -7.59, 3, 84, 480404
-0.02, -0.33, 23.33, -7.59, 3, 84, 492228
-0.02, -0.33, 23.33, -7.59, 3, 84, 504060
-0.02, -0.33, 23.33, -7.59, 3, 84, 515880
-0.02, -0.33, 23.33, -7.59, 3, 84, 527704
-0.02, -0.33, 23.33, -7.59, 3, 84, 539532
-0.02, -0.33, 23.33, -7.59, 3, 84, 551356
-0.02, -0.33, 23.33, -7.59, 3, 84, 563188
-0.02, -0.33, 23.33, -7.59, 3, 84, 575012
-0.02, -0.33, 23.33, -7.59, 3, 84, 586840
-0.02, -0.33, 23.33, -7.59, 3, 84, 598664
-0.02, -0.33, 23.33, -7.59, 3, 84, 610500
-0.02, -0.33, 23.33, -7.59, 4, 84, 622320
-0.02, -0.33, 23.33, -7.59, 4, 84, 634152
-0.02, -0.33, 23.33, -7.59, 4, 84, 645972
-0.02, -0.33, 23.33, -7.59, 4, 84, 657804
-0.02, -0.98, 23.38, -22.84, 4, 84, 669632
-0.02, -0.00, 23.33, -0.00, 4, 84, 681452
-0.02, -0.00, 23.30, -0.00, 4, 84, 693280
-0.02, -0.00, 23.33, -0.00, 4, 84, 705100
-0.02, 0.33, 23.36, 7.60, 4, 84, 716932
-0.02, -0.33, 23.12, -7.52, 4, 84, 728756
-0.03, 0.98, 23.33, 22.78, 4, 84, 740588
-0.02, 1.30, 23.25, 30.27, 4, 84, 752408
-0.02, 1.30, 23.20, 30.20, 4, 84, 764240
-0.03, 1.63, 23.28, 37.89, 4, 84, 776060
-0.02, 1.63, 23.30, 37.93, 4, 84, 787888
-0.01, 1.63, 23.33, 37.97, 4, 84, 799720
-0.02, 1.63, 23.30, 37.93, 4, 84, 811540
-0.01, 1.63, 23.30, 37.93, 5, 84, 823376
0.00, 1.63, 23.33, 37.97, 5, 84, 835196
0.01, 1.63, 23.30, 37.93, 5, 84, 847032
-0.00, 1.30, 23.30, 30.34, 5, 84, 858848
0.01, 1.30, 23.33, 30.38, 5, 84, 870684
0.01, 1.30, 23.30, 30.34, 5, 84, 882504
0.00, 0.98, 23.28, 22.73, 5, 84, 894332
-0.01, 0.98, 23.33, 22.78, 5, 84, 906160
0.00, 0.98, 23.33, 22.78, 5, 84, 917988
0.01, 0.65, 23.28, 15.15, 5, 84, 929820
0.01, 0.65, 23.30, 15.17, 5, 84, 941640
0.01, 0.65, 23.33, 15.19, 5, 84, 953476
0.01, 0.65, 23.33, 15.19, 5, 84, 965296
0.01, 0.65, 23.33, 15.19, 5, 84, 977132
0.00, -0.33, 23.41, -7.62, 5, 84, 988952
0.01, 0.65, 23.33, 15.19, 5, 84, 1000784
0.02, 0.65, 23.33, 15.19, 5, 84, 1012608
0.01, 0.33, 23.33, 7.59, 6, 84, 1024432
0.00, 0.33, 23.33, 7.59, 6, 84, 1036264
0.01, 0.33, 23.28, 7.58, 6, 84, 1048084
0.02, 0.33, 23.30, 7.59, 6, 84, 1059916
0.02, 0.33, 23.30, 7.59, 6, 84, 1071736
0.02, 0.33, 23.33, 7.59, 6, 84, 1083572
0.02, 0.33, 23.33, 7.59, 6, 84, 1095392
0.01, 0.33, 23.33, 7.59, 6, 84, 1107224
0.02, 0.33, 23.33, 7.59, 6, 84, 1119044
0.02, 0.33, 23.28, 7.58, 6, 84, 1130872
0.02, 0.33, 23.25, 7.57, 6, 84, 1142700
0.02, 0.33, 23.30, 7.59, 6, 84, 1154524
0.02, 0.33, 23.33, 7.59, 6, 84, 1166352
0.03, 0.33, 23.33, 7.59, 6, 84, 1178176
0.03, -0.00, 23.33, -0.00, 6, 84, 1190004
0.02, 0.33, 23.33, 7.59, 6, 84, 1201828
0.02, 0.33, 23.33, 7.59, 6, 84, 1213660
0.03, 0.33, 23.33, 7.59, 7, 84, 1225484
0.03, 0.33, 23.28, 7.58, 7, 84, 1237316
0.02, -1.30, 23.52, -30.62, 7, 84, 1249152
0.02, 0.33, 23.30, 7.59, 7, 85, 1260964
0.03, 0.33, 23.33, 7.59, 7, 84, 1272796
0.04, 0.33, 23.25, 7.57, 7, 84, 1284612
0.03, 0.33, 23.33, 7.59, 7, 84, 1296448
0.03, 0.33, 23.33, 7.59, 7, 84, 1308264
0.03, 0.33, 23.33, 7.59, 7, 84, 1320100
0.04, 0.33, 23.33, 7.59, 7, 84, 1331916
0.04, 0.33, 23.33, 7.59, 7, 84, 1343748
0.03, 0.33, 23.33, 7.59, 7, 84, 1355568
0.03, 0.33, 23.33, 7.59, 7, 84, 1367396
0.04, 0.33, 23.33, 7.59, 7, 84, 1379220
0.05, 0.33, 23.33, 7.59, 7, 84, 1391048
0.04, 0.33, 23.33, 7.59, 7, 84, 1402880
0.04, 0.33, 23.33, 7.59, 7, 84, 1414704
0.05, 0.33, 23.33, 7.59, 8, 84, 1426540
0.05, 0.33, 23.33, 7.59, 8, 84, 1438364
0.04, 0.33, 23.33, 7.59, 8, 84, 1450212
0.05, 0.33, 23.33, 7.59, 8, 85, 1462012
0.06, 0.33, 23.33, 7.59, 8, 84, 1473844
0.05, 0.33, 23.33, 7.59, 8, 84, 1485664
0.04, 0.33, 23.33, 7.59, 8, 84, 1497492
0.05, -0.98, 23.49, -22.94, 8, 84, 1509340
0.07, 0.33, 23.30, 7.59, 8, 84, 1521144
0.05, 0.33, 23.30, 7.59, 8, 84, 1532980
0.04, 0.33, 23.22, 7.56, 8, 84, 1544800
0.07, 0.33, 23.22, 7.56, 8, 84, 1556636
0.07, -0.00, 23.36, -0.00, 8, 84, 1568456
0.05, 0.33, 23.33, 7.59, 8, 84, 1580292
0.06, 0.33, 23.33, 7.59, 8, 84, 1592112
0.08, 0.33, 23.33, 7.59, 8, 84, 1603940
0.07, 0.33, 23.33, 7.59, 8, 84, 1615768
0.05, 0.33, 23.33, 7.59, 9, 84, 1627596
0.07, 0.33, 23.33, 7.59, 9, 84, 1639428
0.08, 0.33, 23.33, 7.59, 9, 84, 1651252
0.05, 0.33, 23.33, 7.59, 9, 84, 1663088
0.06, 0.33, 23.28, 7.58, 9, 84, 1674904
0.08, 0.33, 23.25, 7.57, 9, 84, 1686736
0.08, 0.65, 23.33, 15.19, 9, 84, 1698556
0.07, 0.65, 23.25, 15.14, 9, 84, 1710412
0.09, 0.65, 23.33, 15.19, 9, 85, 1722208
0.09, 0.65, 23.33, 15.19, 9, 84, 1734036
0.08, 0.65, 23.33, 15.19, 9, 84, 1745868
0.07, 0.65, 23.20, 15.10, 9, 84, 1757692
0.08, -0.98, 23.44, -22.89, 9, 84, 1769540
0.08, 0.65, 23.33, 15.19, 9, 84, 1781348
0.08, 0.65, 23.33, 15.19, 9, 84, 1793180
0.09, 0.65, 23.33, 15.19, 9, 84, 1805004
0.10, 0.65, 23.33, 15.19, 9, 84, 1816836
0.10, 0.33, 23.38, 7.61, 10, 84, 1828656
0.10, 0.65, 23.28, 15.15, 10, 84, 1840484
0.09, 0.65, 23.33, 15.19, 10, 84, 1852312
0.09, 0.65, 23.33, 15.19, 10, 84, 1864140
0.09, 0.65, 23.33, 15.19, 10, 84, 1875972
0.08, 0.65, 23.30, 15.17, 10, 84, 1887796
0.10, 0.65, 23.22, 15.12, 10, 84, 1899628
0.11, 0.65, 23.33, 15.19, 10, 84, 1911448
0.11, 0.65, 23.33, 15.19, 10, 84, 1923280
0.11, 0.65, 23.33, 15.19, 10, 84, 1935104
0.11, 0.65, 23.30, 15.17, 10, 84, 1946936
0.10, 0.65, 23.30, 15.17, 10, 84, 1958756
0.11, 0.65, 23.17, 15.08, 10, 84, 1970608
0.10, 0.65, 23.33, 15.19, 10, 84, 1982420
0.10, 0.65, 23.33, 15.19, 10, 84, 1994240
0.12, 0.65, 23.17, 15.08, 10, 84, 2006076
0.12, 0.65, 23.33, 15.19, 10, 84, 2017900
0.13, -0.33, 23.44, -7.63, 11, 84, 2029728
0.13, 0.65, 23.33, 15.19, 11, 84, 2041552
0.11, 0.65, 23.17, 15.08, 11, 84, 2053388
0.11, 0.65, 23.33, 15.19, 11, 84, 2065204
0.12, 0.65, 23.33, 15.19, 11, 84, 2077036
0.11, -0.00, 23.44, -0.00, 11, 84, 2088864
0.13, 0.65, 23.33, 15.19, 11, 84, 2100684
0.13, 0.65, 23.33, 15.19, 11, 84, 2112520
0.13, 0.65, 23.30, 15.17, 11, 84, 2124340
0.15, 0.65, 23.30, 15.17, 11, 84, 2136172
0.14, 0.65, 23.33, 15.19, 11, 84, 2147992
0.13, 0.65, 23.33, 15.19, 11, 84, 2159824
0.13, 0.65, 23.33, 15.19, 11, 84, 2171644
0.12, 0.65, 23.33, 15.19, 11, 84, 2183476
0.14, 0.65, 23.30, 15.17, 11, 84, 2195296
0.14, 0.65, 23.33, 15.19, 11, 84, 2207124
0.14, 0.65, 23.33, 15.19, 11, 84, 2218956
0.15, 0.65, 23.30, 15.17, 12, 84, 2230776
0.15, 0.65, 23.28, 15.15, 12, 84, 2242608
0.15, 0.98, 23.33, 22.78, 12, 84, 2254428
0.14, 0.65, 23.33, 15.19, 12, 84, 2266264
0.14, 0.98, 23.25, 22.71, 12, 84, 2278084
0.15, -0.00, 23.38, -0.00, 12, 84, 2289916
0.15, 0.98, 23.30, 22.76, 12, 84, 2301740
0.16, 0.98, 23.30, 22.76, 12, 84, 2313564
0.16, 0.98, 23.33, 22.78, 12, 84, 2325392
0.16, 0.98, 23.30, 22.76, 12, 84, 2337216
0.16, -0.00, 23.47, -0.00, 12, 84, 2349052
0.15, 0.98, 23.30, 22.76, 12, 84, 2360876
0.16, 0.98, 23.30, 22.76, 12, 84, 2372708
0.16, 0.98, 23.33, 22.78, 12, 84, 2384532
0.16, 0.98, 23.30, 22.76, 12, 84, 2396364
0.17, 0.98, 23.33, 22.78, 12, 84, 2408184
0.17, 0.98, 23.33, 22.78, 12, 84, 2420016
0.18, 0.98, 23.30, 22.76, 13, 84, 2431836
0.17, 0.98, 23.33, 22.78, 13, 84, 2443668
0.17, 0.98, 23.30, 22.76, 13, 84, 2455496
0.17, 0.98, 23.33, 22.78, 13, 84, 2467316
0.17, 0.98, 23.33, 22.78, 13, 84, 2479152
0.18, 0.98, 23.33, 22.78, 13, 84, 2490972
0.18, 0.98, 23.33, 22.78, 13, 84, 2502808
0.18, 0.98, 23.22, 22.68, 13, 84, 2514628
0.19, 0.98, 23.33, 22.78, 13, 84, 2526460
0.19, 0.98, 23.20, 22.65, 13, 84, 2538284
0.19, 0.65, 23.33, 15.19, 13, 84, 2550108
0.19, 0.98, 23.28, 22.73, 13, 85, 2561940
0.19, 0.98, 23.33, 22.78, 13, 84, 2573764
0.19, 0.98, 23.33, 22.78, 13, 84, 2585600
0.19, 0.98, 23.30, 22.76, 13, 84, 2597424
0.19, -0.00, 23.52, -0.00, 13, 84, 2609256
0.20, 0.98, 23.28, 22.73, 13, 84, 2621076
0.20, 0.98, 23.33, 22.78, 14, 84, 2632912
0.20, 0.98, 23.30, 22.76, 14, 84, 2644728
0.21, 0.98, 23.33, 22.78, 14, 84, 2656564
0.20, 0.98, 23.33, 22.78, 14, 84, 2668384
0.21, 0.98, 23.33, 22.78, 14, 84, 2680208
0.20, 0.98, 23.28, 22.73, 14, 84, 2692044
0.21, 0.98, 23.33, 22.78, 14, 84, 2703864
0.21, 0.98, 23.28, 22.73, 14, 84, 2715700
0.21, 0.98, 23.33, 22.78, 14, 84, 2727516
0.22, 1.30, 23.28, 30.31, 14, 84, 2739356
0.22, 1.30, 23.33, 30.38, 14, 84, 2751176
0.22, 1.30, 23.30, 30.34, 14, 84, 2763008
0.21, 1.30, 23.33, 30.38, 14, 84, 2774832
0.22, 1.30, 23.30, 30.34, 14, 84, 2786656
0.22, 0.98, 23.33, 22.78, 14, 84, 2798488
0.22, 0.65, 23.36, 15.21, 14, 84, 2810308
0.22, 1.30, 23.30, 30.34, 14, 84, 2822148
0.23, 1.30, 23.33, 30.38, 15, 84, 2833968
0.23, 1.30, 23.12, 30.10, 15, 84, 2845800
0.23, 1.30, 23.33, 30.38, 15, 84, 2857624
0.23, -0.33, 23.49, -7.65, 15, 84, 2869472
0.23, 1.30, 23.33, 30.38, 15, 85, 2881280
0.23, 1.30, 23.25, 30.27, 15, 84, 2893108
0.23, 1.30, 23.20, 30.20, 15, 84, 2904932
0.24, 1.30, 23.33, 30.38, 15, 84, 2916760
0.24, 1.30, 23.14, 30.13, 15, 84, 2928596
0.24, 1.30, 23.33, 30.38, 15, 84, 2940412
0.24, 1.30, 23.28, 30.31, 15, 84, 2952244
0.24, 1.30, 23.28, 30.31, 15, 84, 2964068
0.24, 1.30, 23.33, 30.38, 15, 84, 2975896
0.24, 1.30, 23.25, 30.27, 15, 84, 2987716
0.25, 1.30, 23.33, 30.38, 15, 84, 2999548
0.25, 1.30, 23.33, 30.38, 15, 84, 3011368
0.25, 1.30, 23.20, 30.20, 15, 84, 3023196
0.25, 1.30, 23.33, 30.38, 16, 84, 3035020
0.25, 1.30, 23.33, 30.38, 16, 84, 3046844
0.25, 1.30, 23.33, 30.38, 16, 84, 3058676
0.26, 1.30, 23.33, 30.38, 16, 84, 3070500
0.26, 1.30, 23.28, 30.31, 16, 84, 3082332
0.26, 1.30, 23.33, 30.38, 16, 84, 3094156
0.26, 1.30, 23.28, 30.31, 16, 84, 3105988
0.26, 1.30, 23.28, 30.31, 16, 84, 3117808
0.27, -0.00, 23.47, -0.00, 16, 84, 3129660
0.26, 1.30, 23.28, 30.31, 16, 85, 3141464
0.27, 1.63, 23.30, 37.93, 16, 84, 3153288
0.27, 1.30, 23.33, 30.38, 16, 84, 3165124
0.27, 1.63, 23.25, 37.84, 16, 84, 3176944
0.27, 0.98, 23.38, 22.84, 16, 84, 3188772
0.28, 1.63, 23.33, 37.97, 16, 84, 3200592
0.27, 1.63, 23.28, 37.89, 16, 84, 3212424
0.28, 1.30, 23.28, 30.31, 16, 84, 3224244
0.28, 1.63, 23.33, 37.97, 17, 84, 3236072
0.28, 1.63, 23.30, 37.93, 17, 84, 3247896
0.28, 1.63, 23.14, 37.67, 17, 84, 3259724
0.28, 1.63, 23.33, 37.97, 17, 84, 3271544
0.28, 1.63, 23.33, 37.97, 17, 84, 3283372
0.29, 1.63, 23.12, 37.62, 17, 84, 3295204
0.29, 1.63, 23.33, 37.97, 17, 84, 3307020
0.29, 1.63, 23.33, 37.97, 17, 84, 3318852
0.29, 1.63, 23.28, 37.89, 17, 84, 3330692
0.29, 1.63, 23.30, 37.93, 17, 84, 3342504
0.30, 1.63, 23.33, 37.97, 17, 84, 3354324
0.29, 1.63, 23.33, 37.97, 17, 84, 3366156
0.30, 1.63, 23.17, 37.71, 17, 84, 3377972
0.29, -0.00, 23.47, -0.00, 17, 84, 3389812
0.31, 1.63, 23.33, 37.97, 17, 84, 3401624
0.30, 1.63, 23.33, 37.97, 17, 84, 3413448
0.31, 1.63, 23.12, 37.62, 17, 84, 3425284
0.30, 1.63, 23.28, 37.89, 18, 84, 3437100
0.31, 1.30, 23.41, 30.48, 18, 84, 3448936
0.30, 1.63, 23.30, 37.93, 18, 84, 3460752
0.32, 1.63, 23.20, 37.75, 18, 84, 3472584
0.31, 1.63, 23.28, 37.89, 18, 84, 3484404
0.32, 1.63, 23.33, 37.97, 18, 84, 3496236
0.32, 1.63, 23.30, 37.93, 18, 84, 3508056
0.32, 1.63, 23.14, 37.67, 18, 84, 3519880
0.33, 1.63, 23.30, 37.93, 18, 84, 3531716
0.32, 1.63, 23.33, 37.97, 18, 84, 3543536
0.33, 1.63, 23.30, 37.93, 18, 84, 3555372
0.32, 1.63, 23.17, 37.71, 18, 84, 3567192
0.33, 1.63, 23.33, 37.97, 18, 84, 3579024
0.32, 1.63, 23.30, 37.93, 18, 84, 3590864
0.34, 1.63, 23.30, 37.93, 18, 85, 3602676
0.33, 1.63, 23.28, 37.89, 18, 84, 3614496
0.34, 1.63, 23.28, 37.89, 18, 84, 3626324
0.33, 1.95, 23.33, 45.57, 19, 84, 3638152
0.33, 0.33, 23.44, 7.63, 19, 84, 3649976
0.34, 1.95, 23.12, 45.15, 19, 84, 3661816
0.33, 1.95, 23.09, 45.09, 19, 84, 3673632
0.35, 1.95, 23.33, 45.57, 19, 84, 3685468
0.34, 1.95, 23.30, 45.52, 19, 84, 3697288
0.35, 1.63, 23.38, 38.06, 19, 84, 3709120
0.34, 1.95, 23.30, 45.52, 19, 84, 3720940
0.35, 1.95, 23.30, 45.52, 19, 84, 3732776
0.35, 1.95, 23.30, 45.52, 19, 84, 3744592
0.35, 1.95, 23.30, 45.52, 19, 84, 3756420
0.36, 1.95, 23.28, 45.46, 19, 84, 3768256
0.35, 1.95, 23.25, 45.41, 19, 84, 3780076
0.36, 1.95, 23.30, 45.52, 19, 84, 3791912
0.35, 1.95, 23.30, 45.52, 19, 84, 3803728
0.36, 1.95, 23.33, 45.57, 19, 84, 3815560
0.36, 1.95, 23.30, 45.52, 19, 84, 3827380
0.36, 1.95, 23.25, 45.41, 20, 84, 3839216
0.37, 1.95, 23.33, 45.57, 20, 84, 3851056
0.36, 1.95, 23.30, 45.52, 20, 84, 3862864
0.37, 1.95, 23.33, 45.57, 20, 84, 3874692
0.36, 1.95, 23.33, 45.57, 20, 84, 3886520
0.37, 1.95, 23.30, 45.52, 20, 84, 3898352
0.37, 0.98, 23.38, 22.84, 20, 84, 3910172
0.37, 1.95, 23.09, 45.09, 20, 84, 3922008
0.38, 1.95, 23.22, 45.36, 20, 84, 3933828
0.37, 1.95, 23.33, 45.57, 20, 84, 3945664
0.38, 1.95, 23.33, 45.57, 20, 84, 3957484
0.38, 0.98, 23.44, 22.89, 20, 84, 3969316
0.38, 1.95, 23.30, 45.52, 20, 84, 3981136
0.39, 1.95, 23.25, 45.41, 20, 84, 3992964
0.38, 1.95, 23.06, 45.04, 20, 84, 4004784
0.39, 1.95, 23.12, 45.15, 20, 84, 4016612
0.38, 1.95, 23.33, 45.57, 20, 84, 4028444
0.39, 1.95, 23.33, 45.57, 21, 85, 4040268
0.39, 1.95, 23.33, 45.57, 21, 84, 4052100
0.39, 1.95, 23.30, 45.52, 21, 84, 4063920
0.40, 1.95, 23.33, 45.57, 21, 84, 4075756
0.39, 1.95, 23.30, 45.52, 21, 84, 4087576
0.40, 1.95, 23.14, 45.20, 21, 84, 4099408
0.40, 2.28, 23.17, 52.79, 21, 84, 4111228
0.40, 2.28, 23.28, 53.04, 21, 84, 4123056
0.41, 2.28, 23.33, 53.16, 21, 84, 4134892
0.40, 2.28, 23.33, 53.16, 21, 84, 4146712
0.41, 2.28, 23.33, 53.16, 21, 84, 4158548
0.41, 1.30, 23.38, 30.45, 21, 84, 4170368
0.40, 2.28, 23.30, 53.10, 21, 84, 4182200
0.41, 2.28, 23.28, 53.04, 21, 84, 4194024
0.41, 2.28, 23.17, 52.79, 21, 84, 4205852
0.42, 2.28, 23.28, 53.04, 21, 84, 4217672
0.42, 1.30, 23.36, 30.41, 21, 84, 4229500
0.41, 2.28, 23.20, 52.86, 22, 84, 4241320
0.42, 2.28, 23.14, 52.73, 22, 84, 4253144
0.42, 2.28, 23.12, 52.67, 22, 84, 4264976
0.42, 2.28, 23.12, 52.67, 22, 84, 4276796
0.42, 2.28, 23.28, 53.04, 22, 84, 4288632
0.42, 2.28, 23.20, 52.86, 22, 84, 4300448
0.43, 2.28, 23.28, 53.04, 22, 84, 4312280
0.43, 2.28, 23.12, 52.67, 22, 84, 4324100
0.43, 2.28, 23.28, 53.04, 22, 84, 4335932
0.44, 2.28, 23.30, 53.10, 22, 84, 4347752
0.43, 2.28, 23.30, 53.10, 22, 84, 4359576
0.44, 2.28, 23.30, 53.10, 22, 84, 4371408
0.44, 2.28, 23.33, 53.16, 22, 84, 4383228
0.43, 2.28, 23.30, 53.10, 22, 84, 4395060
0.45, 2.28, 23.28, 53.04, 22, 84, 4406884
0.44, 2.28, 23.33, 53.16, 22, 84, 4418716
0.44, 1.95, 23.38, 45.67, 22, 84, 4430540
0.45, 2.28, 23.33, 53.16, 23, 84, 4442368
0.44, 2.28, 23.30, 53.10, 23, 84, 4454192
0.45, 2.28, 23.28, 53.04, 23, 84, 4466012
0.45, 2.60, 23.30, 60.69, 23, 84, 4477840
0.45, 0.98, 23.52, 22.97, 23, 84, 4489680
0.46, 2.60, 23.28, 60.62, 23, 84, 4501496
0.45, 2.60, 23.28, 60.62, 23, 84, 4513320
0.46, 2.60, 23.33, 60.76, 23, 84, 4525160
0.46, 2.60, 23.30, 60.69, 23, 84, 4536980
0.46, 2.60, 23.33, 60.76, 23, 84, 4548812
0.46, 2.60, 23.28, 60.62, 23, 84, 4560632
0.47, 2.60, 23.30, 60.69, 23, 84, 4572464
0.46, 2.60, 23.25, 60.55, 23, 84, 4584284
0.47, 2.60, 23.30, 60.69, 23, 84, 4596112
0.47, 2.60, 23.30, 60.69, 23, 84, 4607944
0.47, 2.60, 23.25, 60.55, 23, 84, 4619764
0.48, 2.60, 23.25, 60.55, 23, 84, 4631596
0.47, 2.60, 23.03, 59.99, 24, 84, 4643416
0.47, 2.60, 23.25, 60.55, 24, 84, 4655248
0.48, 2.60, 23.06, 60.06, 24, 84, 4667068
0.47, 2.60, 23.14, 60.27, 24, 84, 4678900
0.48, 2.28, 23.33, 53.16, 24, 84, 4690716
0.49, 2.60, 23.30, 60.69, 24, 84, 4702540
0.48, 2.60, 23.30, 60.69, 24, 84, 4714368
0.49, 2.60, 23.33, 60.76, 24, 84, 4726192
0.49, 2.60, 23.33, 60.76, 24, 84, 4738024
0.48, 1.30, 23.49, 30.59, 24, 84, 4749860
0.49, 2.60, 23.33, 60.76, 24, 84, 4761676
0.49, 2.60, 23.33, 60.76, 24, 84, 4773496
0.49, 2.60, 23.33, 60.76, 24, 84, 4785328
0.49, 2.60, 23.25, 60.55, 24, 84, 4797148
0.50, 2.60, 23.33, 60.76, 24, 84, 4808980
0.49, 2.60, 23.28, 60.62, 24, 84, 4820796
0.50, 2.60, 23.14, 60.27, 24, 84, 4832620
0.50, 2.60, 23.28, 60.62, 25, 84, 4844448
0.49, 2.93, 23.30, 68.27, 25, 84, 4856276
0.50, 2.60, 23.30, 60.69, 25, 84, 4868104
0.50, 2.93, 23.33, 68.35, 25, 84, 4879928
0.50, 2.93, 23.33, 68.35, 25, 84, 4891756
0.51, 2.93, 23.33, 68.35, 25, 84, 4903576
0.51, 2.93, 23.30, 68.27, 25, 84, 4915408
0.51, 2.93, 23.14, 67.80, 25, 84, 4927228
0.52, 2.93, 23.17, 67.88, 25, 84, 4939060
0.52, 2.60, 23.30, 60.69, 25, 84, 4950884
0.51, 2.93, 23.30, 68.27, 25, 84, 4962708
0.52, 2.93, 23.30, 68.27, 25, 84, 4974540
0.52, 2.93, 23.33, 68.35, 25, 84, 4986360
0.52, 2.93, 23.33, 68.35, 25, 84, 4998192
0.53, 1.30, 23.49, 30.59, 25, 84, 5010032
0.53, 2.93, 23.28, 68.19, 25, 85, 5021848
0.52, 2.93, 23.20, 67.96, 25, 84, 5033668
0.53, 2.93, 23.09, 67.64, 26, 84, 5045504
0.53, 2.93, 23.30, 68.27, 26, 84, 5057324
0.52, 2.60, 23.30, 60.69, 26, 84, 5069152
0.53, 2.93, 23.33, 68.35, 26, 85, 5080980
0.54, 2.93, 23.33, 68.35, 26, 84, 5092808
0.53, 2.93, 23.30, 68.27, 26, 84, 5104640
0.54, 2.93, 23.12, 67.72, 26, 84, 5116460
0.54, 2.93, 23.01, 67.40, 26, 84, 5128296
0.54, 2.93, 23.28, 68.19, 26, 84, 5140116
0.54, 2.93, 23.30, 68.27, 26, 84, 5151948
0.54, 2.93, 23.33, 68.35, 26, 84, 5163768
0.54, 3.26, 23.30, 75.86, 26, 84, 5175604
0.54, 2.93, 23.28, 68.19, 26, 84, 5187420
0.55, 2.93, 23.12, 67.72, 26, 84, 5199252
0.55, 3.26, 23.30, 75.86, 26, 84, 5211100
0.55, 3.26, 23.30, 75.86, 26, 85, 5222904
0.55, 3.26, 23.30, 75.86, 26, 84, 5234736
0.56, 3.26, 23.28, 75.77, 27, 84, 5246552
0.55, 3.26, 23.17, 75.42, 27, 84, 5258388
0.55, 1.63, 23.33, 37.97, 27, 84, 5270204
0.56, 3.26, 23.30, 75.86, 27, 84, 5282036
0.56, 3.26, 23.33, 75.95, 27, 84, 5293856
0.56, 3.26, 23.33, 75.95, 27, 84, 5305684
0.57, 3.26, 23.25, 75.68, 27, 84, 5317512
0.57, 2.93, 23.25, 68.12, 27, 84, 5329340
0.56, 3.26, 23.25, 75.68, 27, 84, 5341168
0.57, 3.26, 23.30, 75.86, 27, 84, 5352992
0.57, 3.26, 23.30, 75.86, 27, 84, 5364824
0.57, 3.26, 23.25, 75.68, 27, 84, 5376644
0.57, 3.26, 23.17, 75.42, 27, 84, 5388476
0.59, 3.26, 23.30, 75.86, 27, 84, 5400296
0.58, 3.26, 23.30, 75.86, 27, 84, 5412128
0.57, 3.26, 23.28, 75.77, 27, 84, 5423948
0.58, 3.26, 23.12, 75.24, 27, 84, 5435772
0.58, 3.26, 23.22, 75.60, 28, 84, 5447600
0.58, 3.26, 23.30, 75.86, 28, 84, 5459428
0.58, 3.26, 23.17, 75.42, 28, 84, 5471276
0.59, 3.26, 23.28, 75.77, 28, 85, 5483080
0.59, 3.26, 23.03, 74.98, 28, 84, 5494912
0.59, 3.26, 23.22, 75.60, 28, 84, 5506736
0.60, 3.26, 23.30, 75.86, 28, 84, 5518568
0.59, 1.95, 23.44, 45.78, 28, 84, 5530392
0.59, 3.26, 23.30, 75.86, 28, 84, 5542220
0.60, 3.58, 23.30, 83.45, 28, 84, 5554044
0.60, 3.26, 23.30, 75.86, 28, 84, 5565872
0.60, 3.58, 23.30, 83.45, 28, 84, 5577708
0.60, 2.60, 23.33, 60.76, 28, 84, 5589528
0.61, 3.58, 23.14, 82.87, 28, 84, 5601360
0.61, 3.58, 23.30, 83.45, 28, 84, 5613184
0.60, 3.58, 23.33, 83.54, 28, 84, 5625012
0.60, 3.58, 23.03, 82.48, 28, 84, 5636832
0.61, 3.58, 23.20, 83.06, 29, 84, 5648668
0.61, 3.58, 23.30, 83.45, 29, 84, 5660484
0.60, 3.58, 23.30, 83.45, 29, 84, 5672312
0.62, 3.58, 23.06, 82.58, 29, 84, 5684136
0.62, 3.58, 23.30, 83.45, 29, 84, 5695964
0.62, 3.58, 23.30, 83.45, 29, 84, 5707796
0.62, 3.58, 23.25, 83.25, 29, 84, 5719612
0.63, 3.58, 23.28, 83.35, 29, 84, 5731464
0.63, 3.58, 23.30, 83.45, 29, 84, 5743264
0.62, 3.58, 23.30, 83.45, 29, 84, 5755100
0.62, 3.58, 23.20, 83.06, 29, 84, 5766916
0.63, 3.58, 23.30, 83.45, 29, 84, 5778748
0.63, 2.93, 23.44, 68.67, 29, 84, 5790568
0.63, 3.58, 23.01, 82.38, 29, 85, 5802392
0.64, 3.58, 23.20, 83.06, 29, 84, 5814228
0.64, 3.58, 23.30, 83.45, 29, 84, 5826048
0.63, 3.58, 23.25, 83.25, 29, 84, 5837876
0.63, 2.60, 23.38, 60.90, 30, 84, 5849696
0.64, 3.58, 23.33, 83.54, 30, 84, 5861532
0.64, 3.58, 23.14, 82.87, 30, 84, 5873348
0.64, 3.58, 23.20, 83.06, 30, 84, 5885180
0.64, 3.91, 23.30, 91.03, 30, 84, 5897004
0.65, 3.91, 23.03, 89.98, 30, 84, 5908828
0.65, 3.91, 23.28, 90.93, 30, 84, 5920656
0.65, 3.91, 23.30, 91.03, 30, 84, 5932480
0.64, 3.91, 23.25, 90.82, 30, 84, 5944312
0.65, 3.91, 23.25, 90.82, 30, 84, 5956132
0.66, 3.91, 23.30, 91.03, 30, 84, 5967968
0.65, 3.91, 23.03, 89.98, 30, 84, 5979788
0.66, 3.91, 23.17, 90.50, 30, 84, 5991624
0.66, 3.91, 23.30, 91.03, 30, 84, 6003444
0.67, 3.91, 23.30, 91.03, 30, 84, 6015276
0.66, 3.91, 23.30, 91.03, 30, 84, 6027096
0.66, 3.91, 23.30, 91.03, 30, 84, 6038924
0.66, 2.93, 23.33, 68.35, 31, 84, 6050764
0.67, 3.91, 23.22, 90.72, 31, 84, 6062584
0.67, 3.91, 23.30, 91.03, 31, 84, 6074412
0.67, 3.91, 22.98, 89.77, 31, 84, 6086236
0.67, 3.91, 23.12, 90.29, 31, 84, 6098072
0.68, 2.93, 23.49, 68.83, 31, 84, 6109892
0.68, 3.91, 23.03, 89.98, 31, 84, 6121724
0.68, 3.91, 23.30, 91.03, 31, 84, 6133548
0.68, 3.91, 23.30, 91.03, 31, 84, 6145372
0.68, 3.91, 23.03, 89.98, 31, 84, 6157200
0.68, 3.91, 23.30, 91.03, 31, 84, 6169028
0.68, 3.91, 23.33, 91.14, 31, 84, 6180860
0.69, 3.91, 23.14, 90.40, 31, 84, 6192680
0.69, 3.91, 23.30, 91.03, 31, 84, 6204516
0.69, 3.91, 23.30, 91.03, 31, 84, 6216336
0.69, 3.91, 23.14, 90.40, 31, 84, 6228168
0.69, 3.91, 23.30, 91.03, 31, 84, 6239988
0.69, 3.91, 23.28, 90.93, 32, 84, 6251824
0.70, 3.91, 23.30, 91.03, 32, 84, 6263644
0.70, 3.91, 23.30, 91.03, 32, 84, 6275468
0.69, 4.23, 23.03, 97.48, 32, 84, 6287300
0.70, 4.23, 23.30, 98.62, 32, 84, 6299124
0.70, 3.58, 23.36, 83.64, 32, 84, 6310952
0.71, 4.23, 23.28, 98.50, 32, 85, 6322772
0.71, 4.23, 23.30, 98.62, 32, 84, 6334608
0.71, 4.23, 23.28, 98.50, 32, 84, 6346432
0.71, 4.23, 23.25, 98.39, 32, 84, 6358264
0.71, 2.93, 23.52, 68.91, 32, 84, 6370100
0.71, 4.23, 23.14, 97.93, 32, 84, 6381912
0.71, 4.23, 23.30, 98.62, 32, 84, 6393740
0.72, 4.23, 23.03, 97.48, 32, 84, 6405568
0.72, 4.23, 23.28, 98.50, 32, 84, 6417404
0.72, 4.23, 23.36, 98.85, 32, 84, 6429224
0.72, 4.23, 23.01, 97.36, 32, 84, 6441056
0.72, 4.23, 23.30, 98.62, 33, 84, 6452880
0.72, 4.23, 23.25, 98.39, 33, 84, 6464716
0.72, 4.23, 23.25, 98.39, 33, 84, 6476536
0.73, 4.23, 23.30, 98.62, 33, 84, 6488368
0.73, 4.23, 23.03, 97.48, 33, 84, 6500188
0.73, 4.23, 23.30, 98.62, 33, 84, 6512016
0.74, 4.23, 23.25, 98.39, 33, 84, 6523844
0.74, 4.23, 23.30, 98.62, 33, 84, 6535668
0.74, 4.23, 23.28, 98.50, 33, 84, 6547500
0.74, 4.23, 23.28, 98.50, 33, 84, 6559320
0.74, 3.91, 23.36, 91.24, 33, 84, 6571152
0.74, 4.23, 23.03, 97.48, 33, 84, 6582976
0.74, 4.23, 23.30, 98.62, 33, 84, 6594804
0.74, 4.23, 23.12, 97.82, 33, 84, 6606628
0.75, 4.56, 23.30, 106.20, 33, 84, 6618456
0.75, 2.93, 23.49, 68.83, 33, 84, 6630300
0.75, 4.23, 23.28, 98.50, 33, 85, 6642108
0.75, 4.56, 23.30, 106.20, 34, 84, 6653948
0.75, 4.56, 23.22, 105.83, 34, 84, 6665768
0.75, 4.56, 23.30, 106.20, 34, 84, 6677604
0.75, 4.23, 23.14, 97.93, 34, 84, 6689424
0.76, 4.56, 23.30, 106.20, 34, 84, 6701260
0.76, 4.56, 23.06, 105.10, 34, 84, 6713072
0.76, 4.56, 23.30, 106.20, 34, 84, 6724908
0.77, 4.56, 23.03, 104.97, 34, 84, 6736728
0.77, 4.56, 23.30, 106.20, 34, 84, 6748556
0.77, 4.56, 23.28, 106.08, 34, 84, 6760388
0.77, 4.56, 23.28, 106.08, 34, 84, 6772208
0.77, 4.56, 23.30, 106.20, 34, 84, 6784036
0.77, 4.56, 23.28, 106.08, 34, 84, 6795860
0.77, 4.56, 23.30, 106.20, 34, 84, 6807692
0.78, 4.56, 23.22, 105.83, 34, 84, 6819508
0.78, 4.23, 23.33, 98.73, 34, 84, 6831340
0.78, 4.56, 23.25, 105.96, 34, 84, 6843164
0.78, 4.56, 23.30, 106.20, 35, 84, 6854992
0.78, 4.56, 23.12, 105.34, 35, 84, 6866820
0.78, 4.56, 23.30, 106.20, 35, 84, 6878648
0.78, 3.26, 23.14, 75.33, 35, 84, 6890484
0.79, 4.88, 23.30, 113.79, 35, 85, 6902304
0.79, 4.56, 23.28, 106.08, 35, 84, 6914140
0.79, 4.56, 23.28, 106.08, 35, 84, 6925960
0.79, 4.56, 23.25, 105.96, 35, 84, 6937796
0.79, 4.23, 23.38, 98.96, 35, 84, 6949612
0.79, 4.56, 23.25, 105.96, 35, 84, 6961448
0.80, 4.88, 23.30, 113.79, 35, 84, 6973264
0.80, 4.88, 23.28, 113.66, 35, 84, 6985092
0.80, 4.88, 23.30, 113.79, 35, 84, 6996924
0.80, 4.88, 22.98, 112.21, 35, 84, 7008748
0.80, 4.88, 23.30, 113.79, 35, 84, 7020580
0.81, 4.88, 22.98, 112.21, 35, 84, 7032404
0.81, 4.88, 23.30, 113.79, 35, 84, 7044236
0.80, 4.88, 22.98, 112.21, 36, 84, 7056060
0.80, 4.88, 23.30, 113.79, 36, 84, 7067892
0.81, 4.88, 23.03, 112.47, 36, 84, 7079712
0.81, 4.88, 23.22, 113.39, 36, 84, 7091560
0.81, 4.88, 23.06, 112.60, 36, 85, 7103372
0.82, 4.88, 23.28, 113.66, 36, 84, 7115196
0.82, 4.88, 23.12, 112.87, 36, 84, 7127032
0.82, 4.88, 23.01, 112.34, 36, 84, 7138852
0.82, 3.58, 23.47, 84.02, 36, 84, 7150684
0.82, 4.88, 22.98, 112.21, 36, 84, 7162504
0.82, 4.88, 23.30, 113.79, 36, 84, 7174340
0.83, 4.88, 23.06, 112.60, 36, 84, 7186160
0.83, 5.21, 23.30, 121.37, 36, 84, 7197996
0.83, 4.23, 23.20, 98.16, 36, 84, 7209816
0.83, 4.88, 23.30, 113.79, 36, 84, 7221644
0.84, 4.88, 23.03, 112.47, 36, 84, 7233480
0.84, 5.21, 23.28, 121.23, 36, 84, 7245300
0.84, 4.88, 23.17, 113.13, 37, 84, 7257136
0.84, 5.21, 23.01, 119.83, 37, 84, 7268956
0.84, 5.21, 23.22, 120.95, 37, 84, 7280792
0.84, 5.21, 22.98, 119.69, 37, 84, 7292612
0.84, 5.21, 23.30, 121.37, 37, 84, 7304448
0.85, 5.21, 23.09, 120.25, 37, 84, 7316268
0.85, 5.21, 23.30, 121.37, 37, 84, 7328100
0.85, 5.21, 23.17, 120.67, 37, 84, 7339924
0.86, 5.21, 23.30, 121.37, 37, 84, 7351772
0.86, 5.21, 23.25, 121.09, 37, 84, 7363584
0.85, 5.21, 23.01, 119.83, 37, 84, 7375400
0.85, 5.21, 23.30, 121.37, 37, 84, 7387236
0.85, 5.21, 23.25, 121.09, 37, 84, 7399052
0.86, 4.23, 23.41, 99.07, 37, 84, 7410884
0.86, 5.21, 23.30, 121.37, 37, 85, 7422704
0.87, 5.21, 23.14, 120.53, 37, 84, 7434536
0.87, 5.21, 23.25, 121.09, 37, 84, 7446356
0.86, 5.21, 23.30, 121.37, 38, 84, 7458184
0.86, 4.56, 23.09, 105.22, 38, 84, 7470016
0.86, 5.21, 23.30, 121.37, 38, 84, 7481840
0.87, 5.21, 23.06, 120.11, 38, 84, 7493672
0.87, 5.21, 23.28, 121.23, 38, 84, 7505496
0.87, 5.53, 23.20, 128.36, 38, 84, 7517328
0.88, 5.53, 23.12, 127.92, 38, 84, 7529152
0.88, 5.53, 23.30, 128.96, 38, 84, 7540984
0.88, 5.53, 23.03, 127.47, 38, 84, 7552808
0.88, 5.53, 23.28, 128.81, 38, 84, 7564636
0.88, 5.53, 23.30, 128.96, 38, 84, 7576460
0.88, 5.53, 22.98, 127.17, 38, 84, 7588288
0.88, 5.53, 23.30, 128.96, 38, 84, 7600124
0.89, 5.53, 23.28, 128.81, 38, 84, 7611964
0.89, 5.53, 23.28, 128.81, 38, 84, 7623780
0.89, 5.53, 23.28, 128.81, 38, 84, 7635600
0.89, 5.53, 23.01, 127.32, 38, 84, 7647436
0.89, 5.53, 23.30, 128.96, 39, 84, 7659260
0.89, 4.56, 23.06, 105.10, 39, 84, 7671092
0.89, 5.53, 23.20, 128.36, 39, 84, 7682916
0.90, 5.53, 23.28, 128.81, 39, 84, 7694740
0.90, 5.53, 23.01, 127.32, 39, 84, 7706576
0.90, 5.53, 23.28, 128.81, 39, 84, 7718396
0.91, 4.23, 23.22, 98.27, 39, 84, 7730244
0.91, 5.53, 23.22, 128.51, 39, 84, 7742052
0.91, 5.53, 23.28, 128.81, 39, 84, 7753888
0.91, 5.53, 23.06, 127.62, 39, 84, 7765708
0.91, 5.53, 23.30, 128.96, 39, 84, 7777540
0.91, 5.53, 23.30, 128.96, 39, 84, 7789364
0.91, 5.53, 22.95, 127.02, 39, 84, 7801192
0.91, 5.53, 23.28, 128.81, 39, 84, 7813020
0.92, 5.53, 23.22, 128.51, 39, 84, 7824848
0.92, 5.53, 23.01, 127.32, 39, 84, 7836680
0.92, 5.53, 23.30, 128.96, 39, 84, 7848496
0.92, 5.53, 23.17, 128.21, 40, 84, 7860332
0.92, 5.53, 23.28, 128.81, 40, 84, 7872152
0.92, 5.53, 23.30, 128.96, 40, 84, 7883984
0.92, 5.86, 23.22, 136.07, 40, 84, 7895800
0.92, 5.86, 23.22, 136.07, 40, 84, 7907632
0.93, 5.86, 23.30, 136.55, 40, 84, 7919456
0.93, 4.88, 23.30, 113.79, 40, 84, 7931284
0.94, 5.86, 22.93, 134.33, 40, 84, 7943116
0.94, 5.86, 23.30, 136.55, 40, 84, 7954936
0.94, 5.86, 23.28, 136.39, 40, 84, 7966764
0.94, 5.86, 23.09, 135.28, 40, 84, 7978584
0.94, 4.56, 23.49, 107.06, 40, 84, 7990432
0.94, 5.86, 23.28, 136.39, 40, 84, 8002240
0.94, 5.86, 23.01, 134.81, 40, 84, 8014072
0.95, 5.86, 22.93, 134.33, 40, 84, 8025888
0.95, 5.86, 23.30, 136.55, 40, 84, 8037720
0.95, 5.86, 23.33, 136.70, 40, 84, 8049544
0.95, 5.86, 23.03, 134.97, 41, 84, 8061372
0.95, 5.86, 23.30, 136.55, 41, 84, 8073204
0.95, 5.86, 23.30, 136.55, 41, 84, 8085024
0.95, 5.86, 22.98, 134.65, 41, 84, 8096856
0.96, 5.86, 23.25, 136.23, 41, 84, 8108672
0.96, 5.86, 23.25, 136.23, 41, 84, 8120508
0.96, 5.86, 23.14, 135.60, 41, 84, 8132328
0.97, 6.18, 23.09, 142.80, 41, 84, 8144160
0.97, 6.18, 23.25, 143.80, 41, 84, 8155980
0.97, 5.86, 23.28, 136.39, 41, 84, 8167808
0.97, 6.18, 22.95, 141.96, 41, 84, 8179636
0.97, 5.86, 23.36, 136.86, 41, 84, 8191460
0.97, 6.18, 23.28, 143.97, 41, 84, 8203296
0.97, 6.18, 23.14, 143.13, 41, 84, 8215116
0.98, 6.18, 23.22, 143.63, 41, 84, 8226956
0.98, 6.18, 23.30, 144.13, 41, 84, 8238776
0.98, 4.56, 23.09, 105.22, 41, 84, 8250624
0.98, 6.18, 22.98, 142.13, 42, 85, 8262432
0.98, 6.18, 23.25, 143.80, 42, 84, 8274260
0.98, 6.18, 23.30, 144.13, 42, 84, 8286092
0.98, 6.18, 23.06, 142.63, 42, 84, 8297916
0.99, 5.86, 23.33, 136.70, 42, 84, 8309748
0.99, 6.18, 23.30, 144.13, 42, 84, 8321572
0.99, 6.18, 23.06, 142.63, 42, 84, 8333408
0.99, 6.18, 22.93, 141.80, 42, 84, 8345228
0.99, 6.18, 23.30, 144.13, 42, 84, 8357064
1.00, 6.18, 23.28, 143.97, 42, 84, 8368888
1.00, 6.18, 22.93, 141.80, 42, 84, 8380724
1.00, 6.18, 23.28, 143.97, 42, 84, 8392552
1.00, 6.18, 23.30, 144.13, 42, 84, 8404380
1.00, 6.18, 23.01, 142.30, 42, 84, 8416220
1.00, 6.18, 23.25, 143.80, 42, 84, 8428044
1.01, 6.18, 23.30, 144.13, 42, 84, 8439884
1.01, 5.86, 23.01, 134.81, 42, 84, 8451708
1.01, 6.18, 23.14, 143.13, 43, 84, 8463544
1.01, 6.18, 23.30, 144.13, 43, 84, 8475372
1.01, 6.51, 23.17, 150.84, 43, 84, 8487208
1.01, 6.51, 23.01, 149.79, 43, 84, 8499032
1.01, 4.88, 23.49, 114.71, 43, 84, 8510868
1.02, 6.51, 23.20, 151.02, 43, 84, 8522704
1.02, 6.51, 23.03, 149.96, 43, 84, 8534528
1.02, 6.51, 23.28, 151.54, 43, 84, 8546368
1.02, 6.51, 23.28, 151.54, 43, 84, 8558192
1.03, 5.53, 23.14, 128.07, 43, 84, 8570028
1.03, 6.51, 22.95, 149.44, 43, 84, 8581852
1.03, 6.51, 23.28, 151.54, 43, 84, 8593688
1.03, 6.51, 23.30, 151.72, 43, 84, 8605516
1.03, 6.51, 23.14, 150.66, 43, 84, 8617348
1.03, 6.51, 23.09, 150.31, 43, 84, 8629184
1.03, 6.51, 23.28, 151.54, 43, 84, 8641008
1.03, 6.51, 23.28, 151.54, 43, 84, 8652844
1.03, 6.51, 23.03, 149.96, 44, 84, 8664668
1.03, 6.51, 23.30, 151.72, 44, 84, 8676508
1.03, 6.51, 23.30, 151.72, 44, 84, 8688332
1.04, 6.51, 23.17, 150.84, 44, 84, 8700172
1.05, 6.51, 23.28, 151.54, 44, 84, 8712016
1.05, 6.51, 23.20, 151.02, 44, 84, 8723824
1.05, 6.51, 23.30, 151.72, 44, 84, 8735656
1.04, 6.51, 23.14, 150.66, 44, 84, 8747488
1.04, 6.51, 22.95, 149.44, 44, 84, 8759324
1.05, 5.21, 23.41, 121.94, 44, 84, 8771148
1.05, 6.84, 23.28, 159.12, 44, 84, 8782988
1.06, 6.84, 23.12, 158.01, 44, 84, 8794808
1.06, 6.84, 23.01, 157.28, 44, 84, 8806640
1.06, 6.84, 22.93, 156.72, 44, 84, 8818464
1.06, 5.86, 23.47, 137.49, 44, 84, 8830296
1.06, 6.84, 23.30, 159.30, 44, 84, 8842124
1.06, 6.84, 23.17, 158.38, 44, 84, 8853952
1.06, 6.84, 22.93, 156.72, 45, 84, 8865792
1.06, 6.84, 23.22, 158.75, 45, 84, 8877612
1.07, 6.84, 23.30, 159.30, 45, 84, 8889448
1.07, 6.84, 23.28, 159.12, 45, 84, 8901272
1.07, 6.84, 23.01, 157.28, 45, 84, 8913112
1.07, 6.84, 23.01, 157.28, 45, 84, 8924932
1.07, 6.84, 23.22, 158.75, 45, 84, 8936764
1.07, 6.84, 23.30, 159.30, 45, 84, 8948588
1.08, 6.84, 23.28, 159.12, 45, 84, 8960416
1.09, 6.84, 23.09, 157.83, 45, 84, 8972272
1.09, 6.84, 22.98, 157.09, 45, 85, 8984076
1.09, 6.84, 23.12, 158.01, 45, 84, 8995912
1.09, 6.84, 23.25, 158.94, 45, 84, 9007732
1.09, 6.84, 23.28, 159.12, 45, 84, 9019568
1.09, 6.18, 23.38, 144.63, 45, 84, 9031388
1.08, 6.84, 23.06, 157.65, 45, 84, 9043228
1.09, 6.84, 22.93, 156.72, 45, 84, 9055052
1.10, 6.84, 23.25, 158.94, 46, 84, 9066884
1.10, 6.84, 23.30, 159.30, 46, 84, 9078716
1.10, 5.53, 23.33, 129.11, 46, 84, 9090556
1.10, 7.16, 23.01, 164.77, 46, 84, 9102380
1.10, 7.16, 22.93, 164.19, 46, 84, 9114200
1.10, 7.16, 23.28, 166.70, 46, 84, 9126040
1.11, 7.16, 23.28, 166.70, 46, 84, 9137864
1.11, 7.16, 23.17, 165.92, 46, 84, 9149700
1.11, 7.16, 23.06, 165.15, 46, 84, 9161524
1.12, 7.16, 22.85, 163.61, 46, 84, 9173356
1.12, 7.16, 23.22, 166.31, 46, 84, 9185188
1.12, 7.16, 23.22, 166.31, 46, 84, 9197020
1.12, 7.16, 23.28, 166.70, 46, 84, 9208860
1.12, 7.16, 23.28, 166.70, 46, 84, 9220684
1.12, 7.16, 22.95, 164.38, 46, 84, 9232524
1.12, 7.16, 22.90, 163.99, 46, 84, 9244344
1.12, 7.16, 23.28, 166.70, 46, 84, 9256180
1.13, 7.16, 23.28, 166.70, 47, 84, 9268008
1.13, 7.16, 23.30, 166.89, 47, 84, 9279836
1.13, 6.84, 23.06, 157.65, 47, 84, 9291668
1.13, 7.49, 23.06, 172.66, 47, 85, 9303496
1.13, 7.49, 22.93, 171.65, 47, 84, 9315332
1.13, 7.49, 22.93, 171.65, 47, 84, 9327156
1.14, 7.49, 23.25, 174.07, 47, 84, 9338992
1.14, 5.86, 23.47, 137.49, 47, 84, 9350828
1.15, 7.49, 23.28, 174.27, 47, 84, 9362648
1.15, 7.49, 23.28, 174.27, 47, 84, 9374472
1.15, 7.49, 23.12, 173.06, 47, 84, 9386304
1.15, 7.49, 23.17, 173.47, 47, 84, 9398132
1.15, 7.16, 23.06, 165.15, 47, 84, 9409960
1.15, 7.49, 22.87, 171.25, 47, 84, 9421792
1.15, 7.49, 23.01, 172.25, 47, 84, 9433616
1.16, 7.49, 23.28, 174.27, 47, 84, 9445452
1.16, 7.49, 23.30, 174.48, 47, 84, 9457272
1.16, 7.49, 23.25, 174.07, 48, 84, 9469112
1.16, 7.49, 23.28, 174.27, 48, 84, 9480932
1.17, 7.49, 23.01, 172.25, 48, 84, 9492768
1.17, 7.81, 23.01, 179.74, 48, 84, 9504588
1.17, 7.81, 22.98, 179.53, 48, 84, 9516416
1.17, 7.81, 23.09, 180.38, 48, 84, 9528256
1.18, 7.81, 22.90, 178.90, 48, 84, 9540076
1.18, 7.49, 23.28, 174.27, 48, 84, 9551916
1.19, 7.81, 23.30, 182.06, 48, 84, 9563740
1.19, 7.81, 23.28, 181.85, 48, 84, 9575576
1.20, 7.81, 23.25, 181.64, 48, 84, 9587400
1.19, 7.81, 23.06, 180.17, 48, 84, 9599240
1.19, 6.51, 23.28, 151.54, 48, 84, 9611060
1.19, 7.81, 23.03, 179.96, 48, 84, 9622892
1.20, 7.81, 23.06, 180.17, 48, 84, 9634720
1.20, 7.81, 22.95, 179.32, 48, 84, 9646552
1.21, 7.81, 22.95, 179.32, 48, 84, 9658384
1.21, 7.16, 23.25, 166.50, 49, 84, 9670212
1.21, 7.81, 23.25, 181.64, 49, 84, 9682048
1.21, 7.81, 23.28, 181.85, 49, 84, 9693876
1.21, 7.81, 23.28, 181.85, 49, 84, 9705712
1.21, 8.14, 23.28, 189.43, 49, 84, 9717536
1.21, 8.14, 23.25, 189.21, 49, 84, 9729368
1.22, 8.14, 23.28, 189.43, 49, 84, 9741192
1.22, 8.14, 23.28, 189.43, 49, 84, 9753024
1.23, 8.14, 23.03, 187.45, 49, 84, 9764864
1.23, 8.14, 23.17, 188.55, 49, 84, 9776684
1.23, 8.14, 22.98, 187.01, 49, 84, 9788520
1.23, 8.14, 23.01, 187.23, 49, 84, 9800344
1.23, 8.14, 23.22, 188.99, 49, 84, 9812200
1.23, 8.14, 22.98, 187.01, 49, 85, 9824004
1.23, 8.14, 22.90, 186.36, 49, 84, 9835836
1.24, 8.14, 22.93, 186.58, 49, 84, 9847664
1.24, 8.14, 22.90, 186.36, 49, 84, 9859488
1.24, 6.51, 23.38, 152.25, 50, 84, 9871324
1.24, 8.14, 23.06, 187.67, 50, 84, 9883148
1.24, 8.14, 22.93, 186.58, 50, 84, 9894980
1.24, 8.46, 23.03, 194.95, 50, 84, 9906804
1.25, 8.46, 23.25, 196.78, 50, 84, 9918640
1.26, 7.49, 23.47, 175.69, 50, 84, 9930464
1.26, 8.46, 23.14, 195.86, 50, 84, 9942296
1.26, 8.46, 22.85, 193.35, 50, 84, 9954124
1.27, 8.46, 23.06, 195.18, 50, 84, 9965952
1.27, 8.46, 23.25, 196.78, 50, 84, 9977792
1.27, 8.46, 22.87, 193.58, 50, 84, 9989612
1.27, 8.46, 23.12, 195.64, 50, 84, 10001448
1.27, 8.46, 23.09, 195.41, 50, 84, 10013268
1.27, 8.46, 22.95, 194.27, 50, 84, 10025104
1.28, 8.46, 22.90, 193.81, 50, 84, 10036932
1.28, 8.46, 22.98, 194.49, 50, 84, 10048768
1.29, 8.46, 22.93, 194.04, 50, 84, 10060584
1.29, 8.46, 23.30, 197.23, 51, 84, 10072436
1.28, 8.46, 22.87, 193.58, 51, 85, 10084252
1.28, 8.46, 22.90, 193.81, 51, 84, 10096080
1.28, 8.46, 23.06, 195.18, 51, 84, 10107916
1.28, 8.46, 22.98, 194.49, 51, 84, 10119740
1.29, 7.81, 23.12, 180.59, 51, 84, 10131576
1.30, 8.79, 22.87, 201.03, 51, 84, 10143400
1.30, 8.79, 22.95, 201.74, 51, 84, 10155232
1.30, 8.79, 23.06, 202.69, 51, 84, 10167056
1.30, 8.79, 23.01, 202.21, 51, 84, 10178892
1.30, 7.16, 23.14, 165.73, 51, 84, 10190728
1.30, 8.79, 23.12, 203.16, 51, 84, 10202544
1.30, 8.79, 23.03, 202.45, 51, 84, 10214380
1.31, 8.79, 23.14, 203.40, 51, 84, 10226208
1.31, 8.79, 23.09, 202.92, 51, 84, 10238044
1.32, 8.79, 23.17, 203.63, 51, 84, 10249868
1.32, 8.79, 23.06, 202.69, 51, 84, 10261708
1.31, 8.79, 23.20, 203.87, 52, 84, 10273532
1.31, 8.79, 23.01, 202.21, 52, 84, 10285368
1.31, 9.11, 23.12, 210.69, 52, 84, 10297192
1.32, 9.11, 23.17, 211.18, 52, 84, 10309024
1.33, 9.11, 23.17, 211.18, 52, 84, 10320856
1.34, 9.11, 23.28, 212.16, 52, 84, 10332680
1.34, 9.11, 23.30, 212.41, 52, 84, 10344516
1.34, 9.11, 23.28, 212.16, 52, 84, 10356340
1.35, 9.11, 23.28, 212.16, 52, 84, 10368172
1.35, 9.11, 23.25, 211.91, 52, 84, 10380000
1.35, 8.46, 23.25, 196.78, 52, 84, 10391832
1.35, 9.11, 22.87, 208.47, 52, 84, 10403656
1.36, 9.11, 22.93, 208.96, 52, 84, 10415488
1.36, 9.11, 22.87, 208.47, 52, 84, 10427316
1.36, 9.11, 23.06, 210.19, 52, 84, 10439144
1.36, 7.81, 23.09, 180.38, 52, 84, 10450992
1.36, 9.11, 23.25, 211.91, 52, 85, 10462804
1.36, 9.11, 23.14, 210.93, 53, 84, 10474640
1.36, 9.44, 23.30, 219.99, 53, 84, 10486460
1.36, 9.44, 23.28, 219.74, 53, 84, 10498296
1.37, 9.11, 23.33, 212.65, 53, 84, 10510120
1.38, 9.44, 23.25, 219.48, 53, 84, 10521952
1.38, 9.44, 22.95, 216.68, 53, 84, 10533780
1.38, 9.44, 22.85, 215.66, 53, 84, 10545608
1.38, 9.44, 22.87, 215.92, 53, 84, 10557444
1.39, 9.44, 23.09, 217.95, 53, 84, 10569268
1.39, 9.44, 23.01, 217.19, 53, 84, 10581104
1.39, 9.44, 23.14, 218.46, 53, 84, 10592928
1.40, 9.44, 23.12, 218.21, 53, 84, 10604768
1.40, 9.44, 23.25, 219.48, 53, 84, 10616588
1.40, 9.44, 23.30, 219.99, 53, 84, 10628428
1.40, 9.44, 23.20, 218.97, 53, 84, 10640252
1.40, 9.11, 23.14, 210.93, 53, 84, 10652084
1.40, 9.44, 23.25, 219.48, 53, 84, 10663924
1.40, 9.44, 22.90, 216.17, 54, 84, 10675748
1.40, 9.77, 23.06, 225.21, 54, 84, 10687584
1.40, 9.77, 22.82, 222.84, 54, 84, 10699412
1.41, 8.46, 23.01, 194.72, 54, 84, 10711248
1.42, 9.77, 22.98, 224.42, 54, 84, 10723072
1.43, 9.77, 23.01, 224.68, 54, 84, 10734908
1.43, 10.09, 23.12, 233.26, 54, 84, 10746732
1.43, 10.09, 23.22, 234.35, 54, 84, 10758568
1.44, 9.44, 23.41, 221.01, 54, 84, 10770404
1.44, 10.09, 23.06, 232.71, 54, 84, 10782228
1.44, 10.09, 23.09, 232.99, 54, 84, 10794064
1.44, 10.09, 22.98, 231.90, 54, 84, 10805888
1.45, 10.09, 22.85, 230.54, 54, 84, 10817732
1.45, 10.09, 23.06, 232.71, 54, 84, 10829552
1.45, 10.09, 22.95, 231.63, 54, 84, 10841392
1.45, 10.09, 23.22, 234.35, 54, 84, 10853216
1.45, 10.09, 23.25, 234.62, 54, 84, 10865044
1.45, 10.09, 23.25, 234.62, 55, 84, 10876884
1.45, 10.09, 22.93, 231.35, 55, 84, 10888704
1.46, 10.09, 22.82, 230.26, 55, 84, 10900540
1.46, 10.09, 22.93, 231.35, 55, 84, 10912384
1.47, 10.09, 23.09, 232.99, 55, 84, 10924204
1.47, 10.09, 23.28, 234.89, 55, 84, 10936024
1.48, 10.09, 23.28, 234.89, 55, 84, 10947860
1.48, 10.42, 23.17, 241.34, 55, 84, 10959684
1.48, 8.79, 23.01, 202.21, 55, 84, 10971516
1.48, 10.42, 22.90, 238.54, 55, 84, 10983344
1.48, 10.42, 23.09, 240.50, 55, 84, 10995176
1.48, 10.42, 23.28, 242.47, 55, 84, 11007012
1.48, 10.42, 23.25, 242.19, 55, 84, 11018840
1.49, 9.44, 23.44, 221.26, 55, 84, 11030676
1.48, 10.42, 22.79, 237.41, 55, 84, 11042500
1.49, 10.42, 22.85, 237.97, 55, 84, 11054336
1.49, 10.42, 23.06, 240.22, 55, 84, 11066160
1.49, 10.42, 23.12, 240.78, 56, 84, 11077992
1.49, 10.42, 23.28, 242.47, 56, 84, 11089824
1.49, 10.42, 22.79, 237.41, 56, 85, 11101652
1.50, 10.74, 22.87, 245.70, 56, 84, 11113488
1.50, 10.42, 23.06, 240.22, 56, 84, 11125312
1.51, 10.42, 23.28, 242.47, 56, 84, 11137148
1.51, 10.42, 23.22, 241.91, 56, 84, 11148972
1.52, 10.42, 22.87, 238.25, 56, 84, 11160804
1.52, 10.74, 22.85, 245.41, 56, 84, 11172648
1.52, 10.74, 23.22, 249.47, 56, 84, 11184460
1.52, 10.74, 23.22, 249.47, 56, 84, 11196288
1.52, 10.74, 22.87, 245.70, 56, 84, 11208116
1.52, 10.42, 23.03, 239.94, 56, 84, 11219948
1.52, 9.77, 23.30, 227.58, 56, 84, 11231772
1.52, 10.42, 23.22, 241.91, 56, 84, 11243608
1.52, 10.42, 22.90, 238.54, 56, 84, 11255428
1.53, 10.42, 23.12, 240.78, 56, 84, 11267268
1.53, 10.74, 23.28, 250.05, 57, 84, 11279088
1.53, 9.11, 23.47, 213.88, 57, 84, 11290940
1.53, 10.74, 23.01, 247.15, 57, 85, 11302748
1.53, 10.74, 23.12, 248.31, 57, 84, 11314576
1.53, 10.74, 23.25, 249.76, 57, 84, 11326412
1.54, 10.74, 22.82, 245.12, 57, 84, 11338232
1.55, 10.74, 23.01, 247.15, 57, 84, 11350068
1.55, 10.74, 23.28, 250.05, 57, 84, 11361892
1.55, 10.74, 23.25, 249.76, 57, 84, 11373728
1.55, 10.74, 22.79, 244.83, 57, 84, 11385548
1.55, 10.74, 22.93, 246.28, 57, 84, 11397388
1.55, 10.74, 23.28, 250.05, 57, 84, 11409208
1.55, 10.74, 23.25, 249.76, 57, 84, 11421040
1.55, 10.74, 22.93, 246.28, 57, 84, 11432868
1.55, 10.74, 23.17, 248.89, 57, 84, 11444696
1.56, 10.74, 23.25, 249.76, 57, 84, 11456532
1.56, 10.74, 22.87, 245.70, 57, 84, 11468356
1.56, 10.74, 22.85, 245.41, 58, 84, 11480192
1.56, 10.09, 23.09, 232.99, 58, 84, 11492016
1.56, 11.07, 23.28, 257.62, 58, 84, 11503852
1.57, 11.07, 22.82, 252.55, 58, 84, 11515676
1.57, 11.07, 23.06, 255.23, 58, 84, 11527508
1.58, 11.07, 23.25, 257.32, 58, 84, 11539340
1.59, 9.77, 23.41, 228.63, 58, 84, 11551184
1.59, 11.07, 22.87, 253.15, 58, 84, 11563012
1.59, 11.39, 23.22, 264.59, 58, 84, 11574832
1.59, 11.39, 23.25, 264.89, 58, 84, 11586672
1.60, 11.39, 22.82, 259.98, 58, 84, 11598492
1.59, 11.07, 22.98, 254.34, 58, 84, 11610328
1.60, 11.39, 23.25, 264.89, 58, 84, 11622152
1.60, 11.39, 23.03, 262.43, 58, 84, 11633984
1.60, 11.39, 22.98, 261.82, 58, 84, 11645808
1.61, 11.39, 23.25, 264.89, 58, 84, 11657640
1.61, 11.39, 23.03, 262.43, 58, 84, 11669472
1.61, 11.39, 22.93, 261.21, 59, 84, 11681296
1.61, 11.39, 22.98, 261.82, 59, 84, 11693136
1.61, 11.39, 23.28, 265.20, 59, 84, 11704956
1.61, 11.72, 22.79, 267.09, 59, 84, 11716788
1.61, 11.72, 23.17, 271.51, 59, 84, 11728616
1.62, 11.72, 23.22, 272.15, 59, 84, 11740452
1.63, 11.39, 22.90, 260.90, 59, 84, 11752272
1.63, 11.72, 23.20, 271.83, 59, 84, 11764100
1.64, 11.72, 23.03, 269.93, 59, 84, 11775940
1.64, 11.72, 22.93, 268.67, 59, 84, 11787764
1.64, 11.72, 23.09, 270.56, 59, 84, 11799600
1.64, 10.42, 23.20, 241.63, 59, 84, 11811428
1.65, 11.72, 22.79, 267.09, 59, 84, 11823264
1.65, 11.72, 22.98, 269.30, 59, 84, 11835084
1.65, 11.72, 23.25, 272.46, 59, 84, 11846924
1.65, 11.72, 23.06, 270.25, 59, 84, 11858752
1.66, 11.39, 23.28, 265.20, 59, 84, 11870580
1.66, 11.72, 23.25, 272.46, 60, 84, 11882412
1.65, 11.72, 22.82, 267.40, 60, 84, 11894244
1.65, 12.04, 22.98, 276.78, 60, 84, 11906076
1.65, 12.04, 23.25, 280.03, 60, 84, 11917900
1.66, 12.04, 22.79, 274.51, 60, 84, 11929736
1.67, 12.37, 23.25, 287.60, 60, 84, 11941556
1.68, 12.37, 22.87, 282.93, 60, 84, 11953396
1.69, 12.37, 22.95, 283.93, 60, 84, 11965216
1.70, 12.37, 23.25, 287.60, 60, 84, 11977044
1.70, 12.37, 22.85, 282.59, 60, 84, 11988872
1.70, 12.37, 23.12, 285.93, 60, 84, 12000704
1.70, 12.04, 22.87, 275.48, 60, 84, 12012536
1.70, 12.37, 22.98, 284.26, 60, 84, 12024360
1.70, 12.37, 23.22, 287.26, 60, 84, 12036200
1.71, 12.37, 22.79, 281.93, 60, 84, 12048024
1.71, 12.37, 22.98, 284.26, 60, 84, 12059864
1.71, 10.74, 23.09, 248.02, 60, 84, 12071684
1.71, 12.37, 22.82, 282.26, 61, 84, 12083520
1.71, 12.37, 23.22, 287.26, 61, 84, 12095344
1.71, 12.37, 22.90, 283.26, 61, 84, 12107172
1.71, 12.70, 23.12, 293.45, 61, 84, 12119012
1.72, 11.72, 23.03, 269.93, 61, 84, 12130836
1.73, 12.70, 22.85, 290.03, 61, 84, 12142672
1.73, 12.70, 23.25, 295.17, 61, 84, 12154496
1.74, 12.70, 23.01, 292.08, 61, 84, 12166336
1.74, 12.70, 23.03, 292.43, 61, 84, 12178164
1.74, 12.70, 23.25, 295.17, 61, 84, 12190000
1.74, 12.70, 22.85, 290.03, 61, 85, 12201820
1.74, 12.70, 23.25, 295.17, 61, 84, 12213648
1.74, 12.70, 22.82, 289.69, 61, 84, 12225488
1.75, 12.70, 22.95, 291.40, 61, 84, 12237312
1.75, 12.70, 23.20, 294.48, 61, 84, 12249148
1.75, 12.70, 22.93, 291.06, 61, 84, 12260972
1.75, 12.70, 23.01, 292.08, 61, 84, 12272824
1.75, 12.70, 22.85, 290.03, 62, 84, 12284628
1.75, 12.70, 23.09, 293.11, 62, 84, 12296464
1.75, 12.70, 22.87, 290.37, 62, 84, 12308288
1.75, 13.02, 23.14, 301.33, 62, 84, 12320116
1.76, 11.39, 23.03, 262.43, 62, 84, 12331940
1.77, 13.02, 23.09, 300.63, 62, 84, 12343772
1.78, 13.02, 23.20, 302.03, 62, 84, 12355608
1.78, 13.35, 22.95, 306.34, 62, 84, 12367428
1.79, 13.35, 23.22, 309.94, 62, 84, 12379264
1.79, 11.72, 23.03, 269.93, 62, 84, 12391104
1.79, 13.35, 23.25, 310.30, 62, 84, 12402928
1.79, 13.35, 22.87, 305.26, 62, 84, 12414748
1.80, 13.35, 23.25, 310.30, 62, 84, 12426576
1.80, 13.35, 22.87, 305.26, 62, 84, 12438404
1.80, 13.35, 23.25, 310.30, 62, 84, 12450236
1.81, 13.35, 22.85, 304.90, 62, 84, 12462068
1.81, 13.35, 23.25, 310.30, 62, 84, 12473892
1.81, 13.35, 22.79, 304.18, 63, 84, 12485732
1.81, 13.35, 23.20, 309.58, 63, 84, 12497552
1.81, 13.35, 22.82, 304.54, 63, 84, 12509388
1.81, 13.35, 23.20, 309.58, 63, 84, 12521212
1.82, 13.67, 23.17, 316.77, 63, 84, 12533064
1.83, 13.67, 23.25, 317.87, 63, 85, 12544872
1.83, 13.67, 22.87, 312.71, 63, 84, 12556696
1.84, 13.67, 23.20, 317.13, 63, 84, 12568532
1.84, 13.67, 22.85, 312.34, 63, 84, 12580356
1.85, 13.02, 23.36, 304.14, 63, 84, 12592192
1.85, 13.67, 22.87, 312.71, 63, 84, 12604020
1.85, 13.67, 23.03, 314.92, 63, 84, 12615852
1.85, 13.67, 22.93, 313.45, 63, 84, 12627676
1.85, 13.67, 23.20, 317.13, 63, 84, 12639512
1.85, 12.37, 23.12, 285.93, 63, 84, 12651348
1.86, 13.67, 22.79, 311.60, 63, 84, 12663160
1.86, 13.67, 23.01, 314.55, 63, 84, 12674992
1.86, 13.67, 22.87, 312.71, 64, 84, 12686824
1.85, 13.67, 23.22, 317.50, 64, 84, 12698656
1.85, 13.67, 22.82, 311.97, 64, 84, 12710480
1.86, 14.00, 23.20, 324.68, 64, 84, 12722324
1.86, 14.00, 22.82, 319.40, 64, 84, 12734144
1.87, 14.00, 23.22, 325.06, 64, 84, 12745980
1.88, 14.00, 22.79, 319.02, 64, 84, 12757808
1.89, 14.32, 23.17, 331.85, 64, 84, 12769636
1.89, 14.32, 22.87, 327.60, 64, 84, 12781468
1.89, 14.32, 22.87, 327.60, 64, 84, 12793296
1.89, 14.32, 22.95, 328.76, 64, 84, 12805132
1.89, 14.32, 22.79, 326.44, 64, 84, 12816956
1.90, 14.32, 23.17, 331.85, 64, 84, 12828792
1.90, 14.32, 22.76, 326.05, 64, 84, 12840616
1.91, 14.00, 23.03, 322.42, 64, 84, 12852448
1.91, 14.32, 22.87, 327.60, 64, 85, 12864272
1.91, 14.32, 23.22, 332.62, 64, 84, 12876112
1.91, 14.32, 23.03, 329.92, 65, 84, 12887936
1.91, 14.32, 22.79, 326.44, 65, 84, 12899764
1.91, 13.02, 23.41, 304.84, 65, 84, 12911600
1.92, 14.65, 22.85, 334.65, 65, 84, 12923424
1.93, 14.65, 23.17, 339.39, 65, 84, 12935260
1.93, 14.65, 23.01, 337.02, 65, 84, 12947084
1.94, 14.65, 22.79, 333.86, 65, 84, 12958916
1.94, 14.32, 23.41, 335.33, 65, 84, 12970740
1.95, 14.97, 22.85, 342.09, 65, 84, 12982580
1.95, 14.97, 23.22, 347.74, 65, 84, 12994408
1.95, 14.97, 22.93, 343.30, 65, 84, 13006236
1.95, 14.97, 22.68, 339.66, 65, 84, 13018076
1.95, 14.97, 23.17, 346.93, 65, 84, 13029904
1.96, 14.97, 22.76, 340.87, 65, 84, 13041740
1.96, 14.97, 23.22, 347.74, 65, 84, 13053560
1.96, 14.97, 22.87, 342.49, 65, 84, 13065396
1.96, 14.97, 22.95, 343.70, 65, 84, 13077224
1.96, 14.97, 23.06, 345.32, 66, 84, 13089060
1.97, 15.30, 22.76, 348.29, 66, 84, 13100880
1.97, 14.97, 23.20, 347.34, 66, 84, 13112712
1.98, 15.30, 22.90, 350.35, 66, 84, 13124544
1.99, 15.63, 22.76, 355.70, 66, 84, 13136368
2.00, 15.63, 23.22, 362.86, 66, 84, 13148204
2.01, 15.63, 22.85, 356.96, 66, 84, 13160024
2.01, 14.32, 23.30, 333.78, 66, 84, 13171860
2.02, 15.95, 23.06, 367.84, 66, 84, 13183684
2.03, 15.95, 22.85, 364.40, 66, 84, 13195520
2.03, 15.95, 22.79, 363.54, 66, 84, 13207344
2.04, 15.95, 23.06, 367.84, 66, 84, 13219176
2.04, 14.97, 22.93, 343.30, 66, 84, 13231004
2.04, 15.95, 22.87, 364.83, 66, 84, 13242836
2.04, 15.95, 22.87, 364.83, 66, 84, 13254668
2.04, 15.95, 22.95, 366.12, 66, 84, 13266492
2.04, 15.95, 23.06, 367.84, 66, 84, 13278328
2.04, 15.95, 23.06, 367.84, 67, 84, 13290156
2.04, 15.95, 22.79, 363.54, 67, 84, 13301992
2.04, 16.28, 22.82, 371.39, 67, 84, 13313816
2.05, 16.28, 23.01, 374.47, 67, 84, 13325648
2.05, 16.28, 22.82, 371.39, 67, 84, 13337472
2.07, 16.28, 22.71, 369.64, 67, 84, 13349304
2.07, 16.60, 23.20, 385.09, 67, 84, 13361140
2.08, 16.93, 22.74, 384.88, 67, 84, 13372980
2.08, 16.93, 22.68, 383.97, 67, 84, 13384800
2.09, 16.93, 23.20, 392.64, 67, 84, 13396624
2.10, 16.93, 22.90, 387.62, 67, 84, 13408464
2.11, 16.93, 22.85, 386.71, 67, 84, 13420288
2.11, 15.63, 23.17, 362.02, 67, 84, 13432124
2.11, 16.93, 23.12, 391.27, 67, 84, 13443952
2.12, 16.93, 22.79, 385.79, 67, 84, 13455780
2.12, 16.93, 22.66, 383.51, 67, 84, 13467620
2.12, 16.93, 23.22, 393.10, 67, 84, 13479444
2.12, 15.63, 22.93, 358.22, 68, 84, 13491296
2.12, 16.93, 22.68, 383.97, 68, 84, 13503108
2.12, 17.25, 22.85, 394.14, 68, 84, 13514940
2.13, 17.25, 23.20, 400.19, 68, 84, 13526764
2.14, 17.58, 22.82, 401.11, 68, 84, 13538600
2.15, 17.58, 22.82, 401.11, 68, 84, 13550420
2.16, 17.58, 22.74, 399.68, 68, 84, 13562252
2.17, 17.58, 23.14, 406.80, 68, 84, 13574088
2.17, 17.58, 23.17, 407.27, 68, 84, 13585912
2.18, 17.90, 22.95, 410.95, 68, 84, 13597748
2.18, 17.90, 22.74, 407.08, 68, 84, 13609572
2.18, 17.90, 23.09, 413.36, 68, 84, 13621412
2.19, 17.90, 22.87, 409.50, 68, 84, 13633256
2.19, 17.90, 22.90, 409.98, 68, 84, 13645076
2.19, 17.90, 22.74, 407.08, 68, 84, 13656900
2.20, 17.90, 22.68, 406.12, 68, 84, 13668732
2.20, 17.90, 23.01, 411.91, 68, 84, 13680568
2.20, 16.93, 23.22, 393.10, 69, 84, 13692396
2.20, 17.90, 22.79, 408.05, 69, 84, 13704232
2.20, 18.23, 22.74, 414.49, 69, 84, 13716056
2.21, 18.23, 22.74, 414.49, 69, 84, 13727892
2.22, 18.23, 22.82, 415.96, 69, 84, 13739712
2.22, 16.93, 23.01, 389.45, 69, 84, 13751564
2.23, 18.23, 23.20, 422.85, 69, 85, 13763372
2.24, 18.23, 22.87, 416.94, 69, 84, 13775200
2.24, 18.23, 22.76, 414.98, 69, 84, 13787036
2.25, 18.23, 22.66, 413.01, 69, 84, 13798864
2.25, 17.90, 23.22, 415.78, 69, 84, 13810704
2.25, 18.23, 23.22, 423.34, 69, 84, 13822528
2.25, 18.23, 22.85, 416.45, 69, 84, 13834368
2.26, 18.23, 22.79, 415.47, 69, 84, 13846188
2.26, 18.23, 22.71, 413.99, 69, 84, 13858028
2.26, 18.23, 22.71, 413.99, 69, 84, 13869852
2.26, 18.23, 23.22, 423.34, 69, 84, 13881684
2.26, 18.23, 23.14, 421.86, 70, 84, 13893516
2.26, 18.55, 22.90, 424.89, 70, 84, 13905348
2.27, 18.55, 22.74, 421.89, 70, 84, 13917184
2.27, 18.88, 22.71, 428.78, 70, 84, 13929012
2.28, 18.88, 22.82, 430.82, 70, 84, 13940848
2.29, 18.55, 23.09, 428.39, 70, 84, 13952672
2.31, 18.88, 23.06, 435.40, 70, 84, 13964512
2.31, 19.21, 23.17, 444.98, 70, 84, 13976332
2.32, 19.21, 22.79, 437.73, 70, 84, 13988172
2.32, 19.21, 22.82, 438.25, 70, 84, 13999996
2.32, 17.58, 22.93, 403.00, 70, 84, 14011828
2.32, 19.21, 22.68, 435.66, 70, 84, 14023664
2.32, 19.21, 22.76, 437.21, 70, 84, 14035488
2.33, 19.21, 23.01, 441.87, 70, 84, 14047324
2.33, 19.21, 23.22, 446.02, 70, 84, 14059144
2.33, 18.55, 23.01, 426.89, 70, 84, 14070984
2.33, 19.21, 22.90, 439.80, 70, 84, 14082808
2.34, 19.21, 22.74, 436.69, 71, 84, 14094648
2.33, 19.21, 22.74, 436.69, 71, 84, 14106472
2.34, 19.53, 22.76, 444.62, 71, 84, 14118304
2.34, 19.53, 22.95, 448.31, 71, 84, 14130140
2.35, 19.53, 23.14, 451.99, 71, 84, 14141968
2.36, 19.53, 23.12, 451.47, 71, 84, 14153800
2.36, 19.53, 22.98, 448.83, 71, 84, 14165628
2.37, 19.86, 22.79, 452.57, 71, 84, 14177464
2.38, 19.53, 22.82, 445.67, 71, 84, 14189292
2.38, 19.53, 22.76, 444.62, 71, 84, 14201124
2.38, 19.21, 22.71, 436.17, 71, 84, 14212948
2.38, 19.86, 22.74, 451.49, 71, 84, 14224776
2.38, 19.86, 22.68, 450.42, 71, 84, 14236612
2.39, 19.53, 22.66, 442.51, 71, 84, 14248436
2.39, 19.53, 23.09, 450.94, 71, 84, 14260276
2.39, 18.23, 23.30, 424.81, 71, 84, 14272096
2.39, 19.53, 23.12, 451.47, 71, 84, 14283932
2.39, 19.53, 23.12, 451.47, 72, 84, 14295756
2.39, 19.86, 22.79, 452.57, 72, 84, 14307596
2.39, 19.86, 22.79, 452.57, 72, 84, 14319420
2.40, 19.53, 22.79, 445.15, 72, 84, 14331248
2.41, 20.18, 22.68, 457.81, 72, 84, 14343084
2.43, 20.18, 22.71, 458.35, 72, 84, 14354912
2.43, 20.18, 22.74, 458.90, 72, 84, 14366752
2.44, 20.18, 22.71, 458.35, 72, 84, 14378576
2.44, 20.18, 22.82, 460.53, 72, 84, 14390412
2.44, 20.18, 22.95, 463.25, 72, 84, 14402240
2.44, 20.18, 22.79, 459.98, 72, 84, 14414076
2.44, 20.18, 22.74, 458.90, 72, 84, 14425900
2.44, 20.18, 22.98, 463.80, 72, 84, 14437732
2.45, 20.18, 22.95, 463.25, 72, 84, 14449564
2.45, 20.18, 22.98, 463.80, 72, 84, 14461396
2.45, 20.18, 22.76, 459.44, 72, 84, 14473248
2.45, 20.18, 22.82, 460.53, 72, 85, 14485052
2.45, 20.18, 23.03, 464.88, 73, 84, 14496884
2.45, 20.51, 22.93, 470.17, 73, 84, 14508712
2.45, 20.51, 23.01, 471.83, 73, 84, 14520544
2.46, 19.21, 23.28, 447.05, 73, 84, 14532368
2.47, 20.51, 22.93, 470.17, 73, 84, 14544204
2.48, 20.83, 23.17, 482.69, 73, 84, 14556028
2.48, 20.83, 23.09, 481.00, 73, 84, 14567856
2.48, 20.83, 22.98, 478.76, 73, 84, 14579692
2.49, 19.53, 23.06, 450.41, 73, 84, 14591528
2.49, 20.83, 22.98, 478.76, 73, 84, 14603352
2.49, 20.83, 23.03, 479.88, 73, 84, 14615172
2.50, 20.83, 23.01, 479.32, 73, 84, 14627008
2.50, 20.83, 23.12, 481.57, 73, 84, 14638832
2.50, 20.83, 23.06, 480.44, 73, 84, 14650668
2.50, 20.83, 23.12, 481.57, 73, 84, 14662488
2.50, 20.83, 22.90, 477.07, 73, 84, 14674320
2.50, 20.83, 22.90, 477.07, 73, 84, 14686152
2.50, 20.83, 22.98, 478.76, 74, 84, 14697976
2.50, 21.16, 22.71, 480.53, 74, 84, 14709816
2.50, 21.48, 23.06, 495.46, 74, 84, 14721636
2.51, 21.48, 22.76, 489.08, 74, 84, 14733492
2.53, 21.48, 23.20, 498.35, 74, 84, 14745296
2.54, 21.48, 23.09, 496.04, 74, 84, 14757132
2.55, 21.48, 22.90, 491.98, 74, 84, 14768956
2.56, 21.48, 23.14, 497.19, 74, 84, 14780784
2.55, 20.83, 23.17, 482.69, 74, 84, 14792616
2.55, 21.48, 22.79, 489.66, 74, 85, 14804444
2.55, 21.48, 22.79, 489.66, 74, 84, 14816276
2.55, 21.48, 22.74, 488.50, 74, 84, 14828100
2.55, 21.48, 22.63, 486.18, 74, 84, 14839936
2.56, 20.18, 23.36, 471.42, 74, 84, 14851776
2.56, 21.48, 22.66, 486.76, 74, 84, 14863596
2.56, 21.48, 22.68, 487.34, 74, 84, 14875420
2.56, 21.48, 22.76, 489.08, 74, 84, 14887244
2.55, 21.48, 22.68, 487.34, 75, 84, 14899080
2.56, 21.16, 22.79, 482.24, 75, 84, 14910908
2.56, 21.81, 22.68, 494.73, 75, 84, 14922744
2.57, 21.81, 22.68, 494.73, 75, 84, 14934568
2.58, 21.81, 22.63, 493.55, 75, 84, 14946400
2.58, 21.81, 22.71, 495.32, 75, 84, 14958228
2.59, 21.81, 22.66, 494.14, 75, 84, 14970060
2.59, 22.14, 22.76, 503.90, 75, 84, 14981884
2.59, 22.14, 22.76, 503.90, 75, 84, 14993720
2.60, 22.14, 23.01, 509.28, 75, 84, 15005544
2.60, 22.14, 23.09, 511.07, 75, 84, 15017376
2.60, 22.14, 23.06, 510.47, 75, 84, 15029212
2.61, 22.14, 22.79, 504.50, 75, 84, 15041036
2.61, 21.16, 22.87, 483.95, 75, 84, 15052876
2.61, 22.14, 22.63, 500.92, 75, 84, 15064700
2.61, 22.14, 22.87, 506.29, 75, 84, 15076536
2.61, 22.14, 22.74, 503.31, 75, 84, 15088364
2.61, 22.14, 22.63, 500.92, 76, 84, 15100200
2.61, 21.16, 22.82, 482.81, 76, 84, 15112024
2.61, 22.46, 22.68, 509.49, 76, 84, 15123856
2.63, 22.79, 22.85, 520.57, 76, 84, 15135688
2.64, 22.79, 23.09, 526.10, 76, 84, 15147512
2.65, 22.79, 22.95, 523.02, 76, 84, 15159348
2.66, 22.46, 22.87, 513.74, 76, 84, 15171168
2.66, 22.79, 22.74, 518.11, 76, 84, 15183008
2.66, 22.79, 22.63, 515.65, 76, 84, 15194832
2.67, 22.79, 22.71, 517.49, 76, 84, 15206668
2.67, 22.79, 22.82, 519.95, 76, 84, 15218492
2.67, 22.79, 22.93, 522.41, 76, 84, 15230324
2.67, 22.79, 22.95, 523.02, 76, 84, 15242152
2.68, 22.79, 22.76, 518.72, 76, 84, 15253984
2.68, 22.79, 22.76, 518.72, 76, 84, 15265820
2.68, 22.79, 22.66, 516.26, 76, 84, 15277640
2.67, 22.79, 22.71, 517.49, 76, 84, 15289476
2.68, 22.79, 22.76, 518.72, 77, 84, 15301300
2.67, 22.46, 22.87, 513.74, 77, 84, 15313136
2.68, 22.79, 23.09, 526.10, 77, 84, 15324960
2.68, 23.11, 23.09, 533.61, 77, 84, 15336792
2.68, 23.11, 22.60, 522.39, 77, 84, 15348624
2.69, 23.11, 22.63, 523.02, 77, 84, 15360456
2.70, 21.81, 22.79, 497.08, 77, 84, 15372292
2.71, 23.44, 22.68, 531.65, 77, 85, 15384116
2.71, 23.44, 22.71, 532.28, 77, 84, 15395952
2.71, 23.44, 22.87, 536.07, 77, 84, 15407776
2.71, 23.44, 22.87, 536.07, 77, 84, 15419616
2.71, 22.46, 23.30, 523.43, 77, 84, 15431440
2.71, 23.44, 23.12, 541.76, 77, 84, 15443276
2.71, 23.44, 22.60, 529.75, 77, 84, 15455100
2.72, 23.44, 22.60, 529.75, 77, 84, 15466936
2.72, 23.44, 22.66, 531.01, 77, 84, 15478772
2.72, 23.44, 22.79, 534.18, 77, 84, 15490592
2.73, 23.44, 23.03, 539.86, 78, 84, 15502428
2.73, 23.44, 22.87, 536.07, 78, 84, 15514252
2.73, 23.76, 22.93, 544.80, 78, 84, 15526088
2.74, 24.09, 22.71, 547.06, 78, 84, 15537912
2.75, 24.09, 22.60, 544.47, 78, 84, 15549748
2.76, 24.09, 22.68, 546.41, 78, 84, 15561572
2.76, 24.41, 22.71, 554.46, 78, 84, 15573420
2.78, 24.41, 22.82, 557.09, 78, 84, 15585240
2.79, 24.41, 22.93, 559.73, 78, 84, 15597064
2.79, 24.41, 22.98, 561.04, 78, 84, 15608904
2.79, 24.41, 22.60, 551.82, 78, 84, 15620724
2.80, 23.11, 22.85, 528.00, 78, 84, 15632564
2.80, 24.41, 22.74, 555.12, 78, 84, 15644388
2.80, 24.41, 22.74, 555.12, 78, 84, 15656220
2.80, 24.41, 22.74, 555.12, 78, 84, 15668044
2.79, 24.41, 22.60, 551.82, 78, 84, 15679876
2.80, 23.11, 22.79, 526.76, 78, 84, 15691724
2.80, 24.41, 22.87, 558.41, 79, 84, 15703532
2.80, 24.41, 22.98, 561.04, 79, 84, 15715372
2.80, 24.41, 22.85, 557.75, 79, 84, 15727196
2.80, 24.74, 22.66, 560.52, 79, 84, 15739028
2.81, 24.74, 22.68, 561.18, 79, 84, 15750852
2.82, 24.74, 22.74, 562.52, 79, 84, 15762692
2.83, 25.07, 23.12, 579.38, 79, 84, 15774520
2.83, 25.07, 22.71, 569.24, 79, 84, 15786348
2.84, 25.07, 22.60, 566.54, 79, 84, 15798180
2.85, 25.07, 22.68, 568.57, 79, 84, 15810008
2.85, 25.07, 22.90, 573.98, 79, 84, 15821844
2.85, 25.07, 22.87, 573.30, 79, 84, 15833688
2.85, 25.07, 22.58, 565.86, 79, 84, 15845504
2.85, 25.07, 22.66, 567.89, 79, 84, 15857328
2.85, 25.07, 22.93, 574.65, 79, 84, 15869160
2.85, 25.07, 22.55, 565.19, 79, 84, 15880984
2.85, 24.41, 22.76, 555.77, 79, 84, 15892812
2.85, 25.07, 22.87, 573.30, 80, 85, 15904644
2.85, 25.07, 22.98, 576.00, 80, 84, 15916476
2.86, 25.39, 22.87, 580.74, 80, 84, 15928312
2.86, 25.39, 22.58, 573.21, 80, 84, 15940136
2.86, 24.41, 22.74, 555.12, 80, 84, 15951992
2.88, 25.72, 23.06, 593.05, 80, 84, 15963804
2.88, 25.72, 22.68, 583.33, 80, 84, 15975640
2.89, 25.72, 22.55, 579.87, 80, 84, 15987468
2.90, 26.04, 22.55, 587.21, 80, 84, 15999304
2.90, 25.72, 23.14, 595.13, 80, 84, 16011128
2.91, 26.04, 22.55, 587.21, 80, 84, 16022964
2.91, 26.04, 22.58, 587.91, 80, 84, 16034796
2.92, 26.04, 22.74, 592.12, 80, 84, 16046624
2.92, 26.04, 22.95, 597.74, 80, 84, 16058464
2.92, 26.04, 22.52, 586.50, 80, 84, 16070288
2.93, 26.04, 22.58, 587.91, 80, 84, 16082128
2.93, 26.04, 22.98, 598.45, 80, 84, 16093948
2.93, 26.04, 22.90, 596.34, 81, 84, 16105788
2.93, 26.37, 22.55, 594.55, 81, 84, 16117616
2.93, 26.37, 22.71, 598.81, 81, 84, 16129444
2.94, 26.69, 22.98, 613.41, 81, 84, 16141284
2.95, 26.04, 22.66, 590.02, 81, 84, 16153108
2.96, 26.69, 22.52, 601.17, 81, 84, 16164944
2.97, 27.02, 22.74, 614.33, 81, 84, 16176768
2.98, 27.02, 22.71, 613.60, 81, 84, 16188604
2.98, 27.02, 22.55, 609.23, 81, 84, 16200424
2.99, 25.72, 22.82, 586.80, 81, 84, 16212264
3.00, 27.02, 22.76, 615.06, 81, 84, 16224088
3.00, 27.02, 22.52, 608.50, 81, 84, 16235916
3.00, 26.69, 22.74, 606.93, 81, 84, 16247756
3.00, 27.02, 22.76, 615.06, 81, 84, 16259580
2.99, 26.37, 22.95, 605.21, 81, 84, 16271416
2.99, 27.02, 22.63, 611.41, 81, 84, 16283240
3.00, 27.02, 22.87, 617.97, 81, 84, 16295076
3.00, 26.69, 22.55, 601.89, 82, 84, 16306900
3.00, 27.02, 22.55, 609.23, 82, 84, 16318736
3.00, 27.02, 22.79, 615.79, 82, 84, 16330560
3.00, 27.34, 22.60, 618.04, 82, 84, 16342388
3.02, 27.67, 22.55, 623.91, 82, 84, 16354220
3.03, 27.67, 22.95, 635.10, 82, 84, 16366048
3.05, 27.67, 22.52, 623.16, 82, 84, 16377884
3.06, 27.67, 22.63, 626.15, 82, 84, 16389708
3.06, 27.67, 22.98, 635.85, 82, 84, 16401544
3.06, 27.34, 22.63, 618.78, 82, 84, 16413372
3.06, 27.67, 22.79, 630.62, 82, 84, 16425204
3.06, 27.67, 22.55, 623.91, 82, 84, 16437028
3.07, 27.67, 22.58, 624.65, 82, 84, 16448856
3.07, 27.99, 23.01, 644.08, 82, 84, 16460684
3.07, 26.69, 22.68, 605.49, 82, 84, 16472520
3.07, 27.99, 22.63, 633.51, 82, 84, 16484356
3.08, 27.99, 23.03, 644.84, 82, 84, 16496184
3.08, 27.67, 22.60, 625.40, 83, 84, 16508020
3.08, 27.99, 22.55, 631.25, 83, 84, 16519848
3.08, 27.34, 23.12, 632.06, 83, 84, 16531684
3.08, 28.32, 22.55, 638.59, 83, 84, 16543508
3.09, 28.32, 22.63, 640.88, 83, 84, 16555340
3.10, 28.32, 22.49, 637.06, 83, 84, 16567168
3.11, 28.32, 22.55, 638.59, 83, 84, 16579000
3.12, 28.32, 22.93, 649.28, 83, 84, 16590836
3.12, 28.32, 22.52, 637.82, 83, 84, 16602656
3.12, 28.32, 22.58, 639.35, 83, 84, 16614496
3.12, 28.65, 23.03, 659.84, 83, 84, 16626316
3.12, 28.65, 22.52, 645.15, 83, 84, 16638156
3.12, 28.32, 22.82, 646.23, 83, 84, 16649980
3.13, 28.32, 22.63, 640.88, 83, 84, 16661812
3.13, 28.32, 22.60, 640.12, 83, 84, 16673660
3.13, 28.65, 22.95, 657.52, 83, 84, 16685468
3.13, 28.65, 22.58, 646.70, 83, 84, 16697304
3.13, 28.32, 22.95, 650.05, 84, 84, 16709128
3.13, 28.65, 22.49, 644.38, 84, 84, 16720960
3.13, 27.34, 22.76, 622.47, 84, 84, 16732784
3.14, 28.97, 22.68, 657.17, 84, 84, 16744624
3.15, 28.97, 22.66, 656.39, 84, 84, 16756452
3.16, 29.30, 22.93, 671.67, 84, 84, 16768284
3.17, 29.30, 22.49, 659.03, 84, 84, 16780112
3.17, 27.99, 22.74, 636.53, 84, 84, 16791952
3.18, 29.30, 22.55, 660.61, 84, 84, 16803772
3.18, 29.30, 22.76, 666.93, 84, 84, 16815596
3.18, 29.30, 22.52, 659.82, 84, 84, 16827436
3.19, 29.30, 22.71, 665.35, 84, 84, 16839256
3.19, 29.30, 22.71, 665.35, 84, 84, 16851092
3.19, 29.62, 22.55, 667.95, 84, 84, 16862916
3.20, 29.62, 22.60, 669.55, 84, 84, 16874752
3.20, 29.62, 22.63, 670.34, 84, 84, 16886576
3.21, 29.62, 22.52, 667.15, 84, 84, 16898404
3.22, 29.30, 22.60, 662.19, 85, 84, 16910236
3.21, 29.62, 22.87, 677.54, 85, 84, 16922064
3.21, 29.95, 22.63, 677.71, 85, 84, 16933920
3.22, 29.95, 22.85, 684.17, 85, 85, 16945724
3.23, 29.95, 22.49, 673.67, 85, 84, 16957560
3.24, 29.95, 22.66, 678.52, 85, 84, 16969380
3.25, 30.27, 22.52, 681.81, 85, 84, 16981220
3.25, 29.30, 22.79, 667.72, 85, 84, 16993044
3.25, 29.95, 22.66, 678.52, 85, 84, 17004876
3.25, 30.27, 22.66, 685.89, 85, 84, 17016700
3.25, 30.27, 22.47, 680.18, 85, 84, 17028532
3.25, 30.27, 22.55, 682.63, 85, 84, 17040372
3.26, 28.97, 23.09, 668.90, 85, 84, 17052208
3.26, 30.27, 22.60, 684.26, 85, 84, 17064032
3.26, 30.27, 22.85, 691.61, 85, 84, 17075856
3.26, 29.95, 22.55, 675.29, 85, 84, 17087696
3.26, 30.27, 22.68, 686.71, 85, 84, 17099520
3.26, 29.95, 22.58, 676.10, 86, 84, 17111356
3.26, 30.27, 22.93, 694.06, 86, 84, 17123180
3.26, 30.60, 22.52, 689.14, 86, 84, 17135008
3.27, 30.60, 22.60, 691.62, 86, 84, 17146852
3.28, 30.60, 22.60, 691.62, 86, 84, 17158676
3.29, 30.60, 22.68, 694.09, 86, 84, 17170508
3.30, 30.92, 22.47, 694.81, 86, 84, 17182332
3.30, 30.92, 22.76, 703.98, 86, 84, 17194172
3.31, 30.92, 22.52, 696.47, 86, 84, 17205996
3.31, 30.92, 22.58, 698.14, 86, 84, 17217832
3.31, 30.92, 22.47, 694.81, 86, 84, 17229660
3.32, 30.92, 22.71, 702.31, 86, 84, 17241488
3.32, 30.27, 22.55, 682.63, 86, 84, 17253328
3.32, 30.92, 22.68, 701.48, 86, 84, 17265148
3.32, 30.92, 22.60, 698.98, 86, 84, 17276988
3.32, 30.92, 22.68, 701.48, 86, 84, 17288812
3.32, 30.92, 22.60, 698.98, 86, 84, 17300648
3.32, 29.62, 22.85, 676.74, 87, 84, 17312472
3.32, 31.25, 22.47, 702.12, 87, 84, 17324312
3.33, 31.25, 22.74, 710.55, 87, 84, 17336132
3.34, 31.58, 22.63, 714.54, 87, 84, 17347964
3.34, 31.58, 22.60, 713.69, 87, 84, 17359796
3.35, 30.92, 22.85, 706.48, 87, 84, 17371628
3.36, 31.90, 22.41, 715.03, 87, 84, 17383460
3.37, 31.90, 22.82, 727.93, 87, 84, 17395284
3.38, 31.90, 22.58, 720.19, 87, 84, 17407116
3.38, 31.90, 22.90, 730.51, 87, 84, 17418944
3.39, 31.90, 22.52, 718.47, 87, 84, 17430780
3.39, 32.23, 22.44, 723.19, 87, 84, 17442604
3.39, 32.23, 22.52, 725.80, 87, 84, 17454436
3.40, 31.90, 22.47, 716.75, 87, 84, 17466264
3.40, 31.90, 22.74, 725.35, 87, 84, 17478092
3.40, 31.90, 22.47, 716.75, 87, 84, 17489928
3.39, 31.90, 22.63, 721.91, 87, 84, 17501752
3.39, 31.58, 22.49, 710.28, 88, 84, 17513588
3.39, 32.23, 22.79, 734.49, 88, 84, 17525412
3.39, 32.23, 22.52, 725.80, 88, 84, 17537252
3.41, 32.23, 22.44, 723.19, 88, 84, 17549080
3.42, 32.55, 22.85, 743.67, 88, 84, 17560908
3.42, 31.25, 22.63, 707.18, 88, 84, 17572744
3.43, 32.55, 22.74, 740.15, 88, 84, 17584576
3.43, 32.55, 22.49, 732.25, 88, 84, 17596412
3.44, 32.55, 22.47, 731.37, 88, 84, 17608240
3.44, 32.55, 22.55, 734.01, 88, 84, 17620076
3.44, 31.90, 22.60, 721.05, 88, 84, 17631900
3.45, 32.55, 22.68, 738.40, 88, 84, 17643736
3.45, 32.88, 22.58, 742.24, 88, 84, 17655560
3.45, 32.88, 22.76, 748.44, 88, 84, 17667400
3.45, 32.88, 22.47, 738.69, 88, 84, 17679224
3.45, 32.88, 22.47, 738.69, 88, 84, 17691048
3.45, 32.88, 22.71, 746.67, 88, 84, 17702884
3.45, 32.88, 22.44, 737.80, 89, 84, 17714708
3.45, 32.88, 22.49, 739.58, 89, 84, 17726548
3.46, 33.20, 22.47, 746.00, 89, 84, 17738372
3.47, 33.20, 22.49, 746.90, 89, 84, 17750208
3.48, 33.53, 22.66, 759.65, 89, 84, 17762032
3.49, 33.53, 22.87, 766.88, 89, 84, 17773888
3.50, 33.53, 22.58, 756.93, 89, 85, 17785692
3.50, 33.53, 22.60, 757.84, 89, 84, 17797520
3.51, 33.53, 22.44, 752.41, 89, 84, 17809360
3.51, 33.85, 22.49, 761.54, 89, 84, 17821184
3.52, 32.55, 22.87, 744.54, 89, 84, 17833020
3.52, 33.85, 22.68, 767.93, 89, 84, 17844848
3.52, 33.85, 22.47, 760.63, 89, 84, 17856680
3.52, 33.53, 22.74, 762.36, 89, 84, 17868500
3.52, 33.53, 22.60, 757.84, 89, 84, 17880336
3.52, 32.23, 22.63, 729.28, 89, 84, 17892176
3.52, 33.53, 22.55, 756.03, 89, 84, 17903988
3.52, 33.53, 22.41, 751.51, 90, 84, 17915820
3.52, 33.85, 22.49, 761.54, 90, 84, 17927648
3.52, 33.85, 22.41, 758.80, 90, 84, 17939484
3.53, 34.18, 22.47, 767.94, 90, 84, 17951308
3.54, 34.18, 22.68, 775.32, 90, 84, 17963144
3.55, 34.18, 22.49, 768.87, 90, 84, 17974964
3.56, 34.18, 22.63, 773.47, 90, 84, 17986804
3.56, 34.51, 22.41, 773.40, 90, 84, 17998628
3.56, 34.51, 22.49, 776.19, 90, 84, 18010460
3.57, 34.51, 22.58, 778.98, 90, 84, 18022292
3.57, 34.51, 22.49, 776.19, 90, 84, 18034144
3.57, 34.51, 22.66, 781.77, 90, 84, 18045960
3.58, 34.51, 22.41, 773.40, 90, 84, 18057784
3.58, 34.51, 22.55, 778.05, 90, 84, 18069620
3.58, 34.51, 22.41, 773.40, 90, 84, 18081448
3.58, 33.53, 22.55, 756.03, 90, 84, 18093284
3.58, 34.51, 22.63, 780.84, 90, 84, 18105108
3.58, 34.51, 22.41, 773.40, 91, 84, 18116940
3.58, 34.83, 22.36, 778.81, 91, 84, 18128768
3.59, 35.16, 22.55, 792.73, 91, 84, 18140596
3.60, 33.85, 22.55, 763.37, 91, 84, 18152452
3.61, 35.16, 22.39, 787.04, 91, 85, 18164260
3.62, 35.48, 22.66, 803.90, 91, 84, 18176100
3.63, 35.48, 22.68, 804.85, 91, 84, 18187924
3.64, 35.48, 22.36, 793.37, 91, 84, 18199760
3.64, 35.16, 22.68, 797.47, 91, 84, 18211584
3.64, 35.48, 22.47, 797.20, 91, 84, 18223424
3.65, 35.48, 22.39, 794.33, 91, 84, 18235248
3.65, 35.48, 22.63, 802.94, 91, 84, 18247080
3.65, 35.48, 22.47, 797.20, 91, 84, 18258916
3.65, 35.48, 22.58, 801.03, 91, 84, 18270736
3.66, 35.48, 22.36, 793.37, 91, 84, 18282572
3.66, 35.48, 22.55, 800.07, 91, 84, 18294396
3.66, 35.48, 22.44, 796.24, 91, 84, 18306228
3.66, 35.81, 22.55, 807.41, 92, 84, 18318056
3.66, 35.81, 22.36, 800.65, 92, 84, 18329892
3.67, 35.81, 22.55, 807.41, 92, 84, 18341716
3.67, 35.16, 22.58, 793.68, 92, 84, 18353544
3.68, 36.13, 22.44, 810.85, 92, 84, 18365380
3.69, 36.13, 22.63, 817.67, 92, 84, 18377204
3.69, 36.13, 22.58, 815.72, 92, 84, 18389040
3.69, 36.13, 22.60, 816.70, 92, 84, 18400860
3.70, 34.83, 22.58, 786.33, 92, 84, 18412696
3.70, 36.13, 22.58, 815.72, 92, 84, 18424520
3.71, 36.13, 22.41, 809.88, 92, 84, 18436356
3.71, 36.13, 22.41, 809.88, 92, 84, 18448180
3.71, 36.13, 22.41, 809.88, 92, 84, 18460012
3.71, 35.48, 22.63, 802.94, 92, 84, 18471840
3.71, 36.13, 22.41, 809.88, 92, 84, 18483672
3.71, 36.13, 22.39, 808.90, 92, 84, 18495508
3.71, 36.13, 22.41, 809.88, 92, 84, 18507336
3.71, 36.46, 22.58, 823.07, 93, 84, 18519172
3.71, 36.46, 22.33, 814.22, 93, 84, 18531000
3.72, 36.78, 22.39, 823.48, 93, 84, 18542836
3.73, 36.78, 22.33, 821.49, 93, 84, 18554660
3.74, 37.11, 22.39, 830.76, 93, 84, 18566492
3.75, 37.11, 22.74, 843.78, 93, 84, 18578324
3.76, 37.11, 22.52, 835.77, 93, 84, 18590156
3.76, 37.11, 22.47, 833.77, 93, 84, 18601992
3.77, 36.78, 22.60, 831.41, 93, 84, 18613816
3.77, 37.11, 22.39, 830.76, 93, 84, 18625652
3.77, 37.11, 22.41, 831.77, 93, 84, 18637476
3.77, 37.11, 22.58, 837.77, 93, 84, 18649316
3.78, 37.43, 22.47, 841.08, 93, 84, 18661140
3.78, 36.13, 22.74, 821.57, 93, 84, 18672972
3.78, 37.43, 22.47, 841.08, 93, 84, 18684804
3.78, 37.43, 22.36, 837.04, 93, 84, 18696632
3.78, 37.43, 22.55, 844.11, 93, 84, 18708468
3.78, 37.43, 22.41, 839.06, 94, 84, 18720292
3.79, 36.78, 22.98, 845.30, 94, 84, 18732128
3.79, 37.76, 22.33, 843.30, 94, 84, 18743952
3.80, 37.76, 22.36, 844.32, 94, 84, 18755788
3.80, 37.76, 22.36, 844.32, 94, 84, 18767612
3.81, 37.76, 22.52, 850.43, 94, 84, 18779448
3.82, 37.76, 22.39, 845.34, 94, 84, 18791272
3.82, 38.09, 22.49, 856.74, 94, 84, 18803096
3.82, 38.09, 22.39, 852.63, 94, 84, 18814932
3.83, 38.09, 22.36, 851.60, 94, 84, 18826760
3.83, 38.09, 22.52, 857.76, 94, 84, 18838596
3.83, 38.09, 22.55, 858.79, 94, 84, 18850420
3.83, 38.09, 22.39, 852.63, 94, 84, 18862252
3.83, 37.76, 22.36, 844.32, 94, 84, 18874076
3.84, 38.09, 22.36, 851.60, 94, 84, 18885912
3.84, 38.09, 22.66, 862.90, 94, 84, 18897736
3.84, 38.09, 22.44, 854.68, 94, 84, 18909564
3.84, 38.09, 22.39, 852.63, 95, 84, 18921392
3.84, 36.78, 22.52, 828.44, 95, 84, 18933224
3.83, 38.09, 22.36, 851.60, 95, 84, 18945056
3.83, 38.09, 22.58, 859.82, 95, 84, 18956880
3.84, 38.09, 22.60, 860.84, 95, 84, 18968716
3.84, 38.09, 22.41, 853.65, 95, 84, 18980544
3.84, 36.78, 22.55, 829.43, 95, 84, 18992392
3.84, 38.09, 22.33, 850.57, 95, 84, 19004200
3.84, 38.09, 22.41, 853.65, 95, 84, 19016032
3.84, 38.09, 22.55, 858.79, 95, 84, 19027860
3.84, 38.09, 22.41, 853.65, 95, 84, 19039692
3.84, 38.41, 22.44, 861.99, 95, 84, 19051532
3.84, 38.09, 22.36, 851.60, 95, 84, 19063356
3.84, 38.09, 22.33, 850.57, 95, 84, 19075192
3.84, 38.09, 22.58, 859.82, 95, 84, 19087020
3.84, 38.09, 22.68, 863.93, 95, 84, 19098856
3.84, 38.09, 22.39, 852.63, 95, 84, 19110684
3.84, 38.09, 22.36, 851.60, 96, 84, 19122508
3.84, 38.09, 22.31, 849.54, 96, 84, 19134364
3.84, 39.06, 22.28, 870.27, 96, 84, 19146176
3.85, 39.39, 22.36, 880.71, 96, 84, 19158012
3.88, 39.06, 22.58, 881.86, 96, 84, 19169836
3.91, 39.06, 22.36, 873.43, 96, 84, 19181672
3.90, 37.43, 22.63, 847.14, 96, 84, 19193492
3.89, 38.74, 22.39, 867.20, 96, 84, 19205332
3.88, 38.41, 22.52, 865.09, 96, 84, 19217156
3.87, 38.41, 22.39, 859.91, 96, 84, 19228988
3.87, 38.41, 22.39, 859.91, 96, 84, 19240812
3.86, 37.11, 22.58, 837.77, 96, 84, 19252648
3.86, 38.41, 22.36, 858.88, 96, 84, 19264480
3.85, 38.41, 22.36, 858.88, 96, 84, 19276300
3.85, 38.09, 22.39, 852.63, 96, 84, 19288136
3.85, 38.09, 22.39, 852.63, 96, 84, 19299964
3.84, 37.76, 22.47, 848.39, 96, 84, 19311800
3.84, 39.06, 22.25, 869.22, 97, 84, 19323628
3.84, 39.71, 22.23, 882.64, 97, 84, 19335464
3.88, 40.36, 22.23, 897.11, 97, 84, 19347288
3.92, 40.69, 22.41, 912.02, 97, 84, 19359124
3.95, 41.02, 22.44, 920.43, 97, 84, 19370960
3.98, 41.34, 22.52, 931.08, 97, 84, 19382784
4.00, 41.34, 22.25, 919.93, 97, 84, 19394640
4.02, 41.67, 22.28, 928.29, 97, 84, 19406444
4.03, 41.67, 22.33, 930.54, 97, 84, 19418288
4.04, 41.67, 22.31, 929.42, 97, 84, 19430112
4.05, 41.99, 22.28, 935.54, 97, 84, 19441952
4.06, 41.34, 22.39, 925.50, 97, 84, 19453776
4.06, 41.99, 22.33, 937.81, 97, 84, 19465608
4.07, 41.99, 22.44, 942.34, 97, 84, 19477444
4.07, 41.99, 22.47, 943.47, 97, 84, 19489268
4.08, 41.99, 22.52, 945.74, 97, 84, 19501108
4.08, 40.69, 22.71, 924.10, 97, 84, 19512928
4.08, 41.99, 22.52, 945.74, 98, 84, 19524768
4.08, 41.99, 22.47, 943.47, 98, 84, 19536592
4.08, 41.99, 22.47, 943.47, 98, 84, 19548428
4.08, 41.99, 22.52, 945.74, 98, 84, 19560252
4.08, 41.34, 22.49, 929.96, 98, 84, 19572080
4.08, 41.99, 22.33, 937.81, 98, 84, 19583908
4.08, 41.99, 22.28, 935.54, 98, 84, 19595740
4.08, 41.99, 22.28, 935.54, 98, 84, 19607576
4.09, 41.99, 22.28, 935.54, 98, 84, 19619396
4.09, 41.99, 22.28, 935.54, 98, 84, 19631232
4.09, 41.99, 22.31, 936.68, 98, 84, 19643060
4.09, 41.99, 22.47, 943.47, 98, 84, 19654896
4.09, 41.99, 22.55, 946.87, 98, 84, 19666724
4.08, 41.99, 22.52, 945.74, 98, 84, 19678556
4.08, 41.99, 22.36, 938.94, 98, 84, 19690384
4.08, 41.99, 22.28, 935.54, 98, 84, 19702212
4.08, 41.67, 22.36, 931.66, 98, 84, 19714048
4.09, 41.99, 22.28, 935.54, 99, 85, 19725872
4.09, 41.99, 22.28, 935.54, 99, 84, 19737708
4.08, 41.99, 22.31, 936.68, 99, 84, 19749532
4.08, 41.99, 22.31, 936.68, 99, 84, 19761368
4.08, 40.69, 22.63, 920.80, 99, 84, 19773188
4.08, 41.99, 22.47, 943.47, 99, 84, 19785024
4.08, 41.99, 22.47, 943.47, 99, 84, 19796848
4.08, 41.99, 22.47, 943.47, 99, 84, 19808676
4.08, 41.99, 22.33, 937.81, 99, 84, 19820512
4.08, 41.02, 22.47, 921.53, 99, 84, 19832348
4.08, 41.99, 22.28, 935.54, 99, 84, 19844172
4.08, 41.99, 22.28, 935.54, 99, 84, 19855992
4.08, 41.99, 22.28, 935.54, 99, 84, 19867832
4.08, 41.99, 22.28, 935.54, 99, 84, 19879656
4.08, 41.99, 22.28, 935.54, 99, 84, 19891488
4.08, 41.99, 22.31, 936.68, 99, 84, 19903312
4.08, 41.99, 22.31, 936.68, 99, 84, 19915140
4.08, 41.99, 22.41, 941.21, 100, 84, 19926972
4.08, 41.99, 22.31, 936.68, 100, 84, 19938796
4.08, 41.99, 22.49, 944.61, 100, 84, 19950636
4.08, 41.99, 22.47, 943.47, 100, 84, 19962456
4.08, 41.67, 22.44, 935.04, 100, 84, 19974296
4.08, 41.99, 22.47, 943.47, 100, 84, 19986116
4.07, 41.99, 22.28, 935.54, 100, 84, 19997952
4.07, 41.99, 22.33, 937.81, 100, 84, 20009772
4.07, 41.99, 22.28, 935.54, 100, 84, 20021604
4.08, 40.69, 22.44, 913.12, 100, 84, 20033436
4.08, 41.99, 22.28, 935.54, 100, 84, 20045264
4.08, 41.99, 22.25, 934.41, 100, 84, 20057096
4.07, 41.99, 22.25, 934.41, 100, 84, 20068924
4.07, 41.99, 22.28, 935.54, 100, 84, 20080756
4.07, 40.69, 22.47, 914.22, 100, 84, 20092596
4.07, 41.99, 22.28, 935.54, 100, 84, 20104412
4.07, 41.99, 22.28, 935.54, 100, 84, 20116236
4.07, 41.99, 22.28, 935.54, 100, 84, 20128072
4.07, 41.99, 22.28, 935.54, 100, 84, 20139896
4.07, 41.99, 22.36, 938.94, 100, 84, 20151724
4.07, 41.99, 22.28, 935.54, 100, 84, 20163560
4.07, 41.99, 22.31, 936.68, 100, 84, 20175388
4.07, 41.99, 22.31, 936.68, 100, 84, 20187224
4.07, 41.99, 22.28, 935.54, 100, 84, 20199040
4.07, 41.99, 22.39, 940.08, 100, 84, 20210880
4.07, 41.99, 22.31, 936.68, 100, 84, 20222704
4.06, 41.99, 22.47, 943.47, 100, 84, 20234556
4.07, 41.99, 22.31, 936.68, 100, 85, 20246364
4.07, 41.99, 22.39, 940.08, 100, 84, 20258192
4.07, 41.99, 22.39, 940.08, 100, 84, 20270028
4.07, 41.99, 22.41, 941.21, 100, 84, 20281848
4.07, 40.69, 22.49, 915.32, 100, 84, 20293684
4.07, 41.99, 22.47, 943.47, 100, 84, 20305508
4.07, 41.99, 22.39, 940.08, 100, 84, 20317344
4.07, 41.99, 22.36, 938.94, 100, 84, 20329168
4.07, 41.99, 22.41, 941.21, 100, 84, 20341004
4.07, 40.69, 22.60, 919.71, 100, 84, 20352844
4.07, 41.99, 22.41, 941.21, 100, 84, 20364656
4.07, 41.99, 22.52, 945.74, 100, 84, 20376488
4.07, 41.99, 22.52, 945.74, 100, 84, 20388316
4.07, 41.99, 22.47, 943.47, 100, 84, 20400156
4.07, 41.67, 22.49, 937.28, 100, 84, 20411984
4.06, 41.99, 22.41, 941.21, 100, 84, 20423820
4.07, 41.99, 22.39, 940.08, 100, 84, 20435644
4.07, 41.99, 22.41, 941.21, 100, 84, 20447480
4.07, 41.99, 22.52, 945.74, 100, 84, 20459304
4.07, 41.99, 22.47, 943.47, 100, 84, 20471132
4.07, 41.99, 22.47, 943.47, 100, 84, 20482964
4.07, 41.99, 22.39, 940.08, 100, 84, 20494812
4.07, 41.99, 22.47, 943.47, 100, 84, 20506628
4.07, 41.99, 22.41, 941.21, 100, 84, 20518448
4.07, 41.99, 22.49, 944.61, 100, 84, 20530284
4.07, 41.99, 22.41, 941.21, 100, 84, 20542104
4.07, 41.34, 22.49, 929.96, 100, 84, 20553940
4.07, 41.99, 22.31, 936.68, 100, 84, 20565764
4.07, 41.99, 22.44, 942.34, 100, 84, 20577600
4.06, 41.99, 22.28, 935.54, 100, 84, 20589424
4.06, 41.99, 22.28, 935.54, 100, 84, 20601248
4.07, 40.69, 22.47, 914.22, 100, 84, 20613088
4.07, 41.99, 22.25, 934.41, 100, 84, 20624908
4.06, 41.99, 22.25, 934.41, 100, 84, 20636744
4.06, 41.99, 22.25, 934.41, 100, 84, 20648568
4.07, 41.99, 22.25, 934.41, 100, 84, 20660400
4.07, 41.34, 22.39, 925.50, 100, 84, 20672224
4.06, 41.99, 22.28, 935.54, 100, 84, 20684060
4.06, 41.99, 22.36, 938.94, 100, 84, 20695884
4.06, 41.99, 22.41, 941.21, 100, 84, 20707712
4.06, 41.99, 22.47, 943.47, 100, 84, 20719548
4.06, 41.99, 22.49, 944.61, 100, 84, 20731372
4.06, 41.99, 22.36, 938.94, 100, 84, 20743208
4.06, 41.99, 22.39, 940.08, 100, 84, 20755036
4.06, 41.99, 22.41, 941.21, 100, 84, 20766868
4.06, 41.99, 22.44, 942.34, 100, 84, 20778692
4.06, 41.99, 22.28, 935.54, 100, 84, 20790528
4.06, 41.99, 22.25, 934.41, 100, 84, 20802352
4.06, 41.02, 22.33, 916.00, 100, 84, 20814184
4.06, 41.99, 22.25, 934.41, 100, 84, 20826012
4.06, 41.99, 22.25, 934.41, 100, 84, 20837844
4.06, 41.99, 22.23, 933.28, 100, 84, 20849684
4.06, 41.99, 22.25, 934.41, 100, 84, 20861508
4.06, 40.69, 22.44, 913.12, 100, 84, 20873344
4.05, 41.99, 22.33, 937.81, 100, 84, 20885168
4.05, 41.99, 22.47, 943.47, 100, 84, 20897004
4.06, 41.99, 22.49, 944.61, 100, 84, 20908828
4.06, 41.99, 22.33, 937.81, 100, 84, 20920656
STOP
4.05, 41.34, 22.44, 927.73, 0, 84, 20932484
4.05, 37.76, 22.85, 862.65, 0, 84, 20944316
4.02, 34.18, 22.93, 783.62, 0, 84, 20956152
3.82, 30.60, 22.98, 703.17, 0, 84, 20967976
3.59, 27.67, 23.01, 636.59, 0, 84, 20979812
3.37, 24.74, 23.01, 569.19, 0, 84, 20991636
3.15, 22.46, 23.03, 517.37, 0, 84, 21003468
2.97, 20.18, 23.03, 464.88, 0, 84, 21015292
2.82, 18.23, 23.03, 419.90, 0, 84, 21027128
2.66, 16.60, 23.03, 382.40, 0, 84, 21038952
2.50, 14.97, 23.03, 344.91, 0, 84, 21050780
2.38, 13.35, 23.03, 307.42, 0, 84, 21062616
2.27, 12.04, 23.03, 277.43, 0, 84, 21074440
2.16, 11.07, 23.03, 254.94, 0, 84, 21086280
2.05, 10.09, 23.03, 232.44, 0, 84, 21098104
1.95, 9.11, 23.03, 209.95, 0, 84, 21109940
1.87, 8.14, 23.03, 187.45, 0, 84, 21121764
1.78, 7.49, 23.03, 172.46, 0, 84, 21133620
1.69, 6.51, 23.03, 149.96, 0, 85, 21145420
1.62, 5.86, 23.03, 134.97, 0, 84, 21157256
1.57, 5.53, 23.03, 127.47, 0, 84, 21169092
1.50, 4.88, 23.06, 112.60, 0, 84, 21180920
1.44, 2.93, 23.17, 67.88, 0, 84, 21192772
1.39, 3.91, 23.06, 90.08, 0, 85, 21204580
1.33, 3.58, 23.06, 82.58, 0, 84, 21216416
1.28, 3.26, 23.06, 75.07, 0, 84, 21228240
1.23, 2.93, 23.06, 67.56, 0, 84, 21240080
1.20, 2.60, 23.12, 60.20, 0, 84, 21251900
1.17, 2.28, 23.06, 52.55, 0, 84, 21263728
1.13, 1.95, 23.06, 45.04, 0, 84, 21275556
1.09, 1.95, 23.06, 45.04, 0, 84, 21287388
1.06, 1.63, 23.06, 37.53, 0, 84, 21299224
1.02, 1.63, 23.06, 37.53, 0, 84, 21311044
0.99, 1.30, 23.06, 30.03, 0, 84, 21322880
0.95, 1.30, 23.06, 30.03, 0, 84, 21334704
0.93, 0.98, 23.06, 22.52, 0, 84, 21346544
0.90, 0.98, 23.06, 22.52, 0, 84, 21358368
0.87, 0.98, 23.06, 22.52, 0, 84, 21370200
0.84, 0.65, 23.06, 15.01, 0, 84, 21382032
0.81, 0.65, 23.06, 15.01, 0, 84, 21393880
0.78, 0.65, 23.06, 15.01, 0, 84, 21405696
0.76, 0.65, 23.06, 15.01, 0, 84, 21417520
0.73, 0.33, 23.06, 7.51, 0, 84, 21429356
0.72, 0.33, 23.06, 7.51, 0, 84, 21441184
0.70, -0.65, 23.17, -15.08, 0, 84, 21453028
0.67, 0.33, 23.06, 7.51, 0, 84, 21464836
0.65, 0.33, 23.06, 7.51, 0, 84, 21476672
0.64, 0.33, 23.06, 7.51, 0, 84, 21488496
0.62, -0.00, 23.09, -0.00, 0, 84, 21500324
0.59, -0.33, 23.14, -7.53, 0, 84, 21512160
0.58, -0.00, 23.06, -0.00, 0, 84, 21523984
0.57, -0.00, 23.09, -0.00, 0, 84, 21535816
0.55, -0.00, 23.09, -0.00, 0, 84, 21547644
0.54, -0.00, 23.06, -0.00, 0, 84, 21559476
0.53, -0.00, 23.06, -0.00, 0, 84, 21571300
0.51, -0.00, 23.09, -0.00, 0, 84, 21583132
0.49, -0.00, 23.09, -0.00, 0, 84, 21594960
0.48, -0.00, 23.09, -0.00, 0, 84, 21606788
0.46, -0.00, 23.09, -0.00, 0, 84, 21618620
0.45, -0.00, 23.09, -0.00, 0, 84, 21630444
0.44, -0.00, 23.09, -0.00, 0, 84, 21642280
0.42, -0.33, 23.09, -7.52, 0, 84, 21654104
0.42, -0.00, 23.09, -0.00, 0, 84, 21665944
0.41, -0.33, 23.09, -7.52, 0, 84, 21677768
0.39, -0.33, 23.09, -7.52, 0, 84, 21689608
0.39, -0.33, 23.09, -7.52, 0, 84, 21701432
0.36, -0.65, 23.14, -15.07, 0, 84, 21713264
0.37, -0.33, 23.09, -7.52, 0, 85, 21725092
0.35, -0.33, 23.09, -7.52, 0, 84, 21736924
0.34, -0.33, 23.09, -7.52, 0, 84, 21748760
0.33, -0.33, 23.09, -7.52, 0, 84, 21760580
0.33, -1.30, 23.20, -30.20, 0, 84, 21772416
0.32, -0.33, 23.09, -7.52, 0, 84, 21784244
0.31, -0.33, 23.09, -7.52, 0, 84, 21796076
0.31, -0.33, 23.09, -7.52, 0, 84, 21807904
0.29, -0.33, 23.09, -7.52, 0, 84, 21819736
0.29, -0.33, 23.09, -7.52, 0, 84, 21831564
0.28, -0.33, 23.09, -7.52, 0, 84, 21843392
0.29, -0.33, 23.09, -7.52, 0, 84, 21855232
0.27, -0.33, 23.09, -7.52, 0, 84, 21867052
0.27, -0.33, 23.09, -7.52, 0, 84, 21878892
0.25, -0.33, 23.09, -7.52, 0, 84, 21890720
0.26, -0.33, 23.09, -7.52, 0, 84, 21902552
0.24, -0.33, 23.09, -7.52, 0, 84, 21914380
0.25, -0.33, 23.09, -7.52, 0, 84, 21926216
0.23, -0.33, 23.09, -7.52, 0, 84, 21938040
0.23, -0.33, 23.09, -7.52, 0, 84, 21949872
0.22, -0.33, 23.09, -7.52, 0, 84, 21961708
0.22, -0.65, 23.09, -15.03, 0, 84, 21973532
0.21, -0.33, 23.09, -7.52, 0, 84, 21985372
0.21, -0.33, 23.09, -7.52, 0, 84, 21997192
0.20, -0.33, 23.09, -7.52, 0, 84, 22009028
0.20, -0.33, 23.09, -7.52, 0, 84, 22020856
0.20, -1.30, 23.28, -30.31, 0, 84, 22032692
0.20, -0.33, 23.09, -7.52, 0, 84, 22044516
0.19, -0.33, 23.09, -7.52, 0, 84, 22056344
0.19, -0.33, 23.09, -7.52, 0, 84, 22068180
0.18, -0.33, 23.09, -7.52, 0, 84, 22080004
0.18, -0.33, 23.09, -7.52, 0, 84, 22091840
0.17, -0.33, 23.09, -7.52, 0, 85, 22103660
0.16, -0.33, 23.09, -7.52, 0, 84, 22115492
0.17, -0.33, 23.09, -7.52, 0, 84, 22127316
0.16, -0.33, 23.09, -7.52, 0, 84, 22139152
0.17, -0.33, 23.09, -7.52, 0, 84, 22150976
0.16, -0.33, 23.09, -7.52, 0, 84, 22162804
0.16, -0.33, 23.09, -7.52, 0, 84, 22174632
0.15, -0.33, 23.12, -7.52, 0, 84, 22186464
0.15, -0.33, 23.09, -7.52, 0, 84, 22198296
0.14, -0.33, 23.12, -7.52, 0, 84, 22210124
0.14, -0.33, 23.09, -7.52, 0, 84, 22221960
0.14, -0.33, 23.12, -7.52, 0, 84, 22233804
0.14, -0.33, 23.12, -7.52, 0, 84, 22245620
0.14, -0.33, 23.12, -7.52, 0, 84, 22257444
0.13, -0.33, 23.12, -7.52, 0, 84, 22269272
0.13, -0.33, 23.12, -7.52, 0, 84, 22281104
0.13, -1.95, 23.22, -45.36, 0, 84, 22292948
0.12, -0.33, 23.12, -7.52, 0, 84, 22304768
0.12, -0.33, 23.12, -7.52, 0, 84, 22316596
0.12, -0.33, 23.12, -7.52, 0, 84, 22328432
0.11, -0.33, 23.12, -7.52, 0, 84, 22340256
0.12, -0.33, 23.17, -7.54, 0, 84, 22352092
0.12, -0.33, 23.12, -7.52, 0, 84, 22363920
0.11, -0.33, 23.12, -7.52, 0, 84, 22375756
0.11, -0.33, 23.12, -7.52, 0, 84, 22387576
0.11, -0.33, 23.12, -7.52, 0, 84, 22399408
0.10, -0.33, 23.12, -7.52, 0, 84, 22411240
0.10, -0.33, 23.12, -7.52, 0, 84, 22423068
0.11, -0.33, 23.12, -7.52, 0, 84, 22434900
0.10, -0.33, 23.12, -7.52, 0, 84, 22446720
0.09, -0.33, 23.12, -7.52, 0, 84, 22458560
0.10, -0.33, 23.12, -7.52, 0, 84, 22470384
0.10, -0.33, 23.12, -7.52, 0, 84, 22482220
0.09, -0.33, 23.12, -7.52, 0, 84, 22494068
0.09, -0.33, 23.12, -7.52, 0, 84, 22505880
0.09, -0.33, 23.12, -7.52, 0, 84, 22517716
0.08, -0.33, 23.12, -7.52, 0, 84, 22529540
0.09, -0.33, 23.12, -7.52, 0, 84, 22541376
0.09, -1.30, 23.22, -30.24, 0, 84, 22553220
0.08, -0.33, 23.12, -7.52, 0, 84, 22565040
0.08, -0.33, 23.12, -7.52, 0, 84, 22576868
0.09, -0.33, 23.12, -7.52, 0, 84, 22588704
0.08, -0.33, 23.12, -7.52, 0, 84, 22600524
0.07, -0.65, 23.20, -15.10, 0, 84, 22612356
0.08, -0.33, 23.12, -7.52, 0, 84, 22624192
0.08, -0.33, 23.12, -7.52, 0, 84, 22636012
0.08, -0.33, 23.12, -7.52, 0, 84, 22647852
0.07, -0.33, 23.12, -7.52, 0, 84, 22659676
0.08, -0.33, 23.12, -7.52, 0, 84, 22671512
0.08, -0.33, 23.12, -7.52, 0, 84, 22683340
0.06, -0.33, 23.12, -7.52, 0, 84, 22695176
0.06, -0.33, 23.12, -7.52, 0, 84, 22707000
0.07, -0.33, 23.12, -7.52, 0, 84, 22718832
0.07, -0.33, 23.12, -7.52, 0, 84, 22730664
0.06, -0.33, 23.12, -7.52, 0, 84, 22742496
0.06, -0.33, 23.12, -7.52, 0, 84, 22754332
0.07, -0.33, 23.12, -7.52, 0, 84, 22766160
0.07, -0.33, 23.12, -7.52, 0, 84, 22777996
0.06, -0.33, 23.12, -7.52, 0, 84, 22789820
0.06, -0.33, 23.12, -7.52, 0, 84, 22801656
0.06, -0.98, 23.17, -22.63, 0, 84, 22813484
0.06, -0.33, 23.12, -7.52, 0, 84, 22825316
0.06, -0.33, 23.12, -7.52, 0, 84, 22837144
0.05, -0.33, 23.12, -7.52, 0, 84, 22848976
0.06, -0.33, 23.12, -7.52, 0, 84, 22860812
0.06, -1.30, 23.22, -30.24, 0, 84, 22872636
0.06, -0.33, 23.12, -7.52, 0, 84, 22884476
0.05, -0.33, 23.12, -7.52, 0, 84, 22896300
0.05, -0.33, 23.12, -7.52, 0, 84, 22908136
0.06, -0.33, 23.12, -7.52, 0, 84, 22919960
0.06, -0.33, 23.12, -7.52, 0, 84, 22931792
0.05, -0.33, 23.12, -7.52, 0, 84, 22943616
0.05, -0.33, 23.12, -7.52, 0, 84, 22955444
0.05, -0.33, 23.12, -7.52, 0, 84, 22967280
0.05, -0.33, 23.12, -7.52, 0, 84, 22979100
0.05, -0.33, 23.12, -7.52, 0, 84, 22990936
0.04, -0.33, 23.12, -7.52, 0, 84, 23002760
0.04, -0.33, 23.12, -7.52, 0, 84, 23014596
0.05, -0.33, 23.12, -7.52, 0, 84, 23026416
0.05, -0.33, 23.12, -7.52, 0, 84, 23038252
0.05, -0.33, 23.12, -7.52, 0, 84, 23050076
0.04, -0.33, 23.12, -7.52, 0, 84, 23061904
0.04, -0.65, 23.12, -15.05, 0, 84, 23073736
0.05, -0.33, 23.12, -7.52, 0, 84, 23085560
0.05, -0.33, 23.12, -7.52, 0, 84, 23097400
0.04, -0.33, 23.12, -7.52, 0, 84, 23109220
0.03, -0.33, 23.12, -7.52, 0, 84, 23121056
0.04, -1.30, 23.30, -30.34, 0, 84, 23132880
0.05, -0.33, 23.14, -7.53, 0, 84, 23144716
0.05, -0.33, 23.12, -7.52, 0, 84, 23156536
0.04, -0.33, 23.12, -7.52, 0, 84, 23168364
0.04, -0.33, 23.12, -7.52, 0, 84, 23180192
0.03, -0.33, 23.14, -7.53, 0, 84, 23192020
0.04, -0.33, 23.12, -7.52, 0, 84, 23203860
0.04, -0.33, 23.12, -7.52, 0, 84, 23215684
0.04, -0.33, 23.12, -7.52, 0, 84, 23227520
0.03, -0.33, 23.12, -7.52, 0, 84, 23239336
0.03, -0.33, 23.12, -7.52, 0, 84, 23251176
0.04, -0.33, 23.14, -7.53, 0, 84, 23262996
0.04, -0.33, 23.12, -7.52, 0, 84, 23274832
0.04, -0.33, 23.12, -7.52, 0, 84, 23286660
0.03, -0.33, 23.14, -7.53, 0, 84, 23298488
0.03, -0.33, 23.14, -7.53, 0, 84, 23310324
0.03, -0.33, 23.14, -7.53, 0, 84, 23322152
0.03, -0.33, 23.14, -7.53, 0, 84, 23334008
0.03, -0.33, 23.14, -7.53, 0, 84, 23345812
0.04, -0.33, 23.12, -7.52, 0, 84, 23357648
0.04, -0.33, 23.14, -7.53, 0, 84, 23369472
0.04, -0.33, 23.14, -7.53, 0, 84, 23381304
0.03, -1.95, 23.25, -45.41, 0, 84, 23393144
0.03, -0.33, 23.14, -7.53, 0, 84, 23404960
0.03, -0.33, 23.14, -7.53, 0, 84, 23416800
0.03, -0.33, 23.14, -7.53, 0, 84, 23428620
0.03, -0.33, 23.14, -7.53, 0, 84, 23440456
0.03, -0.33, 23.20, -7.55, 0, 84, 23452280
0.03, -0.33, 23.14, -7.53, 0, 84, 23464116
0.03, -0.33, 23.14, -7.53, 0, 84, 23475944
0.03, -0.33, 23.14, -7.53, 0, 84, 23487784
0.03, -0.33, 23.14, -7.53, 0, 84, 23499604
0.03, -0.33, 23.14, -7.53, 0, 84, 23511440
0.03, -0.33, 23.14, -7.53, 0, 84, 23523276
0.03, -0.33, 23.14, -7.53, 0, 84, 23535100
0.03, -0.33, 23.14, -7.53, 0, 84, 23546936
0.03, -0.33, 23.14, -7.53, 0, 84, 23558764
0.03, -0.33, 23.14, -7.53, 0, 84, 23570600
0.03, -0.33, 23.14, -7.53, 0, 84, 23582428
0.03, -0.33, 23.14, -7.53, 0, 84, 23594284
0.02, -0.33, 23.14, -7.53, 0, 84, 23606092
0.02, -0.33, 23.14, -7.53, 0, 84, 23617920
0.02, -0.33, 23.14, -7.53, 0, 84, 23629760
0.02, -0.33, 23.14, -7.53, 0, 84, 23641584
0.03, -1.30, 23.25, -30.27, 0, 84, 23653436
0.03, -0.33, 23.14, -7.53, 0, 84, 23665244
0.03, -0.33, 23.14, -7.53, 0, 84, 23677080
0.03, -0.33, 23.14, -7.53, 0, 84, 23688904
0.02, -0.33, 23.14, -7.53, 0, 84, 23700736
0.02, -0.65, 23.22, -15.12, 0, 84, 23712564
0.02, -0.33, 23.14, -7.53, 0, 84, 23724396
0.02, -0.33, 23.14, -7.53, 0, 84, 23736224
0.03, -0.33, 23.14, -7.53, 0, 84, 23748060
0.03, -0.33, 23.14, -7.53, 0, 84, 23759892
0.03, -0.33, 23.14, -7.53, 0, 84, 23771720
0.03, -0.33, 23.14, -7.53, 0, 84, 23783552
0.02, -0.33, 23.14, -7.53, 0, 84, 23795376
0.02, -0.33, 23.14, -7.53, 0, 84, 23807216
0.02, -0.33, 23.14, -7.53, 0, 84, 23819036
0.02, -0.33, 23.14, -7.53, 0, 84, 23830868
0.02, -0.33, 23.14, -7.53, 0, 84, 23842696
0.02, -0.33, 23.14, -7.53, 0, 84, 23854524
0.03, -0.33, 23.14, -7.53, 0, 84, 23866360
