START
0.00, -0.65, 25.17, -16.38, 1, 19, 516
0.00, -0.65, 25.17, -16.38, 1, 151, 7164
0.00, -0.65, 25.17, -16.38, 1, 84, 18980
0.00, -0.65, 25.17, -16.38, 1, 84, 30832
0.00, -0.65, 25.17, -16.38, 1, 84, 42632
0.00, -0.65, 25.17, -16.38, 1, 84, 54472
0.00, -0.65, 25.17, -16.38, 1, 84, 66292
0.00, -0.65, 25.17, -16.38, 1, 84, 78124
0.00, -0.65, 25.17, -16.38, 1, 84, 89948
0.00, -0.65, 25.17, -16.38, 1, 84, 101772
0.00, -0.65, 25.17, -16.38, 1, 84, 113604
0.00, -0.65, 25.17, -16.38, 1, 84, 125424
0.00, -0.65, 25.17, -16.38, 1, 84, 137260
0.00, -0.65, 25.17, -16.38, 1, 84, 149084
0.00, -0.65, 25.17, -16.38, 1, 84, 160916
0.00, -0.65, 25.17, -16.38, 1, 84, 172736
0.00, -0.65, 25.17, -16.38, 1, 84, 184564
0.00, -0.65, 25.17, -16.38, 1, 84, 196388
-0.00, -0.65, 25.17, -16.38, 1, 84, 208216
-0.00, -0.65, 25.17, -16.38, 2, 84, 220040
0.00, -0.65, 25.17, -16.38, 2, 85, 231840
0.00, -0.65, 25.17, -16.38, 2, 84, 243700
-0.00, -0.65, 25.17, -16.38, 2, 84, 255524
0.00, -0.65, 25.17, -16.38, 2, 84, 267352
0.00, -0.65, 25.17, -16.38, 2, 84, 279176
0.00, -0.65, 25.17, -16.38, 2, 84, 291008
0.00, -0.65, 25.17, -16.38, 2, 84, 302828
0.00, -0.65, 25.17, -16.38, 2, 84, 314660
0.00, -0.65, 25.17, -16.38, 2, 84, 326480
-0.00, -0.65, 25.17, -16.38, 2, 84, 338308
0.00, -0.65, 25.17, -16.38, 2, 84, 350140
0.00, -0.65, 25.17, -16.38, 2, 84, 361960
0.00, -0.65, 25.17, -16.38, 2, 84, 373796
0.00, -0.65, 25.17, -16.38, 2, 84, 385616
0.00, -0.65, 25.17, -16.38, 2, 84, 397444
0.00, -0.65, 25.17, -16.38, 2, 84, 409268
0.00, -0.65, 25.17, -16.38, 3, 84, 421100
0.00, -0.65, 25.17, -16.38, 3, 84, 432920
0.00, -0.65, 25.17, -16.38, 3, 84, 444748
0.00, -0.65, 25.17, -16.38, 3, 84, 456576
0.00, -0.65, 25.17, -16.38, 3, 84, 468400
0.00, -0.65, 25.17, -16.38, 3, 84, 480236
0.00, -0.65, 25.17, -16.38, 3, 84, 492060
-0.00, -0.65, 25.17, -16.38, 3, 84, 503896
-0.00, -0.65, 25.17, -16.38, 3, 84, 515716
0.00, -0.65, 25.17, -16.38, 3, 84, 527552
0.00, -0.65, 25.17, -16.38, 3, 84, 539372
0.00, -0.65, 25.17, -16.38, 3, 84, 551208
0.00, -0.65, 25.17, -16.38, 3, 84, 563028
0.00, -0.65, 25.17, -16.38, 3, 84, 574852
0.00, -0.65, 25.17, -16.38, 3, 84, 586688
0.00, -0.65, 25.17, -16.38, 3, 84, 598512
0.00, -0.65, 25.17, -16.38, 3, 84, 610352
0.00, -0.65, 25.17, -16.38, 4, 85, 622176
-0.00, -0.65, 25.17, -16.38, 4, 84, 634016
0.00, -0.65, 25.17, -16.38, 4, 84, 645840
-0.00, -0.65, 25.17, -16.38, 4, 84, 657680
-0.00, -0.65, 25.19, -16.40, 4, 84, 669508
-0.00, -0.65, 25.17, -16.38, 4, 84, 681336
0.00, -0.65, 25.17, -16.38, 4, 84, 693164
0.00, -0.65, 25.17, -16.38, 4, 84, 704996
-0.00, -0.65, 25.17, -16.38, 4, 84, 716836
0.00, -0.65, 25.17, -16.38, 4, 84, 728656
0.00, -0.65, 25.17, -16.38, 4, 84, 740488
0.00, -0.65, 25.14, -16.37, 4, 84, 752320
-0.00, -0.65, 25.17, -16.38, 4, 84, 764156
-0.00, -0.65, 25.17, -16.38, 4, 84, 775976
-0.00, -0.65, 25.17, -16.38, 4, 84, 787808
0.00, -0.65, 25.17, -16.38, 4, 84, 799636
0.00, -0.65, 25.17, -16.38, 4, 84, 811468
0.00, -0.65, 25.17, -16.38, 5, 84, 823308
0.00, -0.65, 25.17, -16.38, 5, 84, 835128
0.00, -0.65, 25.17, -16.38, 5, 84, 846968
-0.00, -0.65, 25.17, -16.38, 5, 84, 858788
0.00, -0.65, 25.17, -16.38, 5, 84, 870624
0.00, -0.65, 25.17, -16.38, 5, 84, 882448
0.00, -0.65, 25.17, -16.38, 5, 84, 894284
0.00, -0.65, 25.17, -16.38, 5, 84, 906108
0.00, -0.65, 25.17, -16.38, 5, 84, 917940
0.00, -0.98, 25.19, -24.60, 5, 84, 929788
0.00, -0.65, 25.17, -16.38, 5, 85, 941600
0.00, -0.65, 25.17, -16.38, 5, 84, 953432
0.00, -0.65, 25.17, -16.38, 5, 84, 965260
0.00, -0.65, 25.17, -16.38, 5, 84, 977096
0.00, -0.65, 25.17, -16.38, 5, 84, 988920
0.00, -0.65, 25.17, -16.38, 5, 84, 1000756
0.00, -0.65, 25.17, -16.38, 5, 84, 1012580
0.00, -0.65, 25.17, -16.38, 6, 84, 1024412
0.00, -0.65, 25.17, -16.38, 6, 84, 1036244
0.00, -0.65, 25.17, -16.38, 6, 84, 1048072
0.00, -0.65, 25.17, -16.38, 6, 84, 1059904
0.00, -0.65, 25.17, -16.38, 6, 84, 1071732
0.00, -0.65, 25.17, -16.38, 6, 84, 1083568
0.00, -0.65, 25.17, -16.38, 6, 84, 1095392
0.00, -0.65, 25.17, -16.38, 6, 84, 1107232
0.00, -0.65, 25.17, -16.38, 6, 84, 1119060
0.00, -0.65, 25.17, -16.38, 6, 84, 1130908
0.00, -0.65, 25.17, -16.38, 6, 84, 1142728
0.00, -0.65, 25.17, -16.38, 6, 84, 1154556
0.00, -0.65, 25.17, -16.38, 6, 84, 1166396
0.00, -0.65, 25.17, -16.38, 6, 84, 1178220
0.00, -0.65, 25.17, -16.38, 6, 84, 1190068
0.00, -0.65, 25.17, -16.38, 6, 85, 1201884
0.00, -0.65, 25.17, -16.38, 6, 84, 1213720
0.00, -0.65, 25.17, -16.38, 7, 84, 1225548
0.00, -0.65, 25.17, -16.38, 7, 84, 1237380
0.00, -0.65, 25.17, -16.38, 7, 84, 1249220
0.00, -0.65, 25.17, -16.38, 7, 85, 1261044
0.00, -0.65, 25.17, -16.38, 7, 84, 1272880
0.00, -0.65, 25.17, -16.38, 7, 84, 1284704
0.00, -0.65, 25.17, -16.38, 7, 84, 1296548
0.00, -0.65, 25.17, -16.38, 7, 84, 1308372
0.00, -0.65, 25.17, -16.38, 7, 84, 1320212
0.00, -0.65, 25.17, -16.38, 7, 84, 1332036
0.00, -0.65, 25.17, -16.38, 7, 84, 1343868
0.00, -0.65, 25.17, -16.38, 7, 84, 1355696
0.00, -0.65, 25.17, -16.38, 7, 84, 1367528
0.00, -0.65, 25.17, -16.38, 7, 84, 1379364
0.00, -0.65, 25.17, -16.38, 7, 84, 1391192
0.00, -0.65, 25.17, -16.38, 7, 84, 1403024
0.00, -0.65, 25.17, -16.38, 7, 84, 1414848
0.00, -0.65, 25.17, -16.38, 8, 84, 1426684
0.00, -0.65, 25.17, -16.38, 8, 84, 1438508
0.00, -0.65, 25.17, -16.38, 8, 84, 1450340
0.00, -0.65, 25.17, -16.38, 8, 84, 1462168
0.00, -0.65, 25.17, -16.38, 8, 84, 1473996
0.00, -0.65, 25.17, -16.38, 8, 84, 1485836
0.00, -0.65, 25.17, -16.38, 8, 84, 1497656
0.00, -0.65, 25.17, -16.38, 8, 84, 1509496
0.00, -0.65, 25.17, -16.38, 8, 84, 1521320
0.00, -0.65, 25.17, -16.38, 8, 84, 1533156
0.00, -0.65, 25.17, -16.38, 8, 84, 1544980
0.00, -0.65, 25.17, -16.38, 8, 84, 1556812
0.00, -0.65, 25.17, -16.38, 8, 84, 1568640
0.00, -0.65, 25.17, -16.38, 8, 84, 1580468
0.00, -0.65, 25.17, -16.38, 8, 84, 1592304
0.00, -0.65, 25.17, -16.38, 8, 84, 1604128
0.00, -0.65, 25.17, -16.38, 8, 84, 1615964
0.00, -0.65, 25.17, -16.38, 9, 84, 1627792
0.00, -0.65, 25.17, -16.38, 9, 84, 1639628
0.00, -0.65, 25.14, -16.37, 9, 84, 1651452
0.00, -0.65, 25.17, -16.38, 9, 84, 1663292
0.00, -0.65, 25.14, -16.37, 9, 84, 1675120
0.00, -0.65, 25.14, -16.37, 9, 84, 1686952
0.00, -0.65, 25.17, -16.38, 9, 84, 1698788
0.00, -0.65, 25.17, -16.38, 9, 84, 1710612
0.01, -0.65, 25.14, -16.37, 9, 84, 1722448
0.00, -0.65, 25.17, -16.38, 9, 84, 1734268
0.01, -0.65, 25.17, -16.38, 9, 84, 1746108
0.00, -0.65, 25.17, -16.38, 9, 84, 1757928
0.01, -0.65, 25.19, -16.40, 9, 84, 1769780
0.00, -0.65, 25.14, -16.37, 9, 85, 1781588
0.01, -0.65, 25.17, -16.38, 9, 84, 1793420
0.00, -0.65, 25.17, -16.38, 9, 84, 1805256
0.01, -0.65, 25.17, -16.38, 9, 84, 1817076
0.00, -0.65, 25.17, -16.38, 10, 84, 1828916
0.01, -0.65, 25.14, -16.37, 10, 84, 1840740
0.00, -0.65, 25.14, -16.37, 10, 84, 1852572
0.01, -0.65, 25.17, -16.38, 10, 84, 1864400
0.00, -0.65, 25.17, -16.38, 10, 84, 1876240
0.01, -0.65, 25.14, -16.37, 10, 84, 1888064
0.01, -0.65, 25.17, -16.38, 10, 84, 1899896
0.01, -0.65, 25.17, -16.38, 10, 84, 1911728
0.01, -0.65, 25.14, -16.37, 10, 84, 1923560
0.01, -0.65, 25.14, -16.37, 10, 84, 1935400
0.01, -0.65, 25.14, -16.37, 10, 84, 1947220
0.01, -0.65, 25.17, -16.38, 10, 84, 1959060
0.01, -0.33, 25.17, -8.19, 10, 84, 1970900
0.01, -0.65, 25.17, -16.38, 10, 84, 1982720
0.01, -0.65, 25.17, -16.38, 10, 84, 1994544
0.01, -0.65, 25.14, -16.37, 10, 84, 2006372
0.01, -0.65, 25.17, -16.38, 10, 84, 2018208
0.01, -0.65, 25.19, -16.40, 11, 84, 2030056
0.01, -0.65, 25.17, -16.38, 11, 84, 2041876
0.01, -0.65, 25.17, -16.38, 11, 84, 2053700
0.01, -0.65, 25.14, -16.37, 11, 84, 2065540
0.01, -0.65, 25.17, -16.38, 11, 84, 2077368
0.01, -0.65, 25.17, -16.38, 11, 84, 2089204
0.01, -0.33, 25.14, -8.18, 11, 84, 2101028
0.01, -0.33, 25.17, -8.19, 11, 84, 2112860
0.01, -0.65, 25.17, -16.38, 11, 84, 2124692
0.01, -0.65, 25.14, -16.37, 11, 84, 2136520
0.01, -0.33, 25.14, -8.18, 11, 84, 2148360
0.01, -0.65, 25.17, -16.38, 11, 84, 2160184
0.01, -0.33, 25.17, -8.19, 11, 84, 2172020
0.01, -0.33, 25.14, -8.18, 11, 84, 2183848
0.01, -0.65, 25.17, -16.38, 11, 84, 2195684
0.01, -0.65, 25.14, -16.37, 11, 84, 2207508
0.01, -0.33, 25.17, -8.19, 11, 84, 2219340
0.01, -0.33, 25.14, -8.18, 12, 84, 2231180
0.01, -0.33, 25.17, -8.19, 12, 84, 2242996
0.01, -0.33, 25.17, -8.19, 12, 84, 2254832
0.01, -0.33, 25.14, -8.18, 12, 84, 2266660
0.01, -0.33, 25.17, -8.19, 12, 84, 2278500
0.01, -0.65, 25.17, -16.38, 12, 84, 2290328
0.01, -0.33, 25.14, -8.18, 12, 84, 2302164
0.01, -0.33, 25.17, -8.19, 12, 84, 2313984
0.01, -0.33, 25.17, -8.19, 12, 84, 2325820
0.01, -0.33, 25.17, -8.19, 12, 84, 2337644
0.01, -0.33, 25.17, -8.19, 12, 84, 2349480
0.01, -0.33, 25.14, -8.18, 12, 84, 2361316
0.01, -0.33, 25.14, -8.18, 12, 84, 2373144
0.01, -0.33, 25.17, -8.19, 12, 84, 2384976
0.01, -0.33, 25.17, -8.19, 12, 84, 2396804
0.01, -0.33, 25.14, -8.18, 12, 84, 2408640
0.01, -0.33, 25.14, -8.18, 12, 84, 2420468
0.01, -0.33, 25.14, -8.18, 13, 84, 2432304
0.01, -0.33, 25.17, -8.19, 13, 84, 2444128
0.01, -0.33, 25.17, -8.19, 13, 84, 2455960
0.01, -0.33, 25.14, -8.18, 13, 84, 2467792
0.01, -0.33, 25.14, -8.18, 13, 84, 2479616
0.01, -0.33, 25.14, -8.18, 13, 84, 2491452
0.01, -0.33, 25.17, -8.19, 13, 84, 2503276
0.01, -0.33, 25.17, -8.19, 13, 84, 2515112
0.01, -0.33, 25.17, -8.19, 13, 84, 2526940
0.01, -0.33, 25.14, -8.18, 13, 84, 2538780
0.01, -0.33, 25.17, -8.19, 13, 84, 2550604
0.01, -0.33, 25.14, -8.18, 13, 84, 2562428
0.01, -0.33, 25.17, -8.19, 13, 84, 2574268
0.01, -0.33, 25.17, -8.19, 13, 84, 2586092
0.01, -0.33, 25.17, -8.19, 13, 84, 2597928
0.01, -0.33, 25.17, -8.19, 13, 84, 2609752
0.01, -0.33, 25.14, -8.18, 13, 84, 2621588
0.01, -0.33, 25.14, -8.18, 14, 84, 2633412
0.01, -0.33, 25.14, -8.18, 14, 84, 2645256
0.01, -0.33, 25.14, -8.18, 14, 84, 2657076
0.01, -0.33, 25.17, -8.19, 14, 84, 2668908
0.02, -0.33, 25.17, -8.19, 14, 84, 2680740
0.02, -0.33, 25.14, -8.18, 14, 84, 2692572
0.02, -0.33, 25.14, -8.18, 14, 84, 2704412
0.02, -0.33, 25.17, -8.19, 14, 84, 2716236
0.02, -0.33, 25.17, -8.19, 14, 84, 2728076
0.02, -0.33, 25.14, -8.18, 14, 84, 2739900
0.02, -0.33, 25.17, -8.19, 14, 84, 2751740
0.02, -0.33, 25.14, -8.18, 14, 84, 2763568
0.02, -0.33, 25.14, -8.18, 14, 84, 2775396
0.02, -0.33, 25.17, -8.19, 14, 84, 2787232
0.02, -0.33, 25.17, -8.19, 14, 84, 2799064
0.02, -0.33, 25.17, -8.19, 14, 84, 2810900
0.02, -0.33, 25.14, -8.18, 14, 84, 2822724
0.02, -0.33, 25.14, -8.18, 15, 84, 2834560
0.02, -0.33, 25.17, -8.19, 15, 84, 2846388
0.02, -0.33, 25.17, -8.19, 15, 84, 2858224
0.02, -0.33, 25.19, -8.20, 15, 84, 2870064
0.02, -0.33, 25.14, -8.18, 15, 84, 2881880
0.02, -0.33, 25.14, -8.18, 15, 84, 2893712
0.02, -0.33, 25.14, -8.18, 15, 84, 2905544
0.02, -0.33, 25.14, -8.18, 15, 84, 2917380
0.02, -0.33, 25.17, -8.19, 15, 84, 2929208
0.02, -0.33, 25.14, -8.18, 15, 84, 2941040
0.02, -0.33, 25.14, -8.18, 15, 84, 2952864
0.02, -0.33, 25.14, -8.18, 15, 84, 2964696
0.02, -0.33, 25.17, -8.19, 15, 84, 2976528
0.02, -0.33, 25.17, -8.19, 15, 84, 2988364
0.02, -0.33, 25.17, -8.19, 15, 84, 3000188
0.02, -0.33, 25.14, -8.18, 15, 84, 3012020
0.02, -0.33, 25.14, -8.18, 15, 84, 3023860
0.02, -0.33, 25.17, -8.19, 16, 84, 3035684
0.02, -0.33, 25.17, -8.19, 16, 84, 3047524
0.02, -0.33, 25.17, -8.19, 16, 84, 3059348
0.02, -0.00, 25.17, -0.00, 16, 84, 3071204
0.02, -0.33, 25.14, -8.18, 16, 84, 3083008
0.02, -0.33, 25.17, -8.19, 16, 84, 3094844
0.02, -0.33, 25.17, -8.19, 16, 84, 3106668
0.02, -0.33, 25.17, -8.19, 16, 84, 3118504
0.02, -0.33, 25.17, -8.19, 16, 84, 3130352
0.02, -0.33, 25.14, -8.18, 16, 84, 3142156
0.02, -0.33, 25.14, -8.18, 16, 84, 3153996
0.02, -0.33, 25.17, -8.19, 16, 84, 3165820
0.02, -0.33, 25.17, -8.19, 16, 84, 3177660
0.02, -0.33, 25.17, -8.19, 16, 84, 3189484
0.02, -0.33, 25.14, -8.18, 16, 84, 3201324
0.02, -0.33, 25.14, -8.18, 16, 84, 3213148
0.02, -0.33, 25.14, -8.18, 16, 84, 3224976
0.02, -0.33, 25.17, -8.19, 17, 84, 3236812
0.02, -0.33, 25.17, -8.19, 17, 84, 3248640
0.02, -0.00, 25.14, -0.00, 17, 84, 3260472
0.03, -0.33, 25.14, -8.18, 17, 84, 3272296
0.03, -0.00, 25.14, -0.00, 17, 84, 3284132
0.03, -0.00, 25.14, -0.00, 17, 84, 3295956
0.03, -0.00, 25.17, -0.00, 17, 84, 3307792
0.03, -0.33, 25.17, -8.19, 17, 84, 3319616
0.03, -0.00, 25.14, -0.00, 17, 84, 3331460
0.03, -0.00, 25.17, -0.00, 17, 84, 3343276
0.03, -0.00, 25.14, -0.00, 17, 84, 3355104
0.03, -0.33, 25.14, -8.18, 17, 84, 3366944
0.03, -0.00, 25.14, -0.00, 17, 84, 3378768
0.03, -0.33, 25.17, -8.19, 17, 84, 3390608
0.03, -0.33, 25.14, -8.18, 17, 84, 3402432
0.03, -0.00, 25.14, -0.00, 17, 84, 3414272
0.03, -0.33, 25.17, -8.19, 17, 84, 3426096
0.03, -0.00, 25.14, -0.00, 18, 84, 3437928
0.03, -0.33, 25.17, -8.19, 18, 84, 3449756
0.03, -0.00, 25.14, -0.00, 18, 84, 3461592
0.03, -0.00, 25.11, -0.00, 18, 84, 3473428
0.03, -0.00, 25.14, -0.00, 18, 84, 3485252
0.03, -0.00, 25.17, -0.00, 18, 84, 3497092
0.03, -0.00, 25.14, -0.00, 18, 84, 3508916
0.03, -0.00, 25.14, -0.00, 18, 84, 3520748
0.03, -0.00, 25.14, -0.00, 18, 84, 3532576
0.03, -0.00, 25.11, -0.00, 18, 84, 3544408
0.03, -0.00, 25.17, -0.00, 18, 84, 3556232
0.03, -0.00, 25.17, -0.00, 18, 84, 3568064
0.03, -0.00, 25.17, -0.00, 18, 84, 3579900
0.03, -0.00, 25.11, -0.00, 18, 84, 3591724
0.03, -0.33, 25.11, -8.17, 18, 84, 3603560
0.03, -0.00, 25.14, -0.00, 18, 84, 3615384
0.03, -0.00, 25.14, -0.00, 18, 84, 3627220
0.03, -0.00, 25.11, -0.00, 19, 84, 3639044
0.03, -0.00, 25.17, -0.00, 19, 84, 3650880
0.03, -0.00, 25.17, -0.00, 19, 84, 3662700
0.03, -0.00, 25.17, -0.00, 19, 84, 3674536
0.03, -0.00, 25.17, -0.00, 19, 84, 3686368
0.03, -0.00, 25.14, -0.00, 19, 84, 3698192
0.03, -0.00, 25.17, -0.00, 19, 84, 3710024
0.04, -0.00, 25.17, -0.00, 19, 84, 3721852
0.03, -0.00, 25.17, -0.00, 19, 84, 3733688
0.04, -0.00, 25.14, -0.00, 19, 84, 3745512
0.04, -0.00, 25.11, -0.00, 19, 84, 3757348
0.03, -0.00, 25.14, -0.00, 19, 84, 3769172
0.03, -0.00, 25.14, -0.00, 19, 84, 3781008
0.03, -0.00, 25.14, -0.00, 19, 84, 3792844
0.03, -0.00, 25.14, -0.00, 19, 84, 3804668
0.03, -0.00, 25.14, -0.00, 19, 84, 3816504
0.03, -0.00, 25.14, -0.00, 19, 84, 3828328
0.03, -0.00, 25.17, -0.00, 20, 84, 3840164
0.03, -0.00, 25.17, -0.00, 20, 84, 3851992
0.03, -0.00, 25.14, -0.00, 20, 84, 3863828
0.04, -0.00, 25.14, -0.00, 20, 84, 3875648
0.04, -0.00, 25.14, -0.00, 20, 84, 3887480
0.04, -0.00, 25.17, -0.00, 20, 84, 3899308
0.04, -0.00, 25.17, -0.00, 20, 84, 3911140
0.04, -0.00, 25.17, -0.00, 20, 84, 3922976
0.04, -0.00, 25.11, -0.00, 20, 84, 3934804
0.04, -0.00, 25.11, -0.00, 20, 84, 3946640
0.04, -0.00, 25.17, -0.00, 20, 84, 3958468
0.04, -0.00, 25.14, -0.00, 20, 84, 3970320
0.04, 0.33, 25.14, 8.18, 20, 85, 3982132
0.04, 0.33, 25.14, 8.18, 20, 84, 3993964
0.04, -0.00, 25.14, -0.00, 20, 84, 4005796
0.04, 0.33, 25.11, 8.17, 20, 84, 4017628
0.04, 0.33, 25.14, 8.18, 20, 84, 4029464
0.04, -0.00, 25.17, -0.00, 21, 85, 4041288
0.04, -0.00, 25.17, -0.00, 21, 84, 4053128
0.04, 0.33, 25.11, 8.17, 21, 84, 4064952
0.04, -0.00, 25.14, -0.00, 21, 84, 4076784
0.04, 0.33, 25.17, 8.19, 21, 84, 4088612
0.04, -0.00, 25.11, -0.00, 21, 84, 4100440
0.04, 0.33, 25.14, 8.18, 21, 84, 4112272
0.04, 0.33, 25.17, 8.19, 21, 84, 4124104
0.04, 0.33, 25.14, 8.18, 21, 84, 4135940
0.04, 0.33, 25.14, 8.18, 21, 84, 4147764
0.04, -0.00, 25.11, -0.00, 21, 84, 4159600
0.04, 0.33, 25.17, 8.19, 21, 84, 4171436
0.04, 0.33, 25.17, 8.19, 21, 84, 4183260
0.04, 0.33, 25.08, 8.17, 21, 84, 4195084
0.04, 0.33, 25.11, 8.17, 21, 84, 4206920
0.04, 0.33, 25.17, 8.19, 21, 84, 4218744
0.04, -0.00, 25.17, -0.00, 21, 84, 4230572
0.04, 0.33, 25.17, 8.19, 22, 84, 4242408
0.04, 0.33, 25.08, 8.17, 22, 84, 4254232
0.04, -0.00, 25.08, -0.00, 22, 84, 4266068
0.04, 0.33, 25.17, 8.19, 22, 84, 4277892
0.05, 0.33, 25.19, 8.20, 22, 84, 4289728
0.05, 0.33, 25.14, 8.18, 22, 84, 4301548
0.05, 0.33, 25.08, 8.17, 22, 84, 4313384
0.05, 0.33, 25.17, 8.19, 22, 84, 4325212
0.05, 0.33, 25.17, 8.19, 22, 84, 4337036
0.05, 0.33, 25.14, 8.18, 22, 84, 4348876
0.05, 0.33, 25.11, 8.17, 22, 84, 4360700
0.05, 0.33, 25.08, 8.17, 22, 84, 4372532
0.05, 0.33, 25.17, 8.19, 22, 84, 4384360
0.05, 0.33, 25.14, 8.18, 22, 84, 4396196
0.05, 0.33, 25.11, 8.17, 22, 84, 4408020
0.05, 0.33, 25.11, 8.17, 22, 84, 4419856
0.05, 0.33, 25.08, 8.17, 22, 84, 4431692
0.05, 0.33, 25.14, 8.18, 23, 84, 4443508
0.05, 0.33, 25.14, 8.18, 23, 84, 4455336
0.05, 0.33, 25.11, 8.17, 23, 84, 4467164
0.05, 0.33, 25.03, 8.15, 23, 84, 4479004
0.05, 0.33, 25.11, 8.17, 23, 84, 4490828
0.05, 0.33, 25.17, 8.19, 23, 84, 4502664
0.05, 0.33, 25.08, 8.17, 23, 84, 4514492
0.05, 0.33, 25.14, 8.18, 23, 84, 4526328
0.05, 0.33, 25.11, 8.17, 23, 84, 4538152
0.05, 0.33, 25.11, 8.17, 23, 84, 4549984
0.05, 0.33, 25.14, 8.18, 23, 84, 4561816
0.05, 0.33, 25.14, 8.18, 23, 84, 4573648
0.05, 0.33, 25.14, 8.18, 23, 84, 4585484
0.05, 0.33, 25.14, 8.18, 23, 84, 4597308
0.05, 0.33, 25.11, 8.17, 23, 84, 4609144
0.05, 0.33, 25.17, 8.19, 23, 84, 4620972
0.05, 0.33, 25.17, 8.19, 23, 84, 4632808
0.05, 0.33, 25.14, 8.18, 24, 84, 4644628
0.05, 0.33, 25.11, 8.17, 24, 84, 4656460
0.05, 0.33, 25.19, 8.20, 24, 84, 4668288
0.05, 0.65, 25.14, 16.37, 24, 84, 4680116
0.06, 0.65, 25.11, 16.35, 24, 84, 4691956
0.06, 0.65, 25.14, 16.37, 24, 84, 4703784
0.06, 0.33, 25.06, 8.16, 24, 84, 4715620
0.06, 0.65, 25.17, 16.38, 24, 84, 4727444
0.06, 0.33, 25.19, 8.20, 24, 84, 4739284
0.06, 0.33, 25.17, 8.19, 24, 84, 4751108
0.06, 0.33, 25.14, 8.18, 24, 84, 4762948
0.06, 0.33, 25.14, 8.18, 24, 84, 4774772
0.06, 0.65, 25.06, 16.31, 24, 84, 4786600
0.06, 0.65, 25.08, 16.33, 24, 84, 4798436
0.06, 0.33, 25.22, 8.21, 24, 84, 4810276
0.06, 0.65, 25.11, 16.35, 24, 84, 4822096
0.06, 0.65, 25.11, 16.35, 24, 84, 4833920
0.06, 0.33, 25.11, 8.17, 25, 84, 4845756
0.06, 0.65, 25.14, 16.37, 25, 84, 4857576
0.06, 0.65, 25.14, 16.37, 25, 84, 4869412
0.06, 0.65, 25.08, 16.33, 25, 84, 4881236
0.06, 0.33, 25.11, 8.17, 25, 84, 4893068
0.06, 0.65, 25.17, 16.38, 25, 84, 4904904
0.06, 0.65, 25.14, 16.37, 25, 84, 4916728
0.06, 0.65, 25.11, 16.35, 25, 84, 4928564
0.06, 0.65, 25.17, 16.38, 25, 84, 4940388
0.06, 0.65, 25.14, 16.37, 25, 84, 4952224
0.07, 0.65, 25.14, 16.37, 25, 84, 4964056
0.07, 0.65, 25.11, 16.35, 25, 84, 4975892
0.06, 0.65, 25.17, 16.38, 25, 84, 4987716
0.06, 0.65, 25.11, 16.35, 25, 84, 4999548
0.06, 0.33, 25.06, 8.16, 25, 84, 5011388
0.06, 0.65, 25.14, 16.37, 25, 84, 5023212
0.06, 0.65, 25.14, 16.37, 25, 84, 5035052
0.06, 0.65, 25.11, 16.35, 26, 84, 5046876
0.06, 0.65, 25.14, 16.37, 26, 84, 5058712
0.06, 0.65, 25.17, 16.38, 26, 84, 5070556
0.06, 0.65, 25.19, 16.40, 26, 85, 5082372
0.07, 0.98, 25.11, 24.52, 26, 84, 5094196
0.07, 0.65, 25.17, 16.38, 26, 84, 5106028
0.07, 0.65, 25.08, 16.33, 26, 84, 5117860
0.07, 0.98, 25.14, 24.55, 26, 84, 5129692
0.07, 0.65, 25.08, 16.33, 26, 84, 5141528
0.07, 0.65, 25.14, 16.37, 26, 84, 5153356
0.07, 0.65, 25.14, 16.37, 26, 84, 5165192
0.07, 0.98, 25.08, 24.50, 26, 84, 5177016
0.07, 0.65, 25.08, 16.33, 26, 84, 5188852
0.07, 0.65, 25.17, 16.38, 26, 84, 5200676
0.07, 0.65, 25.14, 16.37, 26, 84, 5212504
0.07, 0.98, 25.11, 24.52, 26, 84, 5224336
0.07, 0.65, 25.08, 16.33, 26, 84, 5236164
0.07, 0.65, 25.11, 16.35, 27, 84, 5248000
0.07, 0.65, 25.17, 16.38, 27, 84, 5259828
0.07, 0.98, 25.03, 24.44, 27, 84, 5271676
0.07, 0.98, 25.14, 24.55, 27, 84, 5283488
0.07, 0.98, 25.14, 24.55, 27, 84, 5295324
0.08, 0.98, 25.08, 24.50, 27, 84, 5307144
0.08, 0.98, 25.06, 24.47, 27, 84, 5318980
0.08, 0.65, 25.19, 16.40, 27, 84, 5330808
0.07, 0.98, 25.14, 24.55, 27, 84, 5342636
0.08, 0.98, 25.14, 24.55, 27, 84, 5354476
0.08, 0.98, 25.08, 24.50, 27, 84, 5366304
0.08, 0.65, 25.06, 16.31, 27, 84, 5378140
0.08, 0.98, 25.17, 24.58, 27, 84, 5389964
0.08, 0.65, 25.17, 16.38, 27, 84, 5401800
0.07, 0.98, 25.08, 24.50, 27, 84, 5413628
0.07, 0.65, 25.14, 16.37, 27, 84, 5425468
0.08, 0.98, 25.11, 24.52, 27, 84, 5437292
0.08, 0.98, 25.11, 24.52, 28, 84, 5449124
0.08, 0.98, 25.08, 24.50, 28, 84, 5460964
0.08, 0.98, 25.11, 24.52, 28, 84, 5472788
0.08, 0.98, 25.11, 24.52, 28, 84, 5484628
0.08, 0.98, 25.11, 24.52, 28, 84, 5496452
0.08, 0.98, 25.17, 24.58, 28, 84, 5508288
0.08, 0.98, 25.11, 24.52, 28, 84, 5520112
0.08, 1.30, 25.19, 32.80, 28, 84, 5531968
0.08, 0.98, 25.11, 24.52, 28, 85, 5543780
0.08, 1.30, 25.14, 32.73, 28, 84, 5555612
0.08, 1.30, 25.11, 32.70, 28, 84, 5567448
0.08, 0.98, 25.11, 24.52, 28, 84, 5579268
0.08, 0.98, 25.11, 24.52, 28, 84, 5591108
0.08, 1.30, 25.17, 32.77, 28, 84, 5602932
0.08, 0.98, 25.14, 24.55, 28, 84, 5614768
0.08, 0.98, 25.11, 24.52, 28, 84, 5626592
0.08, 0.98, 25.08, 24.50, 28, 84, 5638436
0.08, 0.65, 25.14, 16.37, 29, 84, 5650256
0.08, 0.98, 25.06, 24.47, 29, 84, 5662088
0.08, 0.98, 25.19, 24.60, 29, 84, 5673928
0.08, 1.30, 25.11, 32.70, 29, 84, 5685756
0.08, 1.30, 25.11, 32.70, 29, 84, 5697592
0.08, 1.30, 25.03, 32.59, 29, 84, 5709416
0.08, 0.98, 25.11, 24.52, 29, 84, 5721256
0.08, 0.98, 25.17, 24.58, 29, 84, 5733080
0.08, 0.98, 25.19, 24.60, 29, 84, 5744912
0.08, 1.30, 25.14, 32.73, 29, 84, 5756736
0.08, 1.30, 25.14, 32.73, 29, 84, 5768568
0.08, 1.30, 25.11, 32.70, 29, 84, 5780400
0.08, 1.30, 25.14, 32.73, 29, 84, 5792228
0.08, 0.98, 25.14, 24.55, 29, 84, 5804060
0.08, 1.30, 25.14, 32.73, 29, 84, 5815884
0.08, 1.30, 25.11, 32.70, 29, 84, 5827728
0.08, 0.98, 25.14, 24.55, 29, 84, 5839548
0.08, 0.98, 25.19, 24.60, 30, 84, 5851384
0.08, 1.63, 25.11, 40.87, 30, 84, 5863208
0.09, 1.30, 25.17, 32.77, 30, 84, 5875040
0.09, 1.30, 25.06, 32.63, 30, 84, 5886868
0.09, 1.30, 25.19, 32.80, 30, 84, 5898700
0.09, 0.98, 25.08, 24.50, 30, 84, 5910552
0.09, 1.63, 25.11, 40.87, 30, 84, 5922356
0.09, 1.30, 25.08, 32.66, 30, 84, 5934192
0.09, 1.30, 25.11, 32.70, 30, 84, 5946016
0.10, 0.98, 25.17, 24.58, 30, 84, 5957856
0.09, 1.63, 25.11, 40.87, 30, 84, 5969680
0.09, 1.30, 25.17, 32.77, 30, 84, 5981512
0.09, 1.30, 25.11, 32.70, 30, 84, 5993340
0.09, 1.30, 25.19, 32.80, 30, 84, 6005168
0.09, 1.30, 25.19, 32.80, 30, 84, 6017008
0.09, 1.63, 25.11, 40.87, 30, 84, 6028832
0.09, 1.63, 25.14, 40.91, 30, 84, 6040668
0.09, 1.30, 25.14, 32.73, 31, 84, 6052492
0.09, 1.30, 25.14, 32.73, 31, 84, 6064332
0.10, 1.63, 25.11, 40.87, 31, 84, 6076152
0.10, 1.30, 25.17, 32.77, 31, 84, 6087988
0.10, 1.63, 25.08, 40.83, 31, 84, 6099812
0.10, 1.30, 25.19, 32.80, 31, 84, 6111640
0.10, 1.30, 25.14, 32.73, 31, 84, 6123476
0.10, 1.63, 25.06, 40.78, 31, 84, 6135300
0.10, 1.30, 25.06, 32.63, 31, 84, 6147140
0.10, 1.30, 25.08, 32.66, 31, 84, 6158960
0.10, 1.30, 25.03, 32.59, 31, 84, 6170812
0.10, 1.63, 25.11, 40.87, 31, 85, 6182624
0.10, 1.63, 25.14, 40.91, 31, 84, 6194464
0.10, 1.30, 25.00, 32.56, 31, 84, 6206288
0.10, 1.63, 25.06, 40.78, 31, 84, 6218116
0.10, 1.30, 25.17, 32.77, 31, 84, 6229956
0.10, 1.63, 25.03, 40.74, 31, 84, 6241780
0.10, 1.63, 25.06, 40.78, 32, 84, 6253612
0.10, 1.63, 25.17, 40.96, 32, 84, 6265440
0.10, 1.63, 25.19, 41.00, 32, 84, 6277280
0.10, 1.95, 25.08, 48.99, 32, 84, 6289100
0.10, 1.95, 25.08, 48.99, 32, 84, 6300940
0.11, 1.63, 25.14, 40.91, 32, 84, 6312760
0.11, 1.63, 25.08, 40.83, 32, 84, 6324592
0.11, 1.95, 25.11, 49.05, 32, 84, 6336424
0.11, 1.95, 25.03, 48.89, 32, 84, 6348252
0.11, 1.63, 25.03, 40.74, 32, 84, 6360092
0.11, 1.63, 25.00, 40.70, 32, 84, 6371932
0.11, 1.63, 25.17, 40.96, 32, 84, 6383748
0.11, 1.95, 25.06, 48.94, 32, 84, 6395576
0.11, 1.63, 25.03, 40.74, 32, 84, 6407412
0.11, 1.63, 25.19, 41.00, 32, 84, 6419236
0.11, 1.63, 25.06, 40.78, 32, 84, 6431068
0.11, 1.95, 25.06, 48.94, 32, 84, 6442900
0.11, 1.63, 25.03, 40.74, 33, 84, 6454732
0.11, 1.63, 25.19, 41.00, 33, 84, 6466564
0.11, 1.95, 25.11, 49.05, 33, 84, 6478388
0.11, 1.95, 25.03, 48.89, 33, 84, 6490224
0.12, 1.95, 25.08, 48.99, 33, 84, 6502052
0.11, 1.63, 25.17, 40.96, 33, 84, 6513888
0.11, 1.95, 25.11, 49.05, 33, 84, 6525712
0.12, 1.95, 25.14, 49.10, 33, 84, 6537544
0.11, 1.63, 25.17, 40.96, 33, 84, 6549372
0.12, 1.95, 25.08, 48.99, 33, 84, 6561204
0.11, 1.95, 25.08, 48.99, 33, 84, 6573036
0.11, 1.95, 24.98, 48.78, 33, 84, 6584864
0.11, 1.63, 25.17, 40.96, 33, 84, 6596700
0.12, 1.95, 25.11, 49.05, 33, 84, 6608524
0.12, 2.28, 25.11, 57.22, 33, 84, 6620364
0.12, 1.95, 25.11, 49.05, 33, 84, 6632208
0.12, 1.95, 25.06, 48.94, 33, 84, 6644028
0.11, 1.63, 25.19, 41.00, 34, 84, 6655856
0.11, 1.95, 25.17, 49.15, 34, 84, 6667684
0.12, 2.28, 25.08, 57.16, 34, 84, 6679524
0.12, 1.95, 25.17, 49.15, 34, 84, 6691352
0.12, 1.95, 25.11, 49.05, 34, 84, 6703188
0.12, 2.28, 25.17, 57.34, 34, 84, 6715012
0.12, 2.28, 25.08, 57.16, 34, 84, 6726848
0.12, 2.28, 24.95, 56.85, 34, 84, 6738676
0.12, 1.95, 25.17, 49.15, 34, 84, 6750508
0.12, 2.28, 25.11, 57.22, 34, 84, 6762328
0.13, 2.28, 25.17, 57.34, 34, 84, 6774160
0.12, 2.28, 25.03, 57.03, 34, 84, 6786000
0.12, 1.95, 25.14, 49.10, 34, 84, 6797824
0.12, 2.28, 25.17, 57.34, 34, 84, 6809656
0.12, 2.28, 24.98, 56.91, 34, 84, 6821484
0.12, 1.95, 25.06, 48.94, 34, 84, 6833320
0.12, 1.95, 25.19, 49.20, 34, 84, 6845144
0.12, 2.28, 25.08, 57.16, 35, 84, 6856980
0.12, 2.28, 25.06, 57.10, 35, 84, 6868804
0.13, 2.28, 25.03, 57.03, 35, 84, 6880636
0.13, 1.95, 25.19, 49.20, 35, 84, 6892476
0.13, 2.28, 25.11, 57.22, 35, 84, 6904300
0.13, 2.60, 25.11, 65.39, 35, 84, 6916136
0.13, 2.28, 25.00, 56.97, 35, 84, 6927960
0.13, 1.95, 25.19, 49.20, 35, 84, 6939796
0.13, 2.60, 25.03, 65.18, 35, 84, 6951620
0.13, 2.60, 25.11, 65.39, 35, 84, 6963452
0.13, 1.95, 25.08, 48.99, 35, 84, 6975280
0.13, 2.28, 25.11, 57.22, 35, 84, 6987108
0.13, 2.28, 25.11, 57.22, 35, 84, 6998940
0.13, 2.60, 25.11, 65.39, 35, 84, 7010784
0.13, 2.28, 24.98, 56.91, 35, 84, 7022608
0.13, 2.28, 25.11, 57.22, 35, 84, 7034428
0.13, 2.60, 25.11, 65.39, 35, 84, 7046264
0.13, 2.28, 25.11, 57.22, 36, 84, 7058088
0.13, 2.28, 25.14, 57.28, 36, 84, 7069928
0.13, 2.60, 25.14, 65.46, 36, 84, 7081752
0.14, 2.93, 24.98, 73.17, 36, 84, 7093580
0.14, 2.28, 25.19, 57.40, 36, 84, 7105412
0.15, 2.60, 25.11, 65.39, 36, 84, 7117240
0.14, 2.93, 25.08, 73.49, 36, 84, 7129076
0.14, 2.60, 24.90, 64.83, 36, 84, 7140900
0.14, 2.28, 25.17, 57.34, 36, 84, 7152736
0.14, 2.60, 25.08, 65.32, 36, 84, 7164564
0.14, 2.93, 25.08, 73.49, 36, 84, 7176404
0.14, 2.60, 24.98, 65.04, 36, 84, 7188228
0.14, 2.93, 25.00, 73.25, 36, 84, 7200068
0.14, 2.60, 25.06, 65.25, 36, 84, 7211892
0.14, 2.93, 25.08, 73.49, 36, 84, 7223724
0.14, 2.93, 25.08, 73.49, 36, 84, 7235564
0.14, 2.28, 25.17, 57.34, 36, 84, 7247388
0.14, 2.28, 25.19, 57.40, 37, 84, 7259228
0.14, 2.60, 25.14, 65.46, 37, 84, 7271068
0.14, 2.93, 25.08, 73.49, 37, 85, 7282888
0.15, 2.60, 25.08, 65.32, 37, 84, 7294716
0.15, 2.60, 25.06, 65.25, 37, 84, 7306556
0.15, 2.60, 25.14, 65.46, 37, 84, 7318380
0.15, 2.93, 25.08, 73.49, 37, 84, 7330208
0.15, 2.93, 25.06, 73.41, 37, 84, 7342048
0.15, 2.60, 25.11, 65.39, 37, 84, 7353868
0.15, 2.60, 25.17, 65.53, 37, 84, 7365708
0.15, 2.93, 25.00, 73.25, 37, 84, 7377532
0.16, 2.93, 25.08, 73.49, 37, 84, 7389368
0.16, 2.60, 25.22, 65.67, 37, 84, 7401192
0.16, 2.93, 25.14, 73.65, 37, 84, 7413028
0.16, 2.93, 25.00, 73.25, 37, 84, 7424852
0.16, 2.93, 24.98, 73.17, 37, 84, 7436684
0.16, 2.93, 25.03, 73.33, 37, 84, 7448520
0.16, 3.26, 25.14, 81.83, 38, 84, 7460344
0.16, 2.60, 25.19, 65.60, 38, 84, 7472192
0.16, 2.60, 25.06, 65.25, 38, 85, 7484004
0.16, 2.93, 25.14, 73.65, 38, 84, 7495840
0.17, 3.26, 25.00, 81.39, 38, 84, 7507660
0.17, 3.26, 24.95, 81.22, 38, 84, 7519496
0.17, 2.93, 25.03, 73.33, 38, 84, 7531324
0.17, 2.93, 25.08, 73.49, 38, 84, 7543152
0.17, 3.58, 25.08, 89.82, 38, 84, 7554980
0.17, 2.93, 25.14, 73.65, 38, 84, 7566812
0.17, 2.93, 25.11, 73.57, 38, 84, 7578648
0.17, 3.58, 25.11, 89.92, 38, 84, 7590472
0.17, 3.26, 24.98, 81.30, 38, 84, 7602308
0.17, 2.93, 25.08, 73.49, 38, 84, 7614128
0.17, 2.93, 25.19, 73.80, 38, 84, 7625968
0.17, 3.58, 25.08, 89.82, 38, 84, 7637792
0.17, 3.26, 25.03, 81.48, 38, 84, 7649620
0.17, 2.93, 25.19, 73.80, 39, 84, 7661448
0.17, 3.58, 25.11, 89.92, 39, 84, 7673280
0.17, 3.58, 25.11, 89.92, 39, 84, 7685116
0.17, 3.58, 24.92, 89.24, 39, 84, 7696940
0.18, 3.26, 25.25, 82.18, 39, 84, 7708776
0.18, 3.58, 25.00, 89.53, 39, 84, 7720600
0.17, 3.26, 25.19, 82.01, 39, 84, 7732456
0.17, 3.26, 25.06, 81.57, 39, 84, 7744264
0.17, 3.58, 25.00, 89.53, 39, 84, 7756104
0.17, 3.91, 25.06, 97.88, 39, 84, 7767928
0.17, 3.58, 24.95, 89.34, 39, 84, 7779760
0.17, 3.58, 24.95, 89.34, 39, 84, 7791600
0.17, 3.26, 25.22, 82.09, 39, 84, 7803428
0.17, 3.58, 25.14, 90.01, 39, 84, 7815264
0.17, 3.58, 24.95, 89.34, 39, 84, 7827088
0.17, 3.26, 25.11, 81.74, 39, 84, 7838924
0.17, 2.93, 25.17, 73.73, 39, 84, 7850764
0.17, 3.26, 25.06, 81.57, 40, 84, 7862588
0.18, 3.26, 25.03, 81.48, 40, 84, 7874412
0.17, 3.26, 25.14, 81.83, 40, 84, 7886244
0.17, 3.58, 25.08, 89.82, 40, 84, 7898084
0.18, 3.91, 24.95, 97.46, 40, 84, 7909904
0.18, 3.26, 25.22, 82.09, 40, 84, 7921740
0.18, 3.91, 25.00, 97.67, 40, 84, 7933564
0.18, 3.91, 25.08, 97.98, 40, 84, 7945400
0.18, 3.58, 25.06, 89.72, 40, 84, 7957228
0.18, 3.58, 25.17, 90.11, 40, 84, 7969064
0.18, 3.91, 25.06, 97.88, 40, 84, 7980892
0.17, 3.91, 24.98, 97.56, 40, 84, 7992720
0.18, 3.26, 25.19, 82.01, 40, 84, 8004556
0.17, 3.91, 25.08, 97.98, 40, 84, 8016380
0.17, 3.91, 25.03, 97.77, 40, 84, 8028216
0.18, 3.26, 25.14, 81.83, 40, 84, 8040040
0.17, 3.91, 25.08, 97.98, 40, 84, 8051876
0.18, 3.91, 25.03, 97.77, 41, 84, 8063700
0.17, 3.91, 24.90, 97.25, 41, 84, 8075536
0.18, 3.58, 25.17, 90.11, 41, 84, 8087356
0.18, 3.91, 25.00, 97.67, 41, 84, 8099188
0.18, 3.91, 25.08, 97.98, 41, 84, 8111040
0.18, 3.91, 25.08, 97.98, 41, 85, 8122844
0.18, 3.91, 25.00, 97.67, 41, 84, 8134684
0.18, 3.26, 25.17, 81.92, 41, 84, 8146508
0.18, 3.26, 25.22, 82.09, 41, 84, 8158344
0.18, 3.26, 25.03, 81.48, 41, 84, 8170168
0.18, 3.91, 24.87, 97.14, 41, 84, 8182004
0.18, 3.58, 25.14, 90.01, 41, 84, 8193832
0.18, 3.91, 25.06, 97.88, 41, 84, 8205660
0.18, 3.58, 25.08, 89.82, 41, 84, 8217492
0.18, 3.58, 25.14, 90.01, 41, 84, 8229324
0.18, 3.91, 25.11, 98.09, 41, 84, 8241160
0.18, 3.91, 24.87, 97.14, 41, 84, 8252988
0.18, 3.58, 24.92, 89.24, 42, 84, 8264828
0.18, 3.58, 25.06, 89.72, 42, 84, 8276656
0.18, 3.58, 25.14, 90.01, 42, 84, 8288492
0.18, 3.91, 24.87, 97.14, 42, 84, 8300316
0.18, 3.58, 25.03, 89.63, 42, 84, 8312144
0.19, 4.23, 25.14, 106.38, 42, 84, 8323980
0.19, 4.23, 25.00, 105.81, 42, 84, 8335808
0.19, 3.58, 25.08, 89.82, 42, 84, 8347644
0.19, 4.23, 25.14, 106.38, 42, 84, 8359468
0.19, 4.23, 25.06, 106.04, 42, 84, 8371308
0.19, 3.91, 25.06, 97.88, 42, 84, 8383132
0.19, 3.91, 25.17, 98.30, 42, 84, 8394968
0.19, 4.23, 25.00, 105.81, 42, 84, 8406788
0.19, 4.23, 24.95, 105.58, 42, 84, 8418628
0.19, 3.91, 25.19, 98.41, 42, 84, 8430452
0.19, 4.23, 24.98, 105.69, 42, 84, 8442280
0.19, 4.23, 24.92, 105.47, 42, 84, 8454120
0.19, 3.91, 25.19, 98.41, 43, 84, 8465948
0.19, 4.23, 25.11, 106.26, 43, 84, 8477788
0.19, 4.23, 25.00, 105.81, 43, 84, 8489612
0.19, 4.23, 24.95, 105.58, 43, 84, 8501448
0.20, 4.56, 25.14, 114.56, 43, 84, 8513276
0.21, 4.23, 25.11, 106.26, 43, 84, 8525112
0.20, 4.23, 24.98, 105.69, 43, 84, 8536936
0.20, 3.91, 25.14, 98.20, 43, 84, 8548768
0.20, 4.23, 25.06, 106.04, 43, 84, 8560608
0.20, 4.56, 25.03, 114.07, 43, 84, 8572448
0.20, 4.23, 24.90, 105.35, 43, 84, 8584268
0.20, 4.56, 25.06, 114.19, 43, 84, 8596096
0.20, 4.56, 24.95, 113.70, 43, 84, 8607932
0.20, 3.91, 25.14, 98.20, 43, 84, 8619756
0.20, 3.91, 25.19, 98.41, 43, 84, 8631592
0.20, 4.56, 24.90, 113.46, 43, 84, 8643420
0.20, 4.56, 24.90, 113.46, 43, 84, 8655252
0.20, 4.56, 25.08, 114.32, 44, 84, 8667088
0.20, 4.23, 24.90, 105.35, 44, 84, 8678908
0.20, 4.56, 24.79, 112.96, 44, 84, 8690748
0.20, 4.56, 25.14, 114.56, 44, 84, 8702572
0.21, 4.88, 25.08, 122.48, 44, 84, 8714408
0.20, 4.56, 24.90, 113.46, 44, 84, 8726232
0.20, 4.23, 25.19, 106.61, 44, 84, 8738068
0.21, 4.88, 25.08, 122.48, 44, 84, 8749896
0.21, 4.88, 24.90, 121.56, 44, 84, 8761724
0.21, 4.56, 25.08, 114.32, 44, 84, 8773556
0.21, 4.88, 25.08, 122.48, 44, 84, 8785388
0.22, 4.88, 25.00, 122.09, 44, 84, 8797228
0.21, 4.56, 24.92, 113.58, 44, 84, 8809056
0.21, 4.23, 25.17, 106.49, 44, 84, 8820892
0.20, 4.88, 25.17, 122.88, 44, 84, 8832732
0.20, 4.88, 24.81, 121.16, 44, 84, 8844556
0.20, 4.88, 25.11, 122.61, 44, 84, 8856380
0.21, 4.56, 25.08, 114.32, 45, 84, 8868212
0.20, 4.88, 24.84, 121.30, 45, 84, 8880044
0.20, 4.23, 25.22, 106.72, 45, 84, 8891876
0.21, 4.88, 25.14, 122.74, 45, 84, 8903716
0.22, 5.21, 25.03, 130.37, 45, 84, 8915544
0.23, 5.21, 24.95, 129.94, 45, 84, 8927384
0.23, 4.88, 25.06, 122.35, 45, 84, 8939212
0.23, 4.88, 24.92, 121.69, 45, 84, 8951064
0.23, 5.21, 24.95, 129.94, 45, 84, 8962872
0.23, 5.21, 24.90, 129.66, 45, 84, 8974704
0.23, 4.88, 25.14, 122.74, 45, 84, 8986536
0.23, 5.53, 25.00, 138.36, 45, 84, 8998368
0.23, 5.53, 24.95, 138.07, 45, 84, 9010208
0.23, 4.88, 25.11, 122.61, 45, 84, 9022036
0.23, 5.21, 25.17, 131.07, 45, 84, 9033868
0.23, 5.53, 24.84, 137.47, 45, 84, 9045692
0.23, 5.21, 24.81, 129.24, 45, 84, 9057536
0.23, 5.21, 25.14, 130.93, 46, 84, 9069356
0.23, 5.53, 25.14, 139.11, 46, 84, 9081192
0.23, 5.53, 24.79, 137.17, 46, 84, 9093020
0.23, 5.21, 25.17, 131.07, 46, 84, 9104856
0.24, 5.86, 25.06, 146.82, 46, 84, 9116692
0.24, 5.53, 24.81, 137.32, 46, 84, 9128516
0.24, 5.21, 25.17, 131.07, 46, 84, 9140356
0.24, 5.86, 24.95, 146.19, 46, 84, 9152180
0.24, 5.86, 24.90, 145.87, 46, 84, 9164016
0.24, 5.21, 25.14, 130.93, 46, 84, 9175840
0.25, 5.86, 25.11, 147.14, 46, 84, 9187668
0.25, 5.86, 24.76, 145.08, 46, 84, 9199500
0.24, 5.21, 24.90, 129.66, 46, 84, 9211344
0.25, 5.86, 25.03, 146.66, 46, 84, 9223172
0.24, 5.86, 24.84, 145.55, 46, 84, 9234996
0.24, 5.53, 25.00, 138.36, 46, 84, 9246836
0.24, 6.18, 24.95, 154.31, 46, 84, 9258656
0.24, 6.18, 24.98, 154.48, 47, 84, 9270496
0.24, 5.53, 25.08, 138.81, 47, 84, 9282320
0.24, 5.53, 24.92, 137.92, 47, 84, 9294160
0.25, 6.18, 24.90, 153.97, 47, 84, 9305984
0.25, 5.86, 24.95, 146.19, 47, 84, 9317820
0.25, 5.53, 25.11, 138.96, 47, 84, 9329660
0.25, 6.18, 25.08, 155.14, 47, 84, 9341484
0.25, 6.18, 24.81, 153.47, 47, 84, 9353324
0.25, 5.86, 25.14, 147.29, 47, 84, 9365148
0.25, 6.18, 25.08, 155.14, 47, 84, 9376984
0.25, 6.18, 24.76, 153.14, 47, 84, 9388808
0.25, 6.18, 24.84, 153.64, 47, 84, 9400648
0.25, 5.53, 25.17, 139.26, 47, 84, 9412476
0.25, 6.18, 24.76, 153.14, 47, 84, 9424308
0.25, 5.86, 25.00, 146.50, 47, 84, 9436144
0.25, 6.51, 25.00, 162.78, 47, 84, 9447968
0.25, 6.51, 24.87, 161.90, 47, 84, 9459804
0.25, 5.86, 25.22, 147.77, 48, 84, 9471628
0.25, 6.51, 25.08, 163.31, 48, 84, 9483468
0.25, 5.86, 25.11, 147.14, 48, 84, 9495292
0.25, 6.18, 25.00, 154.64, 48, 84, 9507132
0.26, 6.51, 25.00, 162.78, 48, 84, 9518960
0.26, 5.86, 25.06, 146.82, 48, 84, 9530792
0.26, 5.86, 25.14, 147.29, 48, 84, 9542628
0.26, 6.51, 24.92, 162.25, 48, 84, 9554452
0.26, 6.51, 24.79, 161.38, 48, 84, 9566292
0.26, 6.84, 25.00, 170.92, 48, 84, 9578116
0.26, 6.84, 25.06, 171.29, 48, 84, 9589956
0.26, 6.18, 24.98, 154.48, 48, 84, 9601784
0.26, 6.18, 24.92, 154.14, 48, 84, 9613620
0.26, 6.84, 24.90, 170.18, 48, 84, 9625448
0.26, 6.51, 24.95, 162.43, 48, 84, 9637280
0.26, 6.51, 25.08, 163.31, 48, 84, 9649116
0.26, 6.84, 24.90, 170.18, 48, 84, 9660944
0.26, 6.84, 24.92, 170.37, 49, 84, 9672796
0.26, 6.84, 24.90, 170.18, 49, 84, 9684604
0.26, 7.16, 24.90, 178.29, 49, 84, 9696444
0.26, 6.18, 25.19, 155.81, 49, 84, 9708268
0.27, 6.84, 25.14, 171.84, 49, 84, 9720108
0.27, 6.84, 25.08, 171.47, 49, 84, 9731932
0.27, 6.51, 24.98, 162.61, 49, 84, 9743764
0.27, 7.16, 25.06, 179.45, 49, 84, 9755604
0.27, 7.16, 24.98, 178.87, 49, 84, 9767428
0.27, 6.51, 25.08, 163.31, 49, 84, 9779264
0.27, 6.51, 25.08, 163.31, 49, 84, 9791108
0.27, 7.16, 24.84, 177.90, 49, 84, 9802928
0.27, 6.51, 25.14, 163.66, 49, 84, 9814752
0.27, 7.16, 25.06, 179.45, 49, 84, 9826592
0.27, 6.84, 24.71, 168.89, 49, 84, 9838420
0.27, 7.16, 24.79, 177.51, 49, 84, 9850252
0.27, 7.16, 25.08, 179.64, 49, 84, 9862092
0.27, 7.49, 24.81, 185.78, 50, 84, 9873916
0.27, 6.84, 25.06, 171.29, 50, 84, 9885756
0.28, 7.49, 24.92, 186.59, 50, 84, 9897580
0.28, 7.16, 24.79, 177.51, 50, 84, 9909420
0.28, 7.16, 25.03, 179.25, 50, 84, 9921244
0.28, 7.49, 25.11, 188.01, 50, 84, 9933076
0.28, 7.16, 24.92, 178.48, 50, 84, 9944908
0.28, 6.84, 24.95, 170.55, 50, 84, 9956736
0.28, 7.81, 24.92, 194.71, 50, 84, 9968572
0.28, 6.84, 25.14, 171.84, 50, 84, 9980392
0.28, 7.16, 25.11, 179.83, 50, 84, 9992232
0.28, 7.16, 24.71, 176.93, 50, 84, 10004060
0.28, 7.16, 25.00, 179.06, 50, 84, 10015900
0.28, 7.49, 24.98, 187.00, 50, 84, 10027724
0.28, 7.81, 24.79, 193.65, 50, 84, 10039560
0.28, 7.49, 24.84, 185.99, 50, 84, 10051404
0.28, 7.49, 25.08, 187.80, 50, 84, 10063220
0.28, 7.49, 24.92, 186.59, 51, 84, 10075048
0.28, 7.49, 25.08, 187.80, 51, 84, 10086884
0.28, 7.81, 24.84, 194.07, 51, 84, 10098716
0.29, 7.81, 24.76, 193.44, 51, 84, 10110540
0.29, 8.14, 25.06, 203.92, 51, 84, 10122380
0.29, 7.81, 24.84, 194.07, 51, 84, 10134208
0.29, 7.16, 25.03, 179.25, 51, 84, 10146044
0.30, 8.14, 24.90, 202.60, 51, 84, 10157868
0.30, 8.46, 24.90, 210.70, 51, 84, 10169700
0.29, 7.16, 25.11, 179.83, 51, 84, 10181532
0.29, 8.14, 24.81, 201.94, 51, 84, 10193364
0.29, 7.81, 24.76, 193.44, 51, 84, 10205200
0.29, 7.16, 25.17, 180.22, 51, 84, 10217032
0.29, 8.14, 25.06, 203.92, 51, 84, 10228868
0.29, 7.81, 24.81, 193.86, 51, 84, 10240696
0.29, 7.49, 25.08, 187.80, 51, 84, 10252532
0.29, 8.14, 24.76, 201.50, 51, 84, 10264356
0.30, 8.46, 24.81, 210.02, 52, 84, 10276188
0.30, 7.81, 25.14, 196.39, 52, 84, 10288024
0.30, 8.79, 24.79, 217.86, 52, 84, 10299856
0.30, 7.49, 25.03, 187.40, 52, 84, 10311692
0.30, 8.79, 25.06, 220.23, 52, 84, 10323520
0.30, 8.14, 24.68, 200.84, 52, 84, 10335356
0.30, 7.81, 24.98, 195.13, 52, 84, 10347184
0.30, 8.79, 25.06, 220.23, 52, 84, 10359020
0.30, 7.81, 25.03, 195.55, 52, 84, 10370840
0.30, 8.14, 24.95, 203.04, 52, 84, 10382672
0.30, 8.46, 24.81, 210.02, 52, 84, 10394504
0.30, 8.14, 25.00, 203.48, 52, 84, 10406336
0.30, 8.79, 25.11, 220.70, 52, 84, 10418172
0.30, 8.46, 24.71, 209.10, 52, 84, 10430000
0.30, 8.14, 24.84, 202.16, 52, 84, 10441840
0.30, 8.79, 25.03, 219.99, 52, 84, 10453664
0.30, 8.46, 24.87, 210.47, 52, 84, 10465504
0.30, 7.81, 25.17, 196.60, 53, 84, 10477328
0.30, 8.46, 25.08, 212.30, 53, 84, 10489168
0.31, 8.14, 24.79, 201.72, 53, 84, 10500992
0.31, 8.46, 24.87, 210.47, 53, 84, 10512836
0.31, 9.11, 24.76, 225.68, 53, 84, 10524656
0.32, 8.79, 25.11, 220.70, 53, 84, 10536480
0.32, 9.44, 25.06, 236.54, 53, 84, 10548316
0.32, 8.79, 25.06, 220.23, 53, 84, 10560144
0.32, 9.11, 24.98, 227.65, 53, 84, 10571980
0.32, 9.11, 24.68, 224.94, 53, 84, 10583808
0.32, 8.79, 24.84, 218.33, 53, 84, 10595648
0.32, 9.44, 24.92, 235.27, 53, 84, 10607472
0.32, 8.79, 24.87, 218.57, 53, 84, 10619304
0.32, 9.11, 25.14, 229.12, 53, 84, 10631140
0.32, 8.79, 24.81, 218.10, 53, 84, 10642964
0.32, 8.46, 25.11, 212.53, 53, 84, 10654800
0.32, 9.11, 24.76, 225.68, 53, 84, 10666624
0.32, 8.46, 24.98, 211.39, 54, 84, 10678456
0.32, 9.11, 24.90, 226.91, 54, 84, 10690284
0.32, 8.46, 25.00, 211.62, 54, 84, 10702116
0.33, 9.77, 24.76, 241.80, 54, 84, 10713940
0.33, 9.11, 24.71, 225.19, 54, 84, 10725772
0.33, 8.79, 25.08, 220.47, 54, 84, 10737612
0.33, 9.77, 24.68, 241.01, 54, 84, 10749436
0.33, 9.11, 24.84, 226.42, 54, 84, 10761272
0.33, 9.11, 24.92, 227.16, 54, 84, 10773120
0.33, 10.09, 24.68, 249.04, 54, 84, 10784940
0.33, 9.77, 25.08, 244.96, 54, 84, 10796764
0.33, 10.09, 24.92, 251.49, 54, 84, 10808604
0.33, 9.11, 25.11, 228.88, 54, 84, 10820428
0.33, 9.11, 24.98, 227.65, 54, 84, 10832264
0.33, 9.77, 24.68, 241.01, 54, 84, 10844100
0.33, 9.11, 25.06, 228.39, 54, 84, 10855924
0.33, 10.09, 24.90, 251.22, 54, 84, 10867764
0.33, 9.44, 24.87, 234.76, 55, 84, 10879592
0.33, 9.11, 24.81, 226.17, 55, 84, 10891444
0.33, 10.09, 24.60, 248.23, 55, 84, 10903252
0.34, 9.44, 24.84, 234.51, 55, 84, 10915092
0.34, 10.42, 24.95, 259.89, 55, 84, 10926920
0.34, 10.74, 24.76, 265.98, 55, 84, 10938748
0.34, 9.44, 25.19, 237.82, 55, 84, 10950588
0.34, 10.74, 24.76, 265.98, 55, 84, 10962416
0.35, 10.09, 24.68, 249.04, 55, 84, 10974252
0.34, 10.42, 24.79, 258.20, 55, 84, 10986076
0.34, 10.09, 24.54, 247.68, 55, 84, 10997916
0.34, 10.42, 25.00, 260.45, 55, 84, 11009740
0.34, 10.74, 25.03, 268.88, 55, 84, 11021576
0.34, 9.77, 25.11, 245.23, 55, 84, 11033404
0.34, 10.42, 25.00, 260.45, 55, 84, 11045236
0.34, 9.77, 24.81, 242.33, 55, 84, 11057068
0.34, 10.74, 25.03, 268.88, 55, 84, 11068900
0.34, 11.07, 24.73, 273.74, 56, 84, 11080736
0.34, 10.09, 25.17, 253.94, 56, 84, 11092560
0.35, 11.07, 25.11, 277.92, 56, 84, 11104400
0.35, 9.77, 24.92, 243.38, 56, 84, 11116228
0.35, 10.74, 24.81, 266.56, 56, 84, 11128060
0.36, 10.42, 24.73, 257.64, 56, 84, 11139884
0.36, 9.77, 25.06, 244.70, 56, 84, 11151716
0.36, 9.77, 24.76, 241.80, 56, 84, 11163544
0.36, 11.39, 24.98, 284.56, 56, 84, 11175380
0.36, 10.74, 24.84, 266.85, 56, 84, 11187216
0.36, 10.09, 24.98, 252.04, 56, 84, 11199044
0.35, 10.42, 25.11, 261.57, 56, 84, 11210884
0.36, 10.09, 24.79, 250.13, 56, 84, 11222704
0.36, 10.74, 25.17, 270.33, 56, 84, 11234540
0.36, 10.42, 24.57, 255.95, 56, 84, 11246368
0.36, 10.74, 25.03, 268.88, 56, 84, 11258192
0.36, 10.74, 24.76, 265.98, 56, 84, 11270024
0.36, 10.42, 25.08, 261.29, 57, 84, 11281860
0.36, 11.07, 24.57, 271.95, 57, 84, 11293692
0.36, 11.07, 25.22, 279.12, 57, 84, 11305516
0.36, 11.07, 24.84, 274.94, 57, 84, 11317356
0.36, 10.74, 25.17, 270.33, 57, 84, 11329176
0.36, 12.04, 24.98, 300.82, 57, 84, 11341012
0.37, 10.74, 24.79, 266.27, 57, 84, 11352836
0.37, 10.74, 24.98, 268.30, 57, 84, 11364672
0.37, 10.74, 24.95, 268.01, 57, 84, 11376500
0.37, 11.72, 24.81, 290.79, 57, 84, 11388332
0.37, 12.04, 24.65, 296.92, 57, 84, 11400168
0.37, 11.39, 24.95, 284.25, 57, 84, 11411992
0.37, 10.74, 24.54, 263.66, 57, 84, 11423824
0.37, 11.39, 25.00, 284.87, 57, 84, 11435644
0.37, 11.39, 24.95, 284.25, 57, 84, 11447488
0.37, 11.72, 24.98, 292.69, 57, 84, 11459312
0.37, 11.72, 24.52, 287.32, 57, 84, 11471148
0.37, 12.04, 24.95, 300.50, 58, 84, 11482972
0.37, 12.04, 24.71, 297.57, 58, 84, 11494800
0.37, 11.07, 25.17, 278.52, 58, 84, 11506636
0.37, 11.72, 24.63, 288.58, 58, 84, 11518460
0.38, 10.74, 24.90, 267.43, 58, 84, 11530300
0.38, 11.39, 24.71, 281.49, 58, 84, 11542124
0.37, 11.39, 25.11, 286.10, 58, 84, 11553960
0.38, 11.72, 24.49, 287.00, 58, 84, 11565784
0.38, 10.74, 24.95, 268.01, 58, 84, 11577620
0.38, 12.37, 25.11, 310.62, 58, 84, 11589444
0.38, 11.72, 24.65, 288.90, 58, 84, 11601272
0.38, 11.07, 24.79, 274.34, 58, 84, 11613128
0.38, 11.39, 25.14, 286.40, 58, 85, 11624936
0.38, 12.37, 24.76, 306.28, 58, 84, 11636772
0.38, 11.07, 25.00, 276.73, 58, 84, 11648596
0.37, 12.04, 25.22, 303.74, 58, 84, 11660436
0.38, 11.72, 24.81, 290.79, 58, 84, 11672256
0.38, 12.04, 24.84, 299.20, 59, 84, 11684092
0.38, 11.39, 24.95, 284.25, 59, 84, 11695920
0.38, 11.72, 25.22, 295.54, 59, 84, 11707748
0.38, 11.39, 24.68, 281.18, 59, 84, 11719580
0.39, 11.39, 24.98, 284.56, 59, 84, 11731424
0.39, 11.72, 24.54, 287.63, 59, 84, 11743240
0.39, 13.35, 24.87, 331.90, 59, 84, 11755068
0.39, 12.37, 24.71, 305.61, 59, 84, 11766904
0.39, 13.02, 24.98, 325.21, 59, 84, 11778728
0.39, 13.35, 24.68, 329.38, 59, 84, 11790568
0.39, 13.02, 24.95, 324.86, 59, 84, 11802392
0.39, 13.35, 24.79, 330.82, 59, 84, 11814224
0.39, 12.70, 25.00, 317.42, 59, 84, 11826052
0.39, 12.70, 24.52, 311.26, 59, 84, 11837888
0.39, 11.72, 24.79, 290.48, 59, 84, 11849728
0.39, 12.70, 24.41, 309.89, 59, 84, 11861552
0.39, 13.35, 24.84, 331.54, 59, 84, 11873404
0.39, 13.02, 24.57, 319.94, 60, 84, 11885216
0.39, 11.72, 24.87, 291.43, 60, 84, 11897052
0.39, 13.67, 24.76, 338.52, 60, 84, 11908880
0.39, 12.70, 24.54, 311.60, 60, 84, 11920716
0.40, 13.35, 24.52, 327.22, 60, 84, 11932540
0.40, 13.02, 24.76, 322.40, 60, 84, 11944372
0.40, 13.35, 25.03, 334.06, 60, 84, 11956208
0.40, 12.04, 24.76, 298.22, 60, 84, 11968032
0.40, 13.67, 24.90, 340.37, 60, 84, 11979864
0.40, 12.70, 24.49, 310.92, 60, 84, 11991704
0.40, 13.35, 24.81, 331.18, 60, 84, 12003528
0.40, 12.04, 24.84, 299.20, 60, 84, 12015352
0.40, 13.67, 24.95, 341.10, 60, 84, 12027184
0.40, 13.35, 24.95, 332.98, 60, 84, 12039012
0.40, 13.67, 24.98, 341.47, 60, 84, 12050840
0.40, 13.02, 25.17, 327.67, 60, 84, 12062676
0.40, 13.67, 24.65, 337.05, 60, 84, 12074500
0.40, 13.02, 25.11, 326.97, 61, 84, 12086336
0.40, 12.70, 24.63, 312.63, 61, 84, 12098156
0.40, 14.00, 24.98, 349.60, 61, 84, 12109996
0.41, 13.02, 24.87, 323.81, 61, 84, 12121820
0.41, 14.00, 24.92, 348.85, 61, 84, 12133656
0.41, 13.02, 24.92, 324.51, 61, 84, 12145476
0.41, 14.00, 24.68, 345.45, 61, 84, 12157308
0.41, 13.02, 24.87, 323.81, 61, 84, 12169144
0.41, 13.67, 24.52, 335.20, 61, 84, 12180968
0.41, 13.67, 24.98, 341.47, 61, 84, 12192804
0.41, 13.35, 24.90, 332.26, 61, 84, 12204628
0.41, 14.00, 24.95, 349.22, 61, 84, 12216468
0.41, 13.35, 24.81, 331.18, 61, 84, 12228288
0.41, 14.00, 24.98, 349.60, 61, 84, 12240124
0.41, 13.67, 25.00, 341.84, 61, 84, 12251948
0.41, 14.00, 24.81, 347.34, 61, 84, 12263780
0.41, 14.00, 25.06, 350.73, 61, 84, 12275612
0.41, 14.32, 24.44, 350.01, 62, 84, 12287444
0.41, 13.35, 24.84, 331.54, 62, 84, 12299280
0.41, 14.32, 24.57, 351.94, 62, 84, 12311108
0.42, 13.67, 24.84, 339.63, 62, 84, 12322948
0.42, 14.32, 24.60, 352.32, 62, 84, 12334772
0.42, 13.35, 24.81, 331.18, 62, 84, 12346608
0.42, 14.65, 24.60, 360.33, 62, 84, 12358432
0.43, 14.32, 24.84, 355.80, 62, 84, 12370260
0.43, 14.32, 24.68, 353.48, 62, 84, 12382092
0.43, 14.97, 24.84, 371.97, 62, 84, 12393920
0.42, 14.32, 24.81, 355.41, 62, 84, 12405756
0.43, 15.63, 24.84, 388.15, 62, 84, 12417580
0.42, 14.00, 24.76, 346.58, 62, 84, 12429416
0.42, 14.97, 24.63, 368.74, 62, 84, 12441240
0.42, 14.00, 24.73, 346.20, 62, 84, 12453080
0.42, 14.97, 24.46, 366.32, 62, 84, 12464904
0.43, 14.32, 24.57, 351.94, 62, 84, 12476740
0.42, 14.65, 24.46, 358.36, 63, 84, 12488564
0.42, 14.65, 25.11, 367.84, 63, 84, 12500400
0.42, 14.32, 24.60, 352.32, 63, 84, 12512236
0.43, 15.30, 24.63, 376.76, 63, 84, 12524060
0.43, 14.00, 24.65, 345.07, 63, 84, 12535900
0.43, 15.63, 24.60, 384.35, 63, 84, 12547724
0.43, 14.65, 24.68, 361.52, 63, 84, 12559564
0.43, 15.30, 24.52, 375.11, 63, 84, 12571388
0.44, 14.97, 24.60, 368.34, 63, 84, 12583228
0.43, 15.30, 24.81, 379.65, 63, 84, 12595052
0.44, 14.97, 24.95, 373.59, 63, 84, 12606884
0.43, 15.63, 24.41, 381.40, 63, 84, 12618724
0.44, 15.30, 24.90, 380.89, 63, 84, 12630548
0.43, 15.63, 24.49, 382.67, 63, 84, 12642384
0.43, 15.63, 24.71, 386.04, 63, 84, 12654208
0.44, 14.65, 24.81, 363.49, 63, 84, 12666044
0.44, 15.95, 24.63, 392.79, 63, 84, 12677872
0.44, 14.97, 24.95, 373.59, 64, 84, 12689704
0.43, 14.65, 24.49, 358.75, 64, 84, 12701532
0.43, 14.97, 24.92, 373.19, 64, 84, 12713376
0.44, 14.65, 24.60, 360.33, 64, 84, 12725196
0.44, 15.63, 24.52, 383.09, 64, 84, 12737020
0.44, 14.97, 24.76, 370.76, 64, 84, 12748864
0.45, 15.30, 24.54, 375.52, 64, 84, 12760688
0.45, 15.95, 25.08, 400.10, 64, 84, 12772524
0.45, 14.97, 25.00, 374.40, 64, 84, 12784348
0.44, 15.95, 24.81, 395.80, 64, 84, 12796184
0.45, 15.30, 25.06, 383.36, 64, 84, 12808004
0.45, 16.28, 24.65, 401.25, 64, 84, 12819840
0.44, 15.30, 24.84, 380.06, 64, 84, 12831692
0.45, 15.63, 24.95, 389.83, 64, 85, 12843496
0.45, 16.28, 24.52, 399.05, 64, 84, 12855336
0.44, 16.28, 25.03, 407.39, 64, 84, 12867160
0.45, 15.30, 24.54, 375.52, 64, 84, 12878996
0.45, 15.95, 24.41, 389.35, 65, 84, 12890816
0.44, 15.30, 24.84, 380.06, 65, 84, 12902652
0.45, 15.63, 24.65, 385.20, 65, 84, 12914480
0.45, 16.28, 24.90, 405.20, 65, 84, 12926308
0.46, 15.30, 24.90, 380.89, 65, 84, 12938140
0.45, 16.28, 24.60, 400.37, 65, 84, 12949972
0.45, 16.28, 24.95, 406.08, 65, 84, 12961812
0.45, 16.60, 24.30, 403.45, 65, 84, 12973652
0.46, 16.60, 24.73, 410.61, 65, 84, 12985472
0.45, 16.28, 25.06, 407.83, 65, 84, 12997300
0.45, 16.28, 24.30, 395.54, 65, 84, 13009136
0.45, 16.60, 24.87, 412.85, 65, 84, 13020964
0.44, 15.30, 24.71, 378.00, 65, 84, 13032792
0.44, 16.28, 24.49, 398.61, 65, 84, 13044620
0.43, 16.28, 25.06, 407.83, 65, 84, 13056452
0.42, 14.65, 24.76, 362.70, 65, 84, 13068292
0.42, 15.95, 24.46, 390.21, 65, 84, 13080120
0.42, 14.97, 24.79, 371.17, 66, 84, 13091972
0.42, 15.30, 24.57, 375.93, 66, 84, 13103780
0.42, 15.30, 24.81, 379.65, 66, 84, 13115620
0.42, 14.97, 24.90, 372.78, 66, 84, 13127440
0.42, 15.63, 24.79, 387.30, 66, 84, 13139280
0.41, 14.97, 24.76, 370.76, 66, 84, 13151100
0.42, 15.30, 24.92, 381.30, 66, 84, 13162932
0.42, 14.97, 24.54, 367.53, 66, 84, 13174768
0.42, 15.30, 24.60, 376.35, 66, 84, 13186592
0.42, 14.97, 25.11, 376.01, 66, 84, 13198428
0.41, 14.32, 24.60, 352.32, 66, 84, 13210256
0.42, 14.97, 24.63, 368.74, 66, 84, 13222092
0.42, 14.65, 24.92, 365.07, 66, 84, 13233916
0.42, 14.97, 24.54, 367.53, 66, 84, 13245752
0.42, 14.97, 24.46, 366.32, 66, 84, 13257572
0.42, 14.65, 24.79, 363.10, 66, 84, 13269404
0.41, 14.65, 24.76, 362.70, 66, 84, 13281240
0.41, 14.65, 24.71, 361.91, 67, 84, 13293064
0.41, 14.97, 24.98, 373.99, 67, 84, 13304900
0.42, 14.32, 24.90, 356.57, 67, 84, 13316724
0.42, 15.30, 24.36, 372.63, 67, 84, 13328560
0.43, 15.30, 24.87, 380.47, 67, 84, 13340384
0.44, 14.32, 24.73, 354.26, 67, 84, 13352224
0.43, 14.97, 24.54, 367.53, 67, 84, 13364048
0.43, 14.65, 25.03, 366.65, 67, 84, 13375884
0.43, 14.00, 24.57, 343.94, 67, 84, 13387720
0.43, 14.97, 24.38, 365.11, 67, 84, 13399544
0.43, 14.65, 24.87, 364.28, 67, 84, 13411384
0.43, 14.32, 24.90, 356.57, 67, 84, 13423208
0.43, 14.97, 24.38, 365.11, 67, 84, 13435044
0.43, 15.30, 24.98, 382.12, 67, 84, 13446872
0.44, 14.32, 24.60, 352.32, 67, 84, 13458712
0.43, 14.97, 24.68, 369.55, 67, 84, 13470536
0.43, 14.65, 24.98, 365.86, 67, 84, 13482368
0.42, 14.32, 24.95, 357.35, 68, 84, 13494204
0.43, 14.65, 24.98, 365.86, 68, 84, 13506028
0.44, 15.63, 24.57, 383.93, 68, 84, 13517864
0.44, 15.30, 24.90, 380.89, 68, 84, 13529688
0.44, 14.97, 24.92, 373.19, 68, 84, 13541528
0.44, 14.65, 24.46, 358.36, 68, 84, 13553352
0.44, 15.30, 24.68, 377.58, 68, 84, 13565192
0.44, 15.63, 24.98, 390.25, 68, 84, 13577016
0.43, 15.30, 24.57, 375.93, 68, 84, 13588848
0.44, 14.32, 24.73, 354.26, 68, 84, 13600676
0.44, 15.95, 24.71, 394.08, 68, 84, 13612504
0.44, 15.30, 25.08, 383.77, 68, 84, 13624340
0.44, 14.65, 24.87, 364.28, 68, 84, 13636168
0.44, 15.30, 24.44, 373.87, 68, 84, 13648000
0.44, 15.30, 24.36, 372.63, 68, 84, 13659828
0.43, 15.30, 24.79, 379.23, 68, 84, 13671664
0.44, 14.65, 24.79, 363.10, 68, 84, 13683488
0.44, 14.97, 24.38, 365.11, 69, 84, 13695316
0.44, 15.30, 24.19, 370.16, 69, 84, 13707148
0.44, 15.63, 24.84, 388.15, 69, 84, 13718980
0.45, 14.65, 24.49, 358.75, 69, 84, 13730820
0.45, 14.97, 24.71, 369.95, 69, 84, 13742644
0.45, 15.30, 24.95, 381.71, 69, 84, 13754488
0.45, 14.97, 24.79, 371.17, 69, 84, 13766312
0.45, 15.63, 24.68, 385.62, 69, 84, 13778148
0.45, 16.28, 24.52, 399.05, 69, 84, 13789972
0.45, 14.97, 24.90, 372.78, 69, 84, 13801808
0.45, 15.63, 24.57, 383.93, 69, 84, 13813652
0.45, 15.30, 24.76, 378.82, 69, 84, 13825464
0.45, 16.28, 24.68, 401.69, 69, 84, 13837300
0.45, 15.95, 24.71, 394.08, 69, 84, 13849128
0.45, 15.63, 24.71, 386.04, 69, 84, 13860968
0.45, 15.30, 24.63, 376.76, 69, 84, 13872796
0.45, 16.60, 24.87, 412.85, 69, 84, 13884632
0.45, 16.28, 24.76, 403.00, 70, 84, 13896460
0.45, 16.28, 24.44, 397.73, 70, 84, 13908296
0.46, 15.63, 24.81, 387.73, 70, 84, 13920124
0.45, 15.95, 24.92, 397.52, 70, 84, 13931972
0.45, 15.95, 24.90, 397.09, 70, 84, 13943792
0.45, 15.95, 24.76, 394.94, 70, 84, 13955616
0.47, 16.28, 24.52, 399.05, 70, 84, 13967456
0.47, 16.60, 24.41, 405.24, 70, 84, 13979284
0.46, 16.28, 24.81, 403.88, 70, 84, 13991116
0.47, 16.28, 24.76, 403.00, 70, 84, 14002944
0.46, 16.93, 24.60, 416.38, 70, 84, 14014780
0.46, 15.63, 24.79, 387.30, 70, 84, 14026604
0.47, 16.60, 24.60, 408.38, 70, 84, 14038432
0.47, 15.95, 24.65, 393.22, 70, 84, 14050272
0.46, 16.60, 24.65, 409.27, 70, 84, 14062096
0.46, 16.60, 24.71, 410.17, 70, 84, 14073928
0.47, 16.28, 24.60, 400.37, 70, 84, 14085752
0.45, 16.93, 24.33, 411.82, 71, 84, 14097588
0.45, 17.25, 24.76, 427.18, 71, 84, 14109412
0.47, 15.95, 24.81, 395.80, 71, 84, 14121248
0.47, 15.95, 24.84, 396.23, 71, 84, 14133072
0.47, 16.93, 24.73, 418.67, 71, 84, 14144904
0.47, 17.25, 24.38, 420.67, 71, 84, 14156740
0.48, 16.93, 24.30, 411.36, 71, 84, 14168560
0.47, 17.90, 24.73, 442.82, 71, 84, 14180396
0.47, 16.28, 24.63, 400.81, 71, 84, 14192236
0.46, 16.28, 24.65, 401.25, 71, 84, 14204060
0.46, 16.28, 24.63, 400.81, 71, 84, 14215884
0.48, 17.25, 24.52, 422.99, 71, 84, 14227716
0.48, 17.58, 24.54, 431.45, 71, 84, 14239540
0.48, 17.25, 24.81, 428.11, 71, 84, 14251372
0.47, 17.58, 24.95, 438.56, 71, 84, 14263200
0.47, 16.93, 24.81, 420.04, 71, 84, 14275028
0.47, 16.60, 24.87, 412.85, 71, 84, 14286868
0.47, 16.28, 24.63, 400.81, 72, 84, 14298692
0.47, 18.23, 24.57, 447.92, 72, 84, 14310528
0.47, 17.90, 24.38, 436.54, 72, 84, 14322356
0.48, 17.58, 24.92, 438.09, 72, 84, 14334196
0.46, 17.25, 25.08, 432.77, 72, 84, 14346016
0.48, 17.90, 24.63, 440.89, 72, 84, 14357852
0.48, 16.93, 24.52, 415.01, 72, 84, 14369684
0.49, 18.23, 24.27, 442.51, 72, 84, 14381516
0.48, 17.58, 24.81, 436.19, 72, 84, 14393356
0.48, 17.58, 24.81, 436.19, 72, 84, 14405180
0.48, 16.93, 24.63, 416.84, 72, 84, 14417016
0.49, 17.58, 24.79, 435.72, 72, 84, 14428840
0.49, 18.23, 24.36, 443.99, 72, 84, 14440684
0.48, 18.55, 24.30, 450.91, 72, 84, 14452504
0.50, 17.90, 25.06, 448.61, 72, 84, 14464336
0.49, 17.90, 25.00, 447.65, 72, 84, 14476168
0.48, 17.58, 24.68, 433.82, 72, 84, 14487996
0.47, 16.93, 24.41, 413.19, 73, 84, 14499832
0.48, 17.25, 24.76, 427.18, 73, 84, 14511656
0.48, 18.23, 24.60, 448.41, 73, 84, 14523492
0.48, 17.90, 24.65, 441.37, 73, 84, 14535312
0.50, 18.55, 24.60, 456.42, 73, 84, 14547152
0.48, 18.55, 24.52, 454.92, 73, 84, 14558976
0.47, 17.58, 24.76, 435.24, 73, 84, 14570812
0.49, 18.55, 24.63, 456.92, 73, 85, 14582636
0.49, 18.55, 25.00, 463.93, 73, 84, 14594468
0.48, 17.58, 24.65, 433.35, 73, 84, 14606300
0.48, 17.90, 24.52, 438.96, 73, 84, 14618128
0.47, 17.90, 24.49, 438.47, 73, 84, 14629964
0.49, 18.88, 24.63, 464.94, 73, 84, 14641792
0.49, 18.23, 24.84, 452.84, 73, 84, 14653644
0.48, 18.88, 24.41, 460.86, 73, 84, 14665452
0.49, 19.21, 24.90, 478.13, 73, 84, 14677288
0.49, 18.88, 24.79, 467.99, 73, 84, 14689116
0.49, 18.55, 24.57, 455.92, 74, 84, 14700940
0.49, 18.55, 24.81, 460.42, 74, 84, 14712776
0.50, 18.88, 24.92, 470.54, 74, 85, 14724600
0.49, 18.88, 24.52, 462.90, 74, 84, 14736440
0.50, 18.88, 24.68, 465.95, 74, 84, 14748268
0.50, 19.86, 24.46, 485.77, 74, 84, 14760100
0.51, 18.88, 24.98, 471.56, 74, 84, 14771948
0.50, 19.21, 24.76, 475.54, 74, 84, 14783768
0.50, 19.53, 24.60, 480.44, 74, 84, 14795592
0.51, 19.21, 24.68, 473.99, 74, 84, 14807420
0.51, 19.53, 24.76, 483.60, 74, 84, 14819256
0.50, 19.21, 24.98, 479.69, 74, 84, 14831080
0.51, 19.21, 24.60, 472.43, 74, 84, 14842920
0.51, 19.21, 24.49, 470.36, 74, 84, 14854744
0.51, 19.86, 24.44, 485.24, 74, 84, 14866584
0.50, 18.88, 24.71, 466.46, 74, 84, 14878404
0.49, 20.18, 24.63, 497.00, 74, 84, 14890248
0.50, 20.18, 24.41, 492.65, 75, 84, 14902072
0.50, 19.21, 24.65, 473.47, 75, 84, 14913920
0.50, 20.51, 24.54, 503.36, 75, 84, 14925736
0.50, 20.51, 24.76, 507.78, 75, 84, 14937568
0.50, 19.86, 24.90, 494.34, 75, 84, 14949404
0.53, 20.83, 24.81, 516.97, 75, 84, 14961232
0.52, 20.51, 24.27, 497.83, 75, 84, 14973072
0.52, 20.51, 24.90, 510.55, 75, 84, 14984892
0.53, 19.53, 24.81, 484.66, 75, 84, 14996728
0.51, 20.18, 24.65, 497.55, 75, 84, 15008552
0.52, 19.86, 24.38, 484.16, 75, 84, 15020380
0.52, 20.83, 24.52, 510.79, 75, 84, 15032228
0.52, 20.18, 24.41, 492.65, 75, 84, 15044044
0.51, 20.83, 24.36, 507.41, 75, 84, 15055880
0.52, 20.51, 24.49, 502.25, 75, 84, 15067708
0.53, 21.48, 24.36, 523.27, 75, 84, 15079544
0.53, 19.86, 24.60, 488.45, 75, 84, 15091368
0.53, 20.51, 24.79, 508.34, 76, 84, 15103208
0.52, 21.48, 24.76, 531.96, 76, 84, 15115032
0.52, 20.83, 24.90, 518.65, 76, 84, 15126864
0.52, 21.16, 24.87, 526.19, 76, 84, 15138692
0.53, 21.16, 24.84, 525.62, 76, 84, 15150528
0.53, 20.83, 24.71, 514.72, 76, 84, 15162364
0.53, 20.83, 24.79, 516.40, 76, 84, 15174192
0.54, 21.16, 24.46, 517.63, 76, 84, 15186032
0.55, 21.48, 24.73, 531.38, 76, 84, 15197852
0.54, 21.48, 24.49, 526.17, 76, 84, 15209688
0.54, 20.83, 24.71, 514.72, 76, 84, 15221512
0.54, 21.48, 24.25, 520.95, 76, 84, 15233348
0.54, 21.16, 24.57, 519.91, 76, 84, 15245172
0.54, 21.16, 24.76, 523.90, 76, 84, 15257000
0.55, 21.81, 24.30, 530.02, 76, 84, 15268840
0.54, 20.83, 24.49, 510.22, 76, 84, 15280664
0.54, 21.16, 24.54, 519.34, 76, 84, 15292500
0.54, 22.14, 24.49, 542.11, 77, 84, 15304324
0.55, 22.46, 24.54, 551.30, 77, 84, 15316164
0.54, 22.14, 24.52, 542.71, 77, 84, 15327984
0.54, 22.79, 24.60, 560.52, 77, 84, 15339828
0.55, 22.14, 24.46, 541.52, 77, 84, 15351652
0.56, 22.79, 24.44, 556.83, 77, 84, 15363484
0.57, 22.46, 24.65, 553.72, 77, 84, 15375320
0.57, 22.79, 24.41, 556.21, 77, 84, 15387144
0.56, 22.79, 24.79, 564.82, 77, 84, 15398984
0.55, 23.11, 24.60, 568.52, 77, 84, 15410804
0.56, 23.11, 24.84, 574.13, 77, 84, 15422640
0.56, 23.11, 24.27, 561.04, 77, 84, 15434464
0.56, 22.46, 24.79, 556.75, 77, 84, 15446304
0.56, 22.79, 24.68, 562.36, 77, 84, 15458128
0.56, 22.46, 24.71, 554.93, 77, 84, 15469956
0.56, 22.79, 24.87, 566.66, 77, 84, 15481796
0.55, 22.79, 24.79, 564.82, 77, 84, 15493624
0.55, 22.46, 24.54, 551.30, 78, 84, 15505460
0.56, 22.46, 24.81, 557.35, 78, 84, 15517288
0.56, 22.79, 24.81, 565.43, 78, 84, 15529124
0.56, 23.44, 24.63, 577.16, 78, 84, 15540948
0.56, 22.79, 24.68, 562.36, 78, 84, 15552784
0.57, 23.44, 24.57, 575.90, 78, 84, 15564612
0.57, 22.46, 24.49, 550.08, 78, 84, 15576444
0.56, 22.79, 24.60, 560.52, 78, 84, 15588284
0.57, 22.79, 24.81, 565.43, 78, 84, 15600108
0.57, 22.14, 24.52, 542.71, 78, 84, 15611944
0.57, 23.11, 24.65, 569.77, 78, 84, 15623768
0.58, 22.79, 24.73, 563.59, 78, 84, 15635604
0.57, 23.44, 24.65, 577.79, 78, 84, 15647428
0.58, 22.79, 24.54, 559.29, 78, 84, 15659264
0.57, 23.11, 24.81, 573.51, 78, 84, 15671088
0.58, 22.79, 24.60, 560.52, 78, 84, 15682920
0.58, 23.44, 24.57, 575.90, 78, 84, 15694748
0.58, 23.76, 24.46, 581.33, 79, 84, 15706576
0.58, 23.44, 24.68, 578.43, 79, 84, 15718412
0.59, 24.41, 23.98, 585.41, 79, 84, 15730236
0.59, 24.41, 24.60, 600.55, 79, 84, 15742072
0.59, 24.41, 24.52, 598.58, 79, 84, 15753912
0.59, 24.74, 24.36, 602.55, 79, 84, 15765728
0.60, 23.76, 24.46, 581.33, 79, 84, 15777556
0.60, 25.07, 24.38, 611.16, 79, 84, 15789392
0.59, 23.44, 24.54, 575.27, 79, 84, 15801216
0.59, 23.44, 24.33, 570.21, 79, 84, 15813044
0.59, 23.44, 24.54, 575.27, 79, 84, 15824880
0.58, 23.76, 24.52, 582.61, 79, 84, 15836708
0.60, 23.44, 24.33, 570.21, 79, 84, 15848544
0.58, 24.09, 24.63, 593.19, 79, 84, 15860364
0.57, 24.41, 24.60, 600.55, 79, 84, 15872216
0.58, 24.41, 24.65, 601.87, 79, 84, 15884024
0.59, 23.76, 24.49, 581.97, 79, 84, 15895864
0.59, 24.74, 24.44, 604.56, 80, 84, 15907680
0.59, 24.41, 24.11, 588.70, 80, 84, 15919516
0.58, 24.74, 24.30, 601.22, 80, 84, 15931348
0.59, 24.41, 24.46, 597.26, 80, 84, 15943176
0.60, 24.41, 24.41, 595.94, 80, 84, 15955008
0.60, 24.09, 24.71, 595.14, 80, 84, 15966832
0.59, 24.74, 24.68, 610.56, 80, 84, 15978668
0.59, 24.74, 24.79, 613.23, 80, 84, 15990492
0.59, 24.41, 24.76, 604.50, 80, 84, 16002328
0.59, 24.41, 24.63, 601.21, 80, 84, 16014168
0.59, 25.07, 24.46, 613.19, 80, 84, 16025980
0.60, 25.07, 24.38, 611.16, 80, 84, 16037816
0.59, 24.09, 24.41, 588.00, 80, 84, 16049640
0.59, 24.09, 24.44, 588.65, 80, 84, 16061476
0.59, 25.39, 24.52, 622.52, 80, 84, 16073300
0.60, 24.09, 24.57, 591.90, 80, 84, 16085136
0.59, 24.09, 24.71, 595.14, 80, 84, 16096956
0.59, 24.41, 24.73, 603.84, 81, 84, 16108796
0.59, 24.74, 24.54, 607.23, 81, 84, 16120620
0.60, 23.76, 24.38, 579.41, 81, 84, 16132464
0.60, 25.39, 24.33, 617.73, 81, 84, 16144280
0.60, 24.74, 24.38, 603.22, 81, 84, 16156108
0.60, 24.41, 24.38, 595.28, 81, 84, 16167944
0.60, 24.09, 24.27, 584.75, 81, 84, 16179772
0.60, 25.07, 24.46, 613.19, 81, 84, 16191608
0.60, 24.41, 24.71, 603.19, 81, 84, 16203432
0.60, 24.41, 24.54, 599.24, 81, 84, 16215272
0.60, 24.74, 24.65, 609.89, 81, 84, 16227096
0.60, 24.41, 24.60, 600.55, 81, 84, 16238928
0.60, 25.07, 24.44, 612.51, 81, 84, 16250756
0.60, 25.07, 24.36, 610.48, 81, 84, 16262588
0.60, 25.39, 24.25, 615.67, 81, 84, 16274424
0.60, 24.09, 24.46, 589.30, 81, 84, 16286248
0.60, 24.41, 24.57, 599.89, 81, 84, 16298088
0.60, 24.74, 24.63, 609.23, 82, 84, 16309912
0.60, 25.07, 24.87, 623.33, 82, 84, 16321744
0.60, 25.39, 24.57, 623.89, 82, 84, 16333576
0.60, 25.07, 24.60, 616.57, 82, 84, 16345412
0.61, 25.39, 24.38, 619.10, 82, 84, 16357236
0.61, 24.41, 24.49, 597.92, 82, 84, 16369068
0.61, 24.74, 24.36, 602.55, 82, 84, 16380908
0.61, 25.07, 24.57, 615.89, 82, 84, 16392728
0.61, 25.07, 24.65, 617.92, 82, 84, 16404568
0.61, 26.04, 24.44, 636.37, 82, 84, 16416396
0.61, 25.72, 24.60, 632.58, 82, 84, 16428232
0.62, 25.72, 24.38, 627.03, 82, 84, 16440056
0.61, 25.39, 23.95, 608.14, 82, 84, 16451896
0.61, 24.74, 24.44, 604.56, 82, 85, 16463716
0.61, 25.07, 24.57, 615.89, 82, 84, 16475552
0.61, 25.07, 24.65, 617.92, 82, 84, 16487388
0.61, 25.39, 24.79, 629.37, 82, 84, 16499212
0.61, 25.72, 24.49, 629.81, 83, 84, 16511052
0.61, 26.37, 24.14, 636.51, 83, 84, 16522880
0.61, 26.04, 24.41, 635.67, 83, 84, 16534716
0.62, 25.07, 24.49, 613.86, 83, 84, 16546544
0.62, 24.41, 24.52, 598.58, 83, 84, 16558380
0.62, 25.07, 24.65, 617.92, 83, 84, 16570204
0.62, 26.04, 24.54, 639.18, 83, 84, 16582036
0.62, 25.72, 24.68, 634.66, 83, 84, 16593876
0.62, 25.72, 24.60, 632.58, 83, 84, 16605700
0.62, 26.37, 24.09, 635.08, 83, 84, 16617536
0.62, 24.74, 24.76, 612.56, 83, 84, 16629364
0.62, 26.04, 24.52, 638.48, 83, 84, 16641196
0.62, 25.39, 24.81, 630.05, 83, 84, 16653020
0.62, 26.37, 24.19, 637.93, 83, 84, 16664860
0.63, 25.07, 24.65, 617.92, 83, 84, 16676684
0.62, 25.72, 24.36, 626.34, 83, 84, 16688516
0.62, 25.72, 24.27, 624.26, 83, 84, 16700352
0.62, 26.04, 24.52, 638.48, 84, 84, 16712176
0.62, 26.69, 24.49, 653.72, 84, 84, 16724016
0.62, 25.39, 24.46, 621.15, 84, 84, 16735840
0.63, 25.72, 24.52, 630.50, 84, 84, 16747676
0.63, 25.39, 24.76, 628.68, 84, 84, 16759504
0.63, 25.72, 24.79, 637.44, 84, 84, 16771344
0.63, 26.04, 24.79, 645.51, 84, 84, 16783168
0.63, 26.04, 24.52, 638.48, 84, 84, 16795000
0.63, 27.02, 24.11, 651.49, 84, 84, 16806832
0.63, 26.37, 24.27, 640.06, 84, 84, 16818664
0.63, 25.72, 24.79, 637.44, 84, 84, 16830500
0.63, 26.37, 24.17, 637.22, 84, 84, 16842324
0.64, 26.04, 24.79, 645.51, 84, 84, 16854176
0.64, 26.37, 24.36, 642.20, 84, 84, 16865984
0.63, 26.69, 24.41, 651.56, 84, 84, 16877820
0.63, 26.37, 24.36, 642.20, 84, 84, 16889640
0.62, 25.72, 24.41, 627.73, 84, 84, 16901476
0.62, 26.69, 24.52, 654.44, 85, 84, 16913304
0.63, 26.37, 24.60, 648.60, 85, 84, 16925132
0.63, 26.04, 24.63, 641.29, 85, 84, 16936972
0.64, 27.02, 24.33, 657.32, 85, 84, 16948796
0.63, 27.02, 24.33, 657.32, 85, 84, 16960636
0.63, 26.37, 24.52, 646.46, 85, 84, 16972476
0.62, 26.69, 24.14, 644.36, 85, 84, 16984296
0.63, 26.69, 24.25, 647.24, 85, 84, 16996124
0.64, 26.69, 24.36, 650.12, 85, 84, 17007952
0.63, 26.69, 24.41, 651.56, 85, 84, 17019784
0.63, 25.39, 24.73, 628.00, 85, 84, 17031616
0.63, 25.72, 24.41, 627.73, 85, 84, 17043452
0.63, 27.34, 24.41, 667.46, 85, 84, 17055284
0.63, 26.04, 24.54, 639.18, 85, 84, 17067120
0.63, 26.69, 24.19, 645.80, 85, 84, 17078944
0.63, 26.04, 24.65, 641.99, 85, 84, 17090784
0.63, 26.04, 24.49, 637.78, 85, 84, 17102608
0.64, 26.69, 24.30, 648.68, 86, 84, 17114464
0.64, 27.02, 24.19, 653.68, 86, 85, 17126276
0.65, 26.37, 24.90, 656.42, 86, 84, 17138104
0.64, 27.34, 24.60, 672.62, 86, 84, 17149940
0.65, 26.37, 24.71, 651.44, 86, 84, 17161764
0.65, 27.34, 24.25, 663.03, 86, 84, 17173600
0.65, 27.67, 24.03, 664.95, 86, 84, 17185424
0.65, 27.67, 24.03, 664.95, 86, 84, 17197260
0.66, 27.02, 24.68, 666.80, 86, 84, 17209084
0.66, 27.02, 24.65, 666.07, 86, 84, 17220920
0.66, 27.02, 24.57, 663.88, 86, 84, 17232744
0.66, 28.32, 24.27, 687.47, 86, 84, 17244576
0.66, 27.67, 24.52, 678.39, 86, 84, 17256412
0.66, 26.69, 24.79, 661.64, 86, 84, 17268232
0.66, 27.02, 24.87, 671.90, 86, 84, 17280072
0.65, 27.67, 24.11, 667.19, 86, 84, 17291896
0.66, 27.34, 24.41, 667.46, 86, 84, 17303732
0.66, 27.34, 24.52, 670.41, 87, 84, 17315556
0.65, 27.99, 24.17, 676.55, 87, 84, 17327392
0.65, 27.34, 24.79, 677.78, 87, 84, 17339216
0.66, 28.65, 24.25, 694.60, 87, 84, 17351044
0.67, 27.02, 24.63, 665.34, 87, 84, 17362880
0.67, 27.67, 24.71, 683.61, 87, 84, 17374704
0.67, 27.67, 24.33, 673.16, 87, 84, 17386540
0.66, 27.67, 24.65, 682.12, 87, 84, 17398364
0.67, 27.34, 24.68, 674.83, 87, 84, 17410200
0.67, 28.32, 24.44, 692.06, 87, 84, 17422024
0.67, 28.65, 24.17, 692.29, 87, 84, 17433860
0.67, 29.30, 23.84, 698.54, 87, 84, 17445688
0.68, 28.97, 24.14, 699.37, 87, 84, 17457516
0.68, 29.30, 24.09, 705.65, 87, 84, 17469344
0.67, 29.30, 24.17, 708.02, 87, 84, 17481176
0.67, 28.65, 24.17, 692.29, 87, 84, 17493012
0.68, 28.32, 24.73, 700.46, 87, 84, 17504836
0.68, 29.62, 23.76, 703.90, 88, 84, 17516680
0.67, 28.97, 24.25, 702.50, 88, 84, 17528504
0.68, 29.95, 24.22, 725.37, 88, 84, 17540344
0.68, 28.65, 24.38, 698.47, 88, 84, 17552168
0.68, 29.30, 24.06, 704.86, 88, 84, 17564000
0.68, 29.62, 24.36, 721.48, 88, 84, 17575836
0.68, 28.97, 24.38, 706.40, 88, 84, 17587664
0.69, 28.65, 24.63, 705.42, 88, 84, 17599500
0.68, 30.27, 24.30, 735.70, 88, 84, 17611320
0.69, 29.30, 24.60, 720.66, 88, 84, 17623160
0.68, 29.62, 24.38, 722.28, 88, 84, 17634984
0.68, 29.95, 24.38, 730.22, 88, 84, 17646824
0.68, 28.97, 24.60, 712.66, 88, 84, 17658644
0.68, 30.27, 24.44, 739.79, 88, 84, 17670480
0.67, 29.62, 24.22, 717.48, 88, 84, 17682304
0.67, 29.62, 24.33, 720.68, 88, 84, 17694136
0.68, 29.30, 24.44, 715.92, 88, 84, 17705972
0.69, 29.95, 24.33, 728.60, 89, 84, 17717796
0.68, 29.62, 24.46, 724.68, 89, 84, 17729632
0.68, 29.95, 24.22, 725.37, 89, 84, 17741456
0.68, 30.27, 24.38, 738.15, 89, 84, 17753296
0.69, 29.95, 24.27, 726.98, 89, 84, 17765120
0.70, 29.95, 24.52, 734.25, 89, 84, 17776960
0.70, 29.30, 24.46, 716.71, 89, 84, 17788784
0.69, 30.27, 24.33, 736.52, 89, 84, 17800616
0.69, 29.62, 24.65, 730.27, 89, 84, 17812468
0.69, 29.95, 24.52, 734.25, 89, 84, 17824280
0.69, 29.95, 24.63, 737.49, 89, 84, 17836120
0.69, 30.27, 24.19, 732.44, 89, 84, 17847944
0.69, 30.60, 24.36, 745.26, 89, 84, 17859784
0.68, 30.60, 24.19, 740.31, 89, 84, 17871608
0.68, 30.27, 24.11, 729.99, 89, 84, 17883444
0.69, 30.27, 24.33, 736.52, 89, 84, 17895272
0.69, 30.27, 24.57, 743.87, 89, 84, 17907104
0.69, 31.25, 23.98, 749.32, 90, 84, 17918940
0.69, 30.27, 24.57, 743.87, 90, 84, 17930764
0.69, 30.60, 24.57, 751.87, 90, 84, 17942600
0.69, 30.92, 24.06, 744.02, 90, 84, 17954440
0.70, 30.60, 24.27, 742.79, 90, 84, 17966260
0.69, 30.60, 24.33, 744.44, 90, 84, 17978084
0.69, 31.25, 24.44, 763.65, 90, 84, 17989920
0.69, 30.27, 24.36, 737.34, 90, 84, 18001744
0.69, 31.25, 24.19, 756.06, 90, 84, 18013572
0.69, 30.27, 24.44, 739.79, 90, 84, 18025408
0.70, 30.92, 24.17, 747.35, 90, 84, 18037232
0.69, 30.60, 24.19, 740.31, 90, 84, 18049064
0.69, 31.25, 24.11, 753.54, 90, 84, 18060892
0.70, 30.92, 24.17, 747.35, 90, 84, 18072744
0.70, 31.25, 24.19, 756.06, 90, 84, 18084552
0.70, 30.60, 24.36, 745.26, 90, 84, 18096388
0.70, 31.25, 24.19, 756.06, 90, 84, 18108212
0.71, 30.60, 24.17, 739.49, 91, 84, 18120040
0.70, 31.25, 24.54, 767.02, 91, 84, 18131872
0.70, 31.25, 24.38, 761.96, 91, 84, 18143704
0.70, 31.58, 24.09, 760.53, 91, 84, 18155540
0.71, 31.25, 24.46, 764.49, 91, 84, 18167364
0.71, 31.58, 24.19, 763.94, 91, 84, 18179200
0.71, 31.25, 24.46, 764.49, 91, 84, 18191024
0.71, 31.58, 24.19, 763.94, 91, 84, 18202860
0.72, 31.25, 24.33, 760.28, 91, 84, 18214700
0.71, 31.58, 24.03, 758.83, 91, 84, 18226512
0.71, 31.58, 24.33, 768.20, 91, 84, 18238344
0.71, 31.58, 24.14, 762.24, 91, 84, 18250172
0.71, 31.90, 24.33, 776.12, 91, 84, 18262008
0.71, 31.90, 24.14, 770.09, 91, 84, 18273832
0.71, 32.23, 24.11, 777.08, 91, 84, 18285668
0.72, 32.23, 24.36, 784.91, 91, 84, 18297492
0.71, 31.90, 24.17, 770.95, 91, 84, 18309328
0.71, 32.23, 24.36, 784.91, 92, 84, 18321152
0.71, 32.55, 24.09, 784.05, 92, 84, 18332992
0.71, 32.23, 24.52, 790.12, 92, 84, 18344816
0.71, 32.23, 24.11, 777.08, 92, 84, 18356648
0.70, 32.23, 24.44, 787.51, 92, 84, 18368488
0.72, 31.90, 24.25, 773.54, 92, 84, 18380316
0.72, 32.55, 24.25, 789.32, 92, 84, 18392152
0.71, 31.90, 24.33, 776.12, 92, 84, 18403976
0.72, 32.23, 24.38, 785.78, 92, 84, 18415816
0.72, 32.55, 24.19, 787.57, 92, 84, 18427640
0.72, 32.55, 24.41, 794.59, 92, 84, 18439476
0.72, 32.88, 24.38, 801.65, 92, 84, 18451300
0.72, 32.23, 24.27, 782.30, 92, 84, 18463132
0.71, 32.88, 24.41, 802.54, 92, 84, 18474964
0.72, 32.23, 24.30, 783.17, 92, 84, 18486792
0.71, 32.88, 24.17, 794.56, 92, 84, 18498628
0.71, 32.55, 24.41, 794.59, 92, 84, 18510452
0.71, 32.55, 24.33, 791.96, 93, 84, 18522288
0.71, 32.55, 24.36, 792.83, 93, 84, 18534116
0.72, 32.55, 24.19, 787.57, 93, 84, 18545956
0.73, 33.20, 24.14, 801.53, 93, 84, 18557780
0.72, 32.88, 24.27, 798.10, 93, 84, 18569616
0.72, 33.53, 23.95, 803.05, 93, 84, 18581452
0.73, 33.20, 24.46, 812.27, 93, 84, 18593276
0.73, 33.53, 24.27, 813.91, 93, 84, 18605116
0.72, 33.20, 24.25, 805.11, 93, 84, 18616940
0.72, 32.88, 24.38, 801.65, 93, 84, 18628776
0.72, 33.53, 23.98, 803.96, 93, 84, 18640600
0.73, 33.20, 24.38, 809.59, 93, 84, 18652436
0.74, 32.88, 24.14, 793.67, 93, 84, 18664260
0.72, 33.85, 24.36, 824.55, 93, 84, 18676088
0.73, 33.53, 24.27, 813.91, 93, 84, 18687916
0.74, 33.53, 24.06, 806.67, 93, 84, 18699748
0.73, 33.53, 24.22, 812.10, 93, 84, 18711584
0.73, 33.53, 24.30, 814.81, 94, 84, 18723412
0.72, 33.53, 24.11, 808.48, 94, 84, 18735248
0.72, 33.85, 23.95, 810.85, 94, 84, 18747076
0.73, 33.85, 24.09, 815.42, 94, 84, 18758912
0.74, 34.18, 24.19, 826.94, 94, 84, 18770736
0.74, 33.85, 24.44, 827.29, 94, 84, 18782564
0.74, 33.53, 24.25, 813.00, 94, 84, 18794400
0.74, 34.51, 24.03, 829.24, 94, 84, 18806228
0.73, 34.18, 24.27, 829.71, 94, 84, 18818068
0.74, 34.51, 24.14, 832.96, 94, 84, 18829896
0.73, 34.18, 24.22, 827.87, 94, 84, 18841728
0.74, 34.51, 24.09, 831.10, 94, 84, 18853552
0.74, 33.53, 24.17, 810.29, 94, 84, 18865392
0.74, 34.51, 24.03, 829.24, 94, 84, 18877216
0.74, 34.51, 24.41, 842.27, 94, 84, 18889044
0.74, 34.51, 24.14, 832.96, 94, 84, 18900880
0.74, 33.85, 24.36, 824.55, 94, 84, 18912724
0.74, 34.51, 24.19, 834.82, 95, 84, 18924544
0.74, 34.18, 24.25, 828.79, 95, 84, 18936368
0.74, 34.83, 24.25, 844.58, 95, 84, 18948208
0.74, 34.51, 24.30, 838.54, 95, 84, 18960036
0.73, 34.83, 24.22, 843.64, 95, 84, 18971872
0.74, 34.18, 24.22, 827.87, 95, 84, 18983696
0.74, 34.83, 24.22, 843.64, 95, 84, 18995532
0.75, 34.51, 24.27, 837.61, 95, 84, 19007356
0.75, 35.48, 24.19, 858.45, 95, 84, 19019184
0.75, 35.48, 24.22, 859.40, 95, 84, 19031024
0.74, 35.48, 23.92, 848.88, 95, 84, 19042848
0.74, 34.83, 24.19, 842.70, 95, 84, 19054700
0.75, 34.51, 24.30, 838.54, 95, 84, 19066508
0.75, 35.16, 24.19, 850.57, 95, 84, 19078344
0.75, 35.48, 24.09, 854.62, 95, 84, 19090172
0.75, 34.83, 24.09, 838.94, 95, 84, 19102008
0.75, 34.51, 24.17, 833.89, 95, 84, 19113832
0.75, 35.81, 23.87, 854.73, 96, 84, 19125668
0.75, 35.16, 24.27, 853.42, 96, 84, 19137504
0.76, 35.81, 23.92, 856.67, 96, 84, 19149328
0.77, 35.81, 24.27, 869.22, 96, 84, 19161164
0.76, 35.81, 24.25, 868.25, 96, 84, 19173004
0.76, 35.81, 24.17, 865.36, 96, 84, 19184828
0.76, 36.13, 24.11, 871.28, 96, 84, 19196652
0.76, 36.13, 24.03, 868.35, 96, 84, 19208488
0.78, 36.13, 24.06, 869.33, 96, 84, 19220308
0.76, 36.13, 24.11, 871.28, 96, 84, 19232140
0.76, 36.13, 24.14, 872.25, 96, 84, 19243976
0.77, 35.81, 24.22, 867.29, 96, 84, 19255800
0.77, 35.48, 24.19, 858.45, 96, 84, 19267636
0.77, 35.81, 24.11, 863.43, 96, 84, 19279460
0.76, 36.46, 24.25, 884.04, 96, 84, 19291296
0.76, 36.13, 24.27, 877.12, 96, 84, 19303120
0.76, 36.46, 24.22, 883.06, 96, 84, 19314976
0.77, 36.13, 24.19, 874.20, 97, 84, 19326784
0.76, 36.46, 24.19, 882.07, 97, 84, 19338616
0.76, 36.46, 24.14, 880.11, 97, 84, 19350448
0.76, 36.46, 24.17, 881.09, 97, 84, 19362280
0.76, 36.78, 24.09, 885.98, 97, 84, 19374120
0.77, 36.46, 24.11, 879.12, 97, 84, 19385940
0.77, 36.78, 24.19, 889.95, 97, 84, 19397780
0.76, 36.46, 24.25, 884.04, 97, 84, 19409608
0.77, 36.13, 24.17, 873.22, 97, 84, 19421444
0.77, 36.13, 24.14, 872.25, 97, 84, 19433272
0.78, 37.11, 24.06, 892.82, 97, 84, 19445100
0.78, 36.78, 24.14, 887.97, 97, 84, 19456932
0.78, 36.78, 24.06, 884.99, 97, 84, 19468764
0.77, 36.78, 24.19, 889.95, 97, 84, 19480600
0.78, 36.78, 24.27, 892.93, 97, 84, 19492424
0.78, 36.46, 24.11, 879.12, 97, 84, 19504260
0.78, 36.78, 24.03, 884.00, 97, 84, 19516084
0.78, 36.78, 24.01, 883.01, 98, 84, 19527924
0.76, 37.11, 24.17, 896.82, 98, 84, 19539748
0.77, 37.11, 24.22, 898.83, 98, 84, 19551576
0.78, 37.11, 24.11, 894.82, 98, 84, 19563412
0.78, 37.11, 24.11, 894.82, 98, 84, 19575240
0.79, 37.43, 24.14, 903.68, 98, 84, 19587076
0.79, 37.43, 24.17, 904.69, 98, 84, 19598900
0.78, 37.43, 24.11, 902.67, 98, 84, 19610736
0.78, 37.43, 23.87, 893.59, 98, 84, 19622560
0.77, 37.43, 23.95, 896.61, 98, 84, 19634396
0.78, 37.43, 24.06, 900.65, 98, 84, 19646224
0.77, 37.76, 24.17, 912.56, 98, 84, 19658060
0.78, 37.43, 24.17, 904.69, 98, 84, 19669888
0.78, 37.43, 24.17, 904.69, 98, 84, 19681720
0.77, 37.43, 24.14, 903.68, 98, 84, 19693556
0.78, 37.43, 24.06, 900.65, 98, 84, 19705388
0.78, 37.43, 24.09, 901.66, 98, 84, 19717224
0.79, 37.11, 24.30, 901.83, 99, 84, 19729052
0.77, 37.43, 24.14, 903.68, 99, 84, 19740888
0.78, 37.43, 24.17, 904.69, 99, 84, 19752712
0.78, 38.41, 24.06, 924.15, 99, 84, 19764552
0.79, 38.09, 24.14, 919.40, 99, 84, 19776376
0.78, 37.76, 24.14, 911.54, 99, 84, 19788208
0.78, 37.76, 24.22, 914.60, 99, 84, 19800044
0.79, 37.76, 24.11, 910.52, 99, 84, 19811868
0.78, 37.76, 23.92, 903.39, 99, 84, 19823708
0.79, 38.41, 24.27, 932.44, 99, 84, 19835536
0.78, 37.76, 24.14, 911.54, 99, 84, 19847372
0.79, 37.76, 24.19, 913.58, 99, 84, 19859200
0.78, 38.41, 24.01, 922.08, 99, 84, 19871036
0.78, 38.41, 24.17, 928.29, 99, 84, 19882864
0.78, 37.43, 24.19, 905.70, 99, 84, 19894696
0.78, 38.09, 24.22, 922.48, 99, 84, 19906536
0.78, 37.76, 24.14, 911.54, 99, 84, 19918360
0.78, 38.09, 24.14, 919.40, 100, 84, 19930196
0.78, 37.43, 23.90, 894.59, 100, 84, 19942024
0.78, 38.41, 24.11, 926.22, 100, 84, 19953860
0.79, 38.09, 23.92, 911.18, 100, 84, 19965688
0.80, 38.41, 24.41, 937.62, 100, 84, 19977528
0.80, 38.41, 24.06, 924.15, 100, 84, 19989352
0.79, 38.41, 23.98, 921.04, 100, 84, 20001184
0.80, 38.41, 24.27, 932.44, 100, 84, 20013044
0.80, 38.74, 23.90, 925.71, 100, 84, 20024848
0.80, 38.74, 24.25, 939.29, 100, 84, 20036688
0.79, 39.06, 23.92, 934.54, 100, 84, 20048516
0.79, 38.41, 23.82, 914.82, 100, 84, 20060356
0.79, 39.06, 24.14, 942.97, 100, 84, 20072176
0.79, 38.09, 24.14, 919.40, 100, 84, 20084016
0.80, 38.41, 23.87, 916.90, 100, 84, 20095840
0.78, 39.06, 24.17, 944.03, 100, 84, 20107676
0.79, 38.41, 24.11, 926.22, 100, 84, 20119516
0.80, 38.41, 23.87, 916.90, 100, 84, 20131340
0.79, 38.74, 24.25, 939.29, 100, 84, 20143176
0.78, 39.06, 23.84, 931.38, 100, 84, 20155020
0.79, 38.74, 23.98, 928.85, 100, 84, 20166840
0.78, 38.09, 24.17, 920.43, 100, 84, 20178668
0.78, 38.09, 23.84, 908.10, 100, 84, 20190508
0.79, 39.06, 23.95, 935.60, 100, 84, 20202332
0.79, 38.09, 23.87, 909.13, 100, 84, 20214168
0.79, 39.06, 24.17, 944.03, 100, 84, 20226004
0.78, 38.74, 24.33, 942.43, 100, 84, 20237828
0.79, 38.41, 24.09, 925.18, 100, 84, 20249664
0.79, 37.76, 24.11, 910.52, 100, 84, 20261488
0.79, 38.74, 24.27, 940.34, 100, 84, 20273324
0.79, 38.74, 23.92, 926.76, 100, 84, 20285148
0.79, 38.41, 24.17, 928.29, 100, 84, 20296984
0.80, 38.41, 23.92, 918.97, 100, 84, 20308808
0.80, 39.39, 24.01, 945.52, 100, 84, 20320640
0.80, 38.74, 24.01, 929.89, 100, 84, 20332480
0.79, 39.39, 24.11, 949.77, 100, 84, 20344304
0.79, 38.74, 23.95, 927.80, 100, 84, 20356136
0.79, 39.06, 24.22, 946.13, 100, 84, 20367960
0.79, 38.41, 24.17, 928.29, 100, 84, 20379800
0.79, 39.06, 24.33, 950.35, 100, 84, 20391624
0.79, 38.74, 23.90, 925.71, 100, 84, 20403460
0.80, 39.06, 24.19, 945.08, 100, 84, 20415284
0.79, 39.06, 23.84, 931.38, 100, 84, 20427112
0.79, 38.74, 24.22, 938.25, 100, 84, 20438940
0.79, 38.74, 23.92, 926.76, 100, 84, 20450768
0.80, 38.41, 23.98, 921.04, 100, 84, 20462608
0.79, 38.74, 24.27, 940.34, 100, 84, 20474432
0.79, 39.39, 24.11, 949.77, 100, 84, 20486268
0.79, 39.06, 24.03, 938.76, 100, 84, 20498092
0.78, 39.06, 24.11, 941.92, 100, 84, 20509928
0.79, 38.41, 23.92, 918.97, 100, 84, 20521756
0.78, 38.74, 24.30, 941.38, 100, 84, 20533588
0.79, 38.74, 23.92, 926.76, 100, 84, 20545416
0.78, 38.41, 24.14, 927.26, 100, 84, 20557248
0.79, 39.06, 24.06, 939.81, 100, 84, 20569088
0.79, 39.06, 24.25, 947.19, 100, 84, 20580916
0.79, 38.41, 24.11, 926.22, 100, 84, 20592752
0.79, 39.06, 23.90, 933.49, 100, 84, 20604576
0.80, 38.74, 23.82, 922.58, 100, 84, 20616416
0.79, 39.06, 23.87, 932.44, 100, 84, 20628240
0.80, 38.74, 24.30, 941.38, 100, 84, 20640076
0.80, 39.06, 24.11, 941.92, 100, 84, 20651900
0.80, 38.41, 24.01, 922.08, 100, 84, 20663732
0.79, 38.41, 23.98, 921.04, 100, 84, 20675564
0.78, 39.39, 24.06, 947.64, 100, 84, 20687388
0.80, 39.06, 23.95, 935.60, 100, 84, 20699224
0.78, 38.09, 24.11, 918.37, 100, 84, 20711048
0.79, 39.06, 24.22, 946.13, 100, 84, 20722884
0.79, 39.06, 23.76, 928.22, 100, 84, 20734708
0.78, 38.41, 23.76, 912.75, 100, 84, 20746548
0.78, 38.41, 24.19, 929.33, 100, 84, 20758372
0.78, 39.06, 24.03, 938.76, 100, 84, 20770204
0.78, 39.06, 24.06, 939.81, 100, 84, 20782040
0.78, 38.41, 23.95, 920.00, 100, 84, 20793864
0.78, 38.09, 23.92, 911.18, 100, 84, 20805700
0.78, 38.74, 24.22, 938.25, 100, 84, 20817524
0.79, 38.41, 24.17, 928.29, 100, 84, 20829364
0.80, 38.74, 23.98, 928.85, 100, 84, 20841192
0.79, 39.06, 24.25, 947.19, 100, 84, 20853044
0.79, 38.41, 24.09, 925.18, 100, 84, 20864856
0.79, 37.76, 24.09, 909.50, 100, 84, 20876684
0.79, 38.41, 24.11, 926.22, 100, 84, 20888524
0.79, 38.41, 24.19, 929.33, 100, 84, 20900348
0.79, 38.41, 23.90, 917.93, 100, 84, 20912184
0.78, 38.74, 24.30, 941.38, 100, 84, 20924012
STOP
0.78, 39.39, 24.81, 977.39, 0, 84, 20935852
0.77, 33.85, 24.76, 838.24, 0, 84, 20947676
0.69, 29.62, 25.19, 746.25, 0, 84, 20959516
0.45, 26.37, 24.84, 655.00, 0, 84, 20971340
0.25, 23.76, 24.79, 589.02, 0, 84, 20983172
0.12, 21.16, 24.79, 524.47, 0, 84, 20995008
0.05, 19.21, 24.79, 476.06, 0, 84, 21006836
0.02, 17.25, 24.79, 427.65, 0, 84, 21018672
-0.02, 15.63, 24.79, 387.30, 0, 84, 21030496
0.01, 14.00, 24.79, 346.96, 0, 84, 21042340
-0.01, 12.70, 24.79, 314.68, 0, 84, 21054184
0.01, 11.39, 24.79, 282.41, 0, 84, 21066004
-0.01, 10.42, 24.79, 258.20, 0, 84, 21077828
