START
0.00, -0.65, 25.11, -16.35, 1, 19, 512
0.00, -0.33, 25.08, -8.17, 1, 149, 7244
0.00, -0.33, 25.11, -8.17, 1, 85, 19048
-0.00, -0.33, 25.08, -8.17, 1, 84, 30888
0.00, -0.33, 25.08, -8.17, 1, 84, 42708
0.00, -0.33, 25.08, -8.17, 1, 84, 54540
0.00, -0.65, 25.08, -16.33, 1, 84, 66380
0.00, -0.33, 25.08, -8.17, 1, 84, 78192
0.00, -0.33, 25.08, -8.17, 1, 84, 90020
0.00, -0.65, 25.08, -16.33, 1, 84, 101844
0.00, -0.65, 25.08, -16.33, 1, 84, 113680
0.00, -0.65, 25.08, -16.33, 1, 84, 125500
0.00, -0.65, 25.08, -16.33, 1, 84, 137332
0.00, -0.33, 25.08, -8.17, 1, 84, 149152
-0.00, -0.65, 25.08, -16.33, 1, 84, 160984
0.00, -0.65, 25.08, -16.33, 1, 84, 172808
0.00, -0.65, 25.08, -16.33, 1, 84, 184636
0.00, -0.65, 25.08, -16.33, 1, 84, 196456
-0.00, -0.65, 25.08, -16.33, 1, 84, 208288
-0.00, -0.65, 25.08, -16.33, 2, 84, 220120
-0.00, -0.65, 25.08, -16.33, 2, 84, 231936
-0.00, -0.65, 25.08, -16.33, 2, 84, 243772
-0.00, -0.65, 25.08, -16.33, 2, 84, 255588
0.00, -0.65, 25.08, -16.33, 2, 84, 267436
-0.00, -0.65, 25.08, -16.33, 2, 84, 279244
-0.00, -0.65, 25.11, -16.35, 2, 84, 291076
0.00, -0.65, 25.08, -16.33, 2, 84, 302904
0.00, -0.65, 25.08, -16.33, 2, 84, 314728
0.00, -0.65, 25.11, -16.35, 2, 84, 326564
0.00, -0.65, 25.08, -16.33, 2, 85, 338388
0.00, -0.65, 25.11, -16.35, 2, 84, 350220
-0.00, -0.65, 25.11, -16.35, 2, 84, 362044
0.00, -0.65, 25.08, -16.33, 2, 84, 373876
-0.00, -0.65, 25.11, -16.35, 2, 84, 385696
0.00, -0.65, 25.08, -16.33, 2, 84, 397528
-0.00, -0.65, 25.08, -16.33, 2, 84, 409348
0.00, -0.65, 25.08, -16.33, 3, 84, 421184
0.00, -0.65, 25.11, -16.35, 3, 84, 433004
0.00, -0.65, 25.08, -16.33, 3, 84, 444832
0.00, -0.65, 25.11, -16.35, 3, 84, 456664
0.00, -0.65, 25.11, -16.35, 3, 84, 468488
0.00, -0.65, 25.11, -16.35, 3, 84, 480320
0.00, -0.65, 25.08, -16.33, 3, 84, 492144
0.00, -0.65, 25.11, -16.35, 3, 84, 503980
-0.00, -0.65, 25.11, -16.35, 3, 84, 515800
-0.00, -0.65, 25.11, -16.35, 3, 84, 527636
-0.00, -0.65, 25.11, -16.35, 3, 84, 539456
0.00, -0.65, 25.08, -16.33, 3, 84, 551280
-0.00, -0.65, 25.11, -16.35, 3, 84, 563112
0.00, -0.65, 25.11, -16.35, 3, 84, 574936
0.00, -0.65, 25.11, -16.35, 3, 84, 586772
0.00, -0.65, 25.11, -16.35, 3, 84, 598600
0.00, -0.65, 25.11, -16.35, 3, 84, 610432
0.00, -0.65, 25.08, -16.33, 4, 84, 622252
0.00, -0.65, 25.11, -16.35, 4, 84, 634092
0.00, -0.65, 25.11, -16.35, 4, 84, 645912
0.00, -0.65, 25.08, -16.33, 4, 84, 657744
0.00, -0.65, 25.11, -16.35, 4, 84, 669568
-0.00, -0.65, 25.11, -16.35, 4, 84, 681400
-0.00, -0.65, 25.11, -16.35, 4, 84, 693232
0.00, -0.65, 25.11, -16.35, 4, 84, 705060
0.00, -0.65, 25.11, -16.35, 4, 84, 716892
0.00, -0.65, 25.08, -16.33, 4, 84, 728716
0.00, -0.65, 25.11, -16.35, 4, 84, 740548
0.00, -0.65, 25.08, -16.33, 4, 84, 752368
0.00, -0.65, 25.08, -16.33, 4, 84, 764200
-0.00, -0.65, 25.08, -16.33, 4, 84, 776020
0.00, -0.65, 25.08, -16.33, 4, 84, 787848
0.00, -0.65, 25.08, -16.33, 4, 84, 799680
-0.00, -0.65, 25.08, -16.33, 4, 84, 811504
-0.00, -0.65, 25.08, -16.33, 5, 84, 823336
0.00, -0.65, 25.08, -16.33, 5, 84, 835160
0.00, -0.65, 25.08, -16.33, 5, 84, 846992
0.00, -0.65, 25.08, -16.33, 5, 84, 858816
0.00, -0.65, 25.08, -16.33, 5, 84, 870652
0.00, -0.65, 25.08, -16.33, 5, 84, 882476
0.00, -0.65, 25.08, -16.33, 5, 84, 894304
0.00, -0.65, 25.11, -16.35, 5, 84, 906132
0.00, -0.65, 25.08, -16.33, 5, 84, 917960
0.00, -0.65, 25.08, -16.33, 5, 84, 929796
0.00, -0.65, 25.08, -16.33, 5, 84, 941616
0.00, -0.65, 25.08, -16.33, 5, 84, 953452
0.00, -0.65, 25.08, -16.33, 5, 84, 965276
0.00, -0.65, 25.08, -16.33, 5, 84, 977108
0.00, -0.65, 25.08, -16.33, 5, 84, 988928
0.00, -0.65, 25.08, -16.33, 5, 84, 1000768
0.00, -0.65, 25.08, -16.33, 5, 84, 1012592
0.00, -0.65, 25.08, -16.33, 6, 84, 1024420
0.00, -0.65, 25.08, -16.33, 6, 84, 1036252
0.00, -0.65, 25.08, -16.33, 6, 84, 1048076
0.00, -0.65, 25.11, -16.35, 6, 84, 1059912
0.00, -0.65, 25.08, -16.33, 6, 84, 1071732
0.00, -0.65, 25.08, -16.33, 6, 84, 1083564
0.00, -0.65, 25.08, -16.33, 6, 84, 1095388
0.00, -0.65, 25.11, -16.35, 6, 84, 1107220
0.00, -0.65, 25.08, -16.33, 6, 84, 1119044
0.00, -0.65, 25.08, -16.33, 6, 84, 1130872
0.00, -0.65, 25.08, -16.33, 6, 84, 1142700
0.00, -0.65, 25.08, -16.33, 6, 84, 1154532
0.00, -0.65, 25.11, -16.35, 6, 84, 1166380
0.00, -0.65, 25.08, -16.33, 6, 85, 1178188
0.00, -0.65, 25.08, -16.33, 6, 84, 1190020
0.00, -0.65, 25.08, -16.33, 6, 84, 1201844
0.00, -0.65, 25.08, -16.33, 6, 84, 1213676
0.00, -0.65, 25.08, -16.33, 7, 84, 1225496
0.00, -0.65, 25.08, -16.33, 7, 84, 1237324
0.00, -0.33, 25.08, -8.17, 7, 84, 1249152
0.00, -0.65, 25.08, -16.33, 7, 84, 1260980
0.00, -0.33, 25.08, -8.17, 7, 84, 1272812
0.00, -0.65, 25.08, -16.33, 7, 84, 1284632
0.00, -0.65, 25.08, -16.33, 7, 84, 1296468
0.00, -0.65, 25.08, -16.33, 7, 84, 1308288
0.00, -0.33, 25.08, -8.17, 7, 84, 1320120
0.00, -0.65, 25.08, -16.33, 7, 84, 1331940
0.00, -0.65, 25.08, -16.33, 7, 84, 1343772
0.00, -0.65, 25.08, -16.33, 7, 84, 1355592
0.00, -0.65, 25.08, -16.33, 7, 84, 1367432
0.00, -0.65, 25.08, -16.33, 7, 84, 1379248
0.00, -0.33, 25.08, -8.17, 7, 84, 1391076
0.00, -0.33, 25.08, -8.17, 7, 84, 1402904
0.00, -0.65, 25.08, -16.33, 7, 84, 1414728
0.00, -0.65, 25.08, -16.33, 8, 84, 1426576
0.00, -0.33, 25.08, -8.17, 8, 84, 1438388
0.00, -0.65, 25.08, -16.33, 8, 84, 1450220
0.00, -0.65, 25.08, -16.33, 8, 84, 1462040
0.00, -0.33, 25.08, -8.17, 8, 84, 1473872
0.00, -0.33, 25.08, -8.17, 8, 84, 1485696
0.00, -0.33, 25.08, -8.17, 8, 85, 1497520
0.00, -0.33, 25.08, -8.17, 8, 84, 1509356
0.00, -0.33, 25.08, -8.17, 8, 84, 1521176
0.00, -0.33, 25.08, -8.17, 8, 84, 1533012
0.00, -0.65, 25.08, -16.33, 8, 84, 1544832
0.00, -0.33, 25.08, -8.17, 8, 84, 1556668
0.00, -0.33, 25.08, -8.17, 8, 84, 1568488
0.00, -0.33, 25.08, -8.17, 8, 84, 1580324
0.00, -0.33, 25.08, -8.17, 8, 84, 1592148
0.00, -0.33, 25.08, -8.17, 8, 84, 1603976
0.00, -0.33, 25.08, -8.17, 8, 84, 1615808
0.00, -0.65, 25.08, -16.33, 9, 84, 1627644
0.00, -0.33, 25.08, -8.17, 9, 84, 1639464
0.00, -0.33, 25.08, -8.17, 9, 84, 1651284
0.00, -0.33, 25.06, -8.16, 9, 84, 1663116
0.00, -0.33, 25.08, -8.17, 9, 84, 1674936
0.00, -0.65, 25.08, -16.33, 9, 84, 1686784
0.01, -0.33, 25.08, -8.17, 9, 84, 1698588
0.01, -0.33, 25.08, -8.17, 9, 84, 1710416
0.01, -0.33, 25.08, -8.17, 9, 84, 1722248
0.01, -0.33, 25.08, -8.17, 9, 84, 1734076
0.01, -0.33, 25.08, -8.17, 9, 84, 1745908
0.01, -0.33, 25.08, -8.17, 9, 84, 1757732
0.01, -0.33, 25.08, -8.17, 9, 84, 1769564
0.01, -0.33, 25.06, -8.16, 9, 84, 1781388
0.00, -0.33, 25.06, -8.16, 9, 84, 1793224
0.01, -0.33, 25.08, -8.17, 9, 84, 1805040
0.00, -0.33, 25.06, -8.16, 9, 84, 1816876
0.01, -0.33, 25.06, -8.16, 10, 84, 1828696
0.01, -0.33, 25.06, -8.16, 10, 84, 1840524
0.01, -0.33, 25.06, -8.16, 10, 84, 1852356
0.01, -0.33, 25.06, -8.16, 10, 84, 1864176
0.01, -0.33, 25.06, -8.16, 10, 84, 1876012
0.01, -0.33, 25.06, -8.16, 10, 84, 1887848
0.01, -0.33, 25.08, -8.17, 10, 84, 1899664
0.01, -0.33, 25.06, -8.16, 10, 84, 1911484
0.01, -0.33, 25.06, -8.16, 10, 84, 1923320
0.01, -0.33, 25.06, -8.16, 10, 84, 1935140
0.01, -0.33, 25.08, -8.17, 10, 84, 1946968
0.01, -0.33, 25.06, -8.16, 10, 84, 1958800
0.01, -0.33, 25.06, -8.16, 10, 84, 1970624
0.01, -0.33, 25.08, -8.17, 10, 84, 1982456
0.01, -0.33, 25.06, -8.16, 10, 84, 1994276
0.01, -0.33, 25.06, -8.16, 10, 84, 2006112
0.01, -0.33, 25.06, -8.16, 10, 84, 2017936
0.01, -0.33, 25.06, -8.16, 11, 84, 2029772
0.01, -0.33, 25.06, -8.16, 11, 84, 2041592
0.01, -0.33, 25.06, -8.16, 11, 84, 2053428
0.01, -0.33, 25.06, -8.16, 11, 84, 2065248
0.01, -0.33, 25.06, -8.16, 11, 84, 2077076
0.01, -0.33, 25.08, -8.17, 11, 84, 2088908
0.01, -0.33, 25.08, -8.17, 11, 84, 2100732
0.01, -0.33, 25.06, -8.16, 11, 84, 2112564
0.01, -0.33, 25.06, -8.16, 11, 84, 2124380
0.01, -0.33, 25.06, -8.16, 11, 84, 2136216
0.01, -0.33, 25.06, -8.16, 11, 84, 2148040
0.01, -0.33, 25.06, -8.16, 11, 84, 2159872
0.01, -0.33, 25.08, -8.17, 11, 84, 2171692
0.01, -0.33, 25.06, -8.16, 11, 84, 2183516
0.01, -0.33, 25.08, -8.17, 11, 84, 2195348
0.01, -0.33, 25.08, -8.17, 11, 84, 2207176
0.01, -0.33, 25.06, -8.16, 11, 84, 2219012
0.01, -0.33, 25.08, -8.17, 12, 84, 2230832
0.01, -0.33, 25.06, -8.16, 12, 84, 2242672
0.01, -0.33, 25.06, -8.16, 12, 84, 2254492
0.01, -0.33, 25.08, -8.17, 12, 84, 2266328
0.01, -0.33, 25.06, -8.16, 12, 84, 2278152
0.02, -0.33, 25.06, -8.16, 12, 84, 2289988
0.02, -0.33, 25.08, -8.17, 12, 84, 2301808
0.02, -0.33, 25.06, -8.16, 12, 84, 2313640
0.01, -0.33, 25.06, -8.16, 12, 84, 2325476
0.02, -0.33, 25.08, -8.17, 12, 85, 2337296
0.01, -0.33, 25.08, -8.17, 12, 84, 2349132
0.01, -0.33, 25.08, -8.17, 12, 84, 2360952
0.01, -0.33, 25.08, -8.17, 12, 84, 2372784
0.01, -0.33, 25.08, -8.17, 12, 84, 2384608
0.01, -0.33, 25.06, -8.16, 12, 84, 2396444
0.02, -0.33, 25.06, -8.16, 12, 84, 2408260
0.01, -0.33, 25.06, -8.16, 12, 84, 2420088
0.01, -0.33, 25.08, -8.17, 13, 84, 2431916
0.02, -0.33, 25.08, -8.17, 13, 84, 2443744
0.02, -0.33, 25.06, -8.16, 13, 84, 2455576
0.02, -0.33, 25.08, -8.17, 13, 84, 2467400
0.02, -0.33, 25.08, -8.17, 13, 84, 2479236
0.02, -0.33, 25.06, -8.16, 13, 84, 2491052
0.02, -0.33, 25.06, -8.16, 13, 84, 2502884
0.02, -0.33, 25.08, -8.17, 13, 84, 2514704
0.02, -0.33, 25.11, -8.17, 13, 84, 2526556
0.02, -0.33, 25.06, -8.16, 13, 85, 2538360
0.02, -0.33, 25.06, -8.16, 13, 84, 2550188
0.02, -0.33, 25.06, -8.16, 13, 84, 2562020
0.02, -0.33, 25.06, -8.16, 13, 84, 2573844
0.02, -0.33, 25.06, -8.16, 13, 84, 2585676
0.02, -0.33, 25.08, -8.17, 13, 84, 2597496
0.02, -0.33, 25.08, -8.17, 13, 84, 2609328
0.02, -0.33, 25.06, -8.16, 13, 84, 2621152
0.02, -0.33, 25.08, -8.17, 14, 84, 2632984
0.02, -0.33, 25.06, -8.16, 14, 84, 2644804
0.02, -0.33, 25.06, -8.16, 14, 84, 2656632
0.02, -0.33, 25.08, -8.17, 14, 84, 2668460
0.02, -0.33, 25.08, -8.17, 14, 84, 2680288
0.02, -0.33, 25.06, -8.16, 14, 84, 2692124
0.02, -0.33, 25.08, -8.17, 14, 84, 2703944
0.02, -0.00, 25.08, -0.00, 14, 84, 2715780
0.02, -0.33, 25.06, -8.16, 14, 84, 2727600
0.02, -0.33, 25.08, -8.17, 14, 84, 2739432
0.02, -0.00, 25.06, -0.00, 14, 84, 2751256
0.02, -0.00, 25.06, -0.00, 14, 84, 2763088
0.02, -0.00, 25.08, -0.00, 14, 84, 2774908
0.02, -0.33, 25.08, -8.17, 14, 84, 2786756
0.02, -0.33, 25.06, -8.16, 14, 84, 2798572
0.02, -0.00, 25.06, -0.00, 14, 84, 2810396
0.02, -0.33, 25.06, -8.16, 14, 84, 2822232
0.02, -0.00, 25.06, -0.00, 15, 84, 2834056
0.02, -0.00, 25.06, -0.00, 15, 84, 2845892
0.03, -0.00, 25.06, -0.00, 15, 84, 2857708
0.03, -0.00, 25.06, -0.00, 15, 84, 2869544
0.03, -0.00, 25.06, -0.00, 15, 84, 2881364
0.03, -0.00, 25.08, -0.00, 15, 84, 2893192
0.03, -0.00, 25.06, -0.00, 15, 84, 2905024
0.03, -0.00, 25.08, -0.00, 15, 84, 2916852
0.03, -0.00, 25.08, -0.00, 15, 84, 2928684
0.03, -0.00, 25.06, -0.00, 15, 84, 2940508
0.03, -0.00, 25.08, -0.00, 15, 84, 2952344
0.03, -0.00, 25.06, -0.00, 15, 84, 2964168
0.03, -0.00, 25.06, -0.00, 15, 84, 2976000
0.03, -0.00, 25.08, -0.00, 15, 84, 2987840
0.03, -0.00, 25.08, -0.00, 15, 84, 2999652
0.03, -0.33, 25.06, -8.16, 15, 84, 3011480
0.03, -0.00, 25.08, -0.00, 15, 84, 3023308
0.03, -0.00, 25.08, -0.00, 16, 84, 3035144
0.03, -0.00, 25.08, -0.00, 16, 84, 3046984
0.03, -0.00, 25.06, -0.00, 16, 84, 3058804
0.03, -0.00, 25.06, -0.00, 16, 84, 3070624
0.03, -0.00, 25.06, -0.00, 16, 84, 3082460
0.03, -0.00, 25.08, -0.00, 16, 84, 3094280
0.03, -0.00, 25.06, -0.00, 16, 84, 3106120
0.03, -0.00, 25.08, -0.00, 16, 84, 3117944
0.03, -0.00, 25.08, -0.00, 16, 84, 3129768
0.03, -0.00, 25.08, -0.00, 16, 84, 3141600
0.03, -0.00, 25.06, -0.00, 16, 84, 3153424
0.03, -0.00, 25.06, -0.00, 16, 84, 3165260
0.03, -0.00, 25.06, -0.00, 16, 84, 3177080
0.03, -0.00, 25.06, -0.00, 16, 84, 3188912
0.03, -0.00, 25.08, -0.00, 16, 84, 3200736
0.03, -0.00, 25.06, -0.00, 16, 84, 3212568
0.03, -0.00, 25.03, -0.00, 16, 84, 3224388
0.03, -0.00, 25.08, -0.00, 17, 84, 3236216
0.03, -0.00, 25.08, -0.00, 17, 84, 3248064
0.03, -0.00, 25.06, -0.00, 17, 84, 3259872
0.04, -0.00, 25.08, -0.00, 17, 84, 3271704
0.04, -0.00, 25.03, -0.00, 17, 84, 3283524
0.04, -0.00, 25.08, -0.00, 17, 84, 3295356
0.04, -0.00, 25.06, -0.00, 17, 84, 3307176
0.04, -0.00, 25.06, -0.00, 17, 84, 3319008
0.04, -0.00, 25.08, -0.00, 17, 84, 3330832
0.04, -0.00, 25.08, -0.00, 17, 84, 3342668
0.04, -0.00, 25.08, -0.00, 17, 84, 3354484
0.04, -0.00, 25.08, -0.00, 17, 84, 3366312
0.04, -0.00, 25.06, -0.00, 17, 84, 3378148
0.04, -0.00, 25.08, -0.00, 17, 84, 3389968
0.04, -0.00, 25.06, -0.00, 17, 84, 3401800
0.04, -0.00, 25.06, -0.00, 17, 84, 3413620
0.04, -0.00, 25.08, -0.00, 17, 84, 3425456
0.04, -0.00, 25.06, -0.00, 18, 84, 3437272
0.04, -0.00, 25.03, -0.00, 18, 84, 3449108
0.04, -0.00, 25.11, -0.00, 18, 84, 3460928
0.04, 0.33, 25.03, 8.15, 18, 84, 3472756
0.04, -0.00, 25.08, -0.00, 18, 84, 3484580
0.04, 0.33, 25.08, 8.17, 18, 84, 3496408
0.04, 0.33, 25.08, 8.17, 18, 84, 3508256
0.04, 0.33, 25.06, 8.16, 18, 85, 3520060
0.04, 0.33, 25.08, 8.17, 18, 84, 3531896
0.04, 0.33, 25.06, 8.16, 18, 84, 3543716
0.04, 0.33, 25.08, 8.17, 18, 84, 3555548
0.04, -0.00, 25.06, -0.00, 18, 84, 3567372
0.04, 0.33, 25.06, 8.16, 18, 84, 3579200
0.04, 0.33, 25.08, 8.17, 18, 84, 3591028
0.04, 0.33, 25.06, 8.16, 18, 84, 3602856
0.04, 0.33, 25.06, 8.16, 18, 84, 3614692
0.04, 0.33, 25.08, 8.17, 18, 84, 3626512
0.04, 0.33, 25.06, 8.16, 19, 84, 3638348
0.04, 0.33, 25.08, 8.17, 19, 84, 3650172
0.04, 0.33, 25.06, 8.16, 19, 84, 3662004
0.04, 0.33, 25.08, 8.17, 19, 84, 3673832
0.05, 0.33, 25.03, 8.15, 19, 84, 3685664
0.05, 0.33, 25.08, 8.17, 19, 84, 3697488
0.05, 0.33, 25.08, 8.17, 19, 84, 3709316
0.05, 0.33, 25.03, 8.15, 19, 84, 3721152
0.05, 0.33, 25.08, 8.17, 19, 84, 3732972
0.05, 0.33, 25.06, 8.16, 19, 84, 3744812
0.05, 0.33, 25.00, 8.14, 19, 84, 3756632
0.05, 0.33, 25.11, 8.17, 19, 84, 3768464
0.05, 0.33, 25.06, 8.16, 19, 84, 3780288
0.05, 0.33, 25.03, 8.15, 19, 84, 3792120
0.05, 0.33, 25.08, 8.17, 19, 84, 3803944
0.05, 0.33, 25.08, 8.17, 19, 84, 3815768
0.05, 0.33, 25.11, 8.17, 19, 84, 3827596
0.05, 0.33, 25.06, 8.16, 20, 84, 3839424
0.05, 0.33, 25.08, 8.17, 20, 84, 3851260
0.05, 0.33, 25.06, 8.16, 20, 84, 3863080
0.05, 0.33, 25.08, 8.17, 20, 84, 3874916
0.05, 0.33, 25.08, 8.17, 20, 84, 3886740
0.05, 0.33, 25.03, 8.15, 20, 84, 3898572
0.05, 0.33, 25.08, 8.17, 20, 84, 3910392
0.05, 0.33, 25.08, 8.17, 20, 84, 3922224
0.06, 0.33, 25.06, 8.16, 20, 84, 3934044
0.06, 0.33, 25.06, 8.16, 20, 84, 3945876
0.05, 0.33, 25.03, 8.15, 20, 84, 3957708
0.05, 0.33, 25.08, 8.17, 20, 84, 3969524
0.06, 0.65, 25.08, 16.33, 20, 84, 3981360
0.06, 0.33, 25.06, 8.16, 20, 84, 3993180
0.06, 0.33, 25.08, 8.17, 20, 84, 4005012
0.06, 0.33, 25.06, 8.16, 20, 84, 4016836
0.05, 0.65, 25.03, 16.30, 20, 84, 4028668
0.06, 0.65, 25.06, 16.31, 21, 84, 4040488
0.06, 0.65, 25.00, 16.28, 21, 84, 4052312
0.05, 0.33, 25.08, 8.17, 21, 84, 4064140
0.06, 0.65, 25.06, 16.31, 21, 84, 4075968
0.06, 0.33, 25.03, 8.15, 21, 84, 4087804
0.06, 0.33, 25.08, 8.17, 21, 84, 4099628
0.06, 0.33, 25.06, 8.16, 21, 84, 4111464
0.06, 0.65, 25.03, 16.30, 21, 84, 4123284
0.06, 0.65, 25.08, 16.33, 21, 84, 4135116
0.06, 0.33, 25.11, 8.17, 21, 84, 4146952
0.06, 0.65, 25.03, 16.30, 21, 84, 4158768
0.06, 0.33, 25.08, 8.17, 21, 84, 4170592
0.06, 0.33, 25.06, 8.16, 21, 84, 4182420
0.06, 0.33, 25.00, 8.14, 21, 84, 4194256
0.06, 0.65, 25.06, 16.31, 21, 84, 4206076
0.06, 0.65, 25.08, 16.33, 21, 84, 4217908
0.06, 0.65, 25.06, 16.31, 21, 84, 4229732
0.06, 0.33, 25.08, 8.17, 22, 84, 4241568
0.06, 0.65, 25.03, 16.30, 22, 84, 4253392
0.06, 0.65, 25.03, 16.30, 22, 84, 4265224
0.06, 0.65, 25.06, 16.31, 22, 84, 4277048
0.06, 0.65, 25.03, 16.30, 22, 84, 4288872
0.07, 0.65, 25.08, 16.33, 22, 84, 4300700
0.07, 0.65, 25.06, 16.31, 22, 84, 4312528
0.07, 0.65, 25.03, 16.30, 22, 84, 4324360
0.07, 0.65, 25.11, 16.35, 22, 84, 4336184
0.07, 0.65, 25.06, 16.31, 22, 84, 4348020
0.07, 0.65, 25.03, 16.30, 22, 84, 4359840
0.07, 0.65, 25.11, 16.35, 22, 84, 4371672
0.07, 0.65, 25.06, 16.31, 22, 84, 4383496
0.07, 0.65, 25.03, 16.30, 22, 84, 4395328
0.07, 0.33, 25.11, 8.17, 22, 84, 4407164
0.07, 0.65, 25.03, 16.30, 22, 85, 4418976
0.07, 0.65, 25.00, 16.28, 22, 84, 4430812
0.07, 0.65, 25.06, 16.31, 23, 84, 4442632
0.07, 0.98, 25.06, 24.47, 23, 84, 4454460
0.07, 0.65, 25.00, 16.28, 23, 84, 4466284
0.07, 0.65, 25.08, 16.33, 23, 84, 4478116
0.07, 0.65, 25.00, 16.28, 23, 84, 4489936
0.07, 0.65, 25.11, 16.35, 23, 84, 4501772
0.07, 0.98, 25.08, 24.50, 23, 84, 4513596
0.07, 0.65, 25.03, 16.30, 23, 84, 4525420
0.07, 0.65, 25.08, 16.33, 23, 84, 4537252
0.07, 0.98, 25.06, 24.47, 23, 84, 4549080
0.07, 0.98, 25.06, 24.47, 23, 84, 4560912
0.07, 0.65, 25.11, 16.35, 23, 84, 4572736
0.07, 0.98, 25.06, 24.47, 23, 84, 4584572
0.07, 0.65, 25.06, 16.31, 23, 84, 4596392
0.07, 0.98, 25.06, 24.47, 23, 84, 4608240
0.07, 0.98, 25.06, 24.47, 23, 84, 4620048
0.07, 0.65, 25.06, 16.31, 23, 84, 4631880
0.07, 0.65, 25.11, 16.35, 24, 84, 4643704
0.08, 0.98, 25.06, 24.47, 24, 84, 4655532
0.07, 0.65, 25.08, 16.33, 24, 84, 4667372
0.08, 0.65, 25.08, 16.33, 24, 84, 4679192
0.08, 0.98, 25.06, 24.47, 24, 84, 4691028
0.08, 0.98, 25.03, 24.44, 24, 84, 4702852
0.08, 0.98, 25.03, 24.44, 24, 84, 4714684
0.08, 0.98, 25.08, 24.50, 24, 84, 4726508
0.08, 0.98, 25.03, 24.44, 24, 84, 4738344
0.08, 0.98, 25.11, 24.52, 24, 84, 4750168
0.08, 0.98, 25.08, 24.50, 24, 84, 4761996
0.08, 0.98, 25.06, 24.47, 24, 84, 4773832
0.08, 0.98, 25.11, 24.52, 24, 84, 4785656
0.08, 0.98, 25.08, 24.50, 24, 84, 4797488
0.08, 0.98, 25.00, 24.42, 24, 84, 4809308
0.08, 0.98, 25.06, 24.47, 24, 84, 4821144
0.08, 0.98, 25.03, 24.44, 24, 84, 4832964
0.08, 0.98, 25.03, 24.44, 25, 84, 4844800
0.08, 0.65, 25.11, 16.35, 25, 84, 4856624
0.08, 0.98, 25.00, 24.42, 25, 84, 4868464
0.08, 0.98, 25.06, 24.47, 25, 85, 4880276
0.09, 0.98, 25.08, 24.50, 25, 84, 4892104
0.09, 1.30, 25.06, 32.63, 25, 84, 4903936
0.09, 0.98, 25.11, 24.52, 25, 84, 4915756
0.09, 0.98, 25.03, 24.44, 25, 84, 4927592
0.09, 0.98, 25.03, 24.44, 25, 84, 4939408
0.09, 0.98, 25.03, 24.44, 25, 84, 4951248
0.09, 1.30, 25.06, 32.63, 25, 84, 4963064
0.09, 1.30, 25.00, 32.56, 25, 84, 4974900
0.09, 0.98, 25.08, 24.50, 25, 84, 4986724
0.09, 1.30, 25.06, 32.63, 25, 84, 4998548
0.09, 0.98, 25.06, 24.47, 25, 84, 5010380
0.09, 1.30, 25.08, 32.66, 25, 84, 5022200
0.09, 1.30, 25.03, 32.59, 25, 84, 5034032
0.09, 0.98, 25.11, 24.52, 26, 84, 5045856
0.09, 1.30, 25.03, 32.59, 26, 84, 5057688
0.09, 0.98, 25.06, 24.47, 26, 84, 5069508
0.09, 0.98, 25.11, 24.52, 26, 84, 5081344
0.10, 1.30, 25.00, 32.56, 26, 84, 5093164
0.10, 1.30, 25.03, 32.59, 26, 84, 5104992
0.10, 1.30, 25.08, 32.66, 26, 84, 5116816
0.10, 1.30, 24.95, 32.49, 26, 84, 5128648
0.10, 0.98, 25.11, 24.52, 26, 84, 5140476
0.10, 1.30, 25.00, 32.56, 26, 84, 5152300
0.10, 1.30, 24.98, 32.52, 26, 84, 5164132
0.10, 1.30, 25.11, 32.70, 26, 84, 5175956
0.10, 1.30, 25.00, 32.56, 26, 84, 5187788
0.10, 0.98, 25.08, 24.50, 26, 84, 5199612
0.10, 1.30, 25.06, 32.63, 26, 84, 5211444
0.10, 1.30, 24.98, 32.52, 26, 84, 5223268
0.10, 1.30, 25.06, 32.63, 26, 84, 5235092
0.10, 1.30, 25.06, 32.63, 27, 84, 5246924
0.10, 1.30, 25.08, 32.66, 27, 84, 5258744
0.10, 1.30, 25.06, 32.63, 27, 84, 5270576
0.10, 1.63, 24.95, 40.61, 27, 84, 5282400
0.10, 1.30, 25.11, 32.70, 27, 84, 5294232
0.11, 1.63, 24.98, 40.65, 27, 84, 5306052
0.10, 1.63, 24.98, 40.65, 27, 84, 5317892
0.11, 1.63, 25.03, 40.74, 27, 84, 5329708
0.11, 1.63, 25.03, 40.74, 27, 84, 5341540
0.11, 1.30, 25.08, 32.66, 27, 84, 5353364
0.11, 1.63, 25.08, 40.83, 27, 84, 5365188
0.11, 1.63, 24.95, 40.61, 27, 84, 5377024
0.11, 1.63, 25.06, 40.78, 27, 84, 5388844
0.10, 1.63, 25.06, 40.78, 27, 84, 5400680
0.11, 1.30, 25.06, 32.63, 27, 84, 5412504
0.11, 1.30, 25.08, 32.66, 27, 84, 5424336
0.10, 1.30, 24.98, 32.52, 27, 84, 5436156
0.11, 1.30, 25.22, 32.84, 28, 84, 5447992
0.11, 1.63, 25.06, 40.78, 28, 84, 5459816
0.11, 1.63, 24.98, 40.65, 28, 84, 5471644
0.11, 1.63, 25.06, 40.78, 28, 84, 5483480
0.11, 1.95, 25.06, 48.94, 28, 84, 5495304
0.12, 1.63, 25.03, 40.74, 28, 84, 5507156
0.11, 1.63, 25.08, 40.83, 28, 84, 5518960
0.12, 1.95, 25.06, 48.94, 28, 84, 5530796
0.11, 1.63, 24.98, 40.65, 28, 84, 5542616
0.11, 1.63, 25.08, 40.83, 28, 84, 5554456
0.12, 1.95, 25.11, 49.05, 28, 84, 5566276
0.12, 1.63, 25.00, 40.70, 28, 84, 5578104
0.11, 1.95, 25.08, 48.99, 28, 84, 5589932
0.12, 1.63, 25.00, 40.70, 28, 84, 5601760
0.12, 1.63, 25.00, 40.70, 28, 84, 5613596
0.12, 1.95, 25.06, 48.94, 28, 84, 5625420
0.12, 1.95, 25.00, 48.83, 28, 84, 5637252
0.12, 1.63, 25.06, 40.78, 29, 84, 5649072
0.12, 1.95, 25.00, 48.83, 29, 84, 5660904
0.12, 1.63, 25.08, 40.83, 29, 84, 5672724
0.12, 1.95, 24.98, 48.78, 29, 84, 5684560
0.12, 1.95, 24.95, 48.73, 29, 84, 5696380
0.12, 1.63, 25.06, 40.78, 29, 84, 5708204
0.12, 1.95, 25.06, 48.94, 29, 84, 5720036
0.12, 1.95, 24.98, 48.78, 29, 84, 5731860
0.12, 1.63, 25.17, 40.96, 29, 84, 5743692
0.12, 1.95, 25.00, 48.83, 29, 84, 5755512
0.12, 1.95, 25.11, 49.05, 29, 84, 5767356
0.12, 1.95, 25.00, 48.83, 29, 85, 5779160
0.12, 1.95, 24.98, 48.78, 29, 84, 5790996
0.12, 1.95, 25.08, 48.99, 29, 84, 5802816
0.12, 2.28, 25.08, 57.16, 29, 84, 5814648
0.12, 1.95, 25.00, 48.83, 29, 84, 5826476
0.12, 2.28, 25.03, 57.03, 29, 84, 5838300
0.12, 1.95, 24.95, 48.73, 30, 84, 5850136
0.12, 1.63, 25.14, 40.91, 30, 84, 5861960
0.13, 2.28, 25.00, 56.97, 30, 84, 5873792
0.12, 1.95, 25.03, 48.89, 30, 84, 5885616
0.13, 1.95, 25.11, 49.05, 30, 84, 5897452
0.13, 2.28, 25.03, 57.03, 30, 84, 5909272
0.13, 2.28, 24.98, 56.91, 30, 84, 5921100
0.13, 2.28, 25.06, 57.10, 30, 84, 5932928
0.13, 1.95, 25.00, 48.83, 30, 84, 5944760
0.13, 2.28, 24.95, 56.85, 30, 84, 5956596
0.13, 1.95, 25.08, 48.99, 30, 84, 5968432
0.13, 2.28, 25.03, 57.03, 30, 84, 5980252
0.13, 1.95, 25.06, 48.94, 30, 84, 5992072
0.13, 2.28, 25.03, 57.03, 30, 84, 6003908
0.13, 1.95, 24.90, 48.62, 30, 84, 6015728
0.13, 1.63, 25.14, 40.91, 30, 84, 6027564
0.13, 2.28, 25.06, 57.10, 30, 84, 6039384
0.13, 2.28, 24.98, 56.91, 31, 84, 6051212
0.13, 1.95, 25.06, 48.94, 31, 84, 6063048
0.13, 2.60, 25.03, 65.18, 31, 84, 6074872
0.13, 2.28, 24.92, 56.79, 31, 84, 6086704
0.14, 1.95, 25.11, 49.05, 31, 84, 6098528
0.14, 2.28, 25.06, 57.10, 31, 84, 6110360
0.14, 2.28, 25.03, 57.03, 31, 84, 6122184
0.14, 2.28, 25.03, 57.03, 31, 84, 6134016
0.14, 2.28, 24.95, 56.85, 31, 84, 6145836
0.14, 2.28, 25.06, 57.10, 31, 84, 6157668
0.14, 2.60, 25.06, 65.25, 31, 84, 6169492
0.14, 2.28, 25.08, 57.16, 31, 84, 6181320
0.14, 2.28, 25.06, 57.10, 31, 84, 6193152
0.14, 2.60, 24.95, 64.97, 31, 84, 6204972
0.14, 2.28, 25.08, 57.16, 31, 84, 6216808
0.14, 2.60, 25.11, 65.39, 31, 84, 6228640
0.14, 2.28, 25.08, 57.16, 31, 84, 6240460
0.14, 2.60, 25.00, 65.11, 32, 84, 6252280
0.14, 2.60, 24.95, 64.97, 32, 84, 6264112
0.14, 2.60, 25.06, 65.25, 32, 84, 6275940
0.15, 2.60, 25.03, 65.18, 32, 84, 6287768
0.14, 2.28, 24.92, 56.79, 32, 84, 6299600
0.15, 2.60, 25.14, 65.46, 32, 84, 6311420
0.15, 2.93, 25.00, 73.25, 32, 84, 6323256
0.15, 2.28, 25.11, 57.22, 32, 84, 6335080
0.14, 2.60, 25.06, 65.25, 32, 84, 6346916
0.15, 2.60, 25.00, 65.11, 32, 84, 6358736
0.15, 2.28, 25.11, 57.22, 32, 84, 6370572
0.15, 2.60, 24.92, 64.90, 32, 84, 6382396
0.15, 2.60, 24.98, 65.04, 32, 84, 6394220
0.15, 2.93, 25.03, 73.33, 32, 84, 6406052
0.15, 2.60, 24.90, 64.83, 32, 84, 6417880
0.14, 2.28, 25.14, 57.28, 32, 84, 6429716
0.15, 2.93, 25.03, 73.33, 32, 84, 6441536
0.15, 2.60, 24.95, 64.97, 33, 84, 6453372
0.15, 2.60, 25.11, 65.39, 33, 84, 6465196
0.15, 2.93, 25.03, 73.33, 33, 84, 6477028
0.15, 2.93, 25.00, 73.25, 33, 84, 6488868
0.15, 2.60, 24.92, 64.90, 33, 84, 6500684
0.15, 2.93, 24.87, 72.86, 33, 84, 6512508
0.15, 2.60, 25.08, 65.32, 33, 84, 6524336
0.16, 2.60, 25.00, 65.11, 33, 84, 6536172
0.16, 2.93, 24.90, 72.94, 33, 84, 6547992
0.16, 2.60, 25.11, 65.39, 33, 84, 6559828
0.16, 3.26, 24.92, 81.13, 33, 84, 6571652
0.16, 2.93, 24.90, 72.94, 33, 84, 6583484
0.16, 2.93, 25.11, 73.57, 33, 84, 6595304
0.16, 2.93, 25.03, 73.33, 33, 84, 6607136
0.16, 2.60, 25.08, 65.32, 33, 84, 6618960
0.15, 2.93, 25.08, 73.49, 33, 84, 6630788
0.15, 2.93, 25.03, 73.33, 33, 84, 6642624
0.16, 2.93, 25.11, 73.57, 34, 84, 6654444
0.16, 3.26, 25.03, 81.48, 34, 84, 6666280
0.16, 3.26, 24.84, 80.86, 34, 85, 6678104
0.16, 2.60, 25.11, 65.39, 34, 84, 6689936
0.16, 3.26, 24.92, 81.13, 34, 84, 6701760
0.17, 3.26, 24.90, 81.04, 34, 84, 6713592
0.17, 3.26, 25.03, 81.48, 34, 84, 6725420
0.17, 3.26, 25.03, 81.48, 34, 84, 6737248
0.17, 2.93, 25.11, 73.57, 34, 84, 6749076
0.17, 3.58, 25.00, 89.53, 34, 84, 6760904
0.17, 3.26, 24.87, 80.95, 34, 84, 6772740
0.17, 3.58, 25.03, 89.63, 34, 84, 6784556
0.17, 3.58, 25.00, 89.53, 34, 84, 6796388
0.17, 2.93, 25.03, 73.33, 34, 84, 6808212
0.17, 3.58, 24.98, 89.43, 34, 84, 6820048
0.17, 3.26, 25.11, 81.74, 34, 84, 6831868
0.17, 3.26, 25.00, 81.39, 34, 84, 6843704
0.16, 3.26, 24.87, 80.95, 35, 84, 6855528
0.17, 3.26, 24.90, 81.04, 35, 84, 6867372
0.17, 3.58, 25.08, 89.82, 35, 84, 6879192
0.17, 3.26, 25.00, 81.39, 35, 84, 6891012
0.17, 3.58, 25.03, 89.63, 35, 84, 6902844
0.17, 3.26, 25.00, 81.39, 35, 84, 6914660
0.18, 3.26, 25.00, 81.39, 35, 84, 6926496
0.18, 3.91, 24.92, 97.35, 35, 84, 6938316
0.17, 3.58, 24.87, 89.05, 35, 84, 6950152
0.18, 3.91, 24.98, 97.56, 35, 84, 6961972
0.18, 3.58, 24.95, 89.34, 35, 84, 6973796
0.17, 3.91, 25.00, 97.67, 35, 84, 6985624
0.18, 3.58, 24.81, 88.85, 35, 84, 6997452
0.18, 3.26, 25.00, 81.39, 35, 84, 7009288
0.18, 3.91, 25.06, 97.88, 35, 84, 7021108
0.17, 3.26, 24.90, 81.04, 35, 84, 7032940
0.18, 3.58, 25.08, 89.82, 35, 84, 7044768
0.17, 3.91, 24.98, 97.56, 36, 84, 7056600
0.17, 3.26, 25.11, 81.74, 36, 84, 7068424
0.18, 3.58, 25.06, 89.72, 36, 84, 7080260
0.18, 3.58, 24.92, 89.24, 36, 84, 7092076
0.18, 3.91, 25.03, 97.77, 36, 84, 7103904
0.18, 3.91, 24.92, 97.35, 36, 84, 7115736
0.18, 3.58, 24.84, 88.95, 36, 84, 7127576
0.18, 4.23, 25.03, 105.92, 36, 84, 7139396
0.19, 3.58, 25.00, 89.53, 36, 84, 7151220
0.18, 3.91, 25.00, 97.67, 36, 84, 7163052
0.18, 3.91, 24.84, 97.04, 36, 84, 7174872
0.18, 3.91, 25.03, 97.77, 36, 84, 7186708
0.18, 3.91, 25.06, 97.88, 36, 84, 7198532
0.19, 3.91, 24.92, 97.35, 36, 84, 7210364
0.18, 3.91, 25.06, 97.88, 36, 84, 7222192
0.18, 3.91, 25.00, 97.67, 36, 84, 7234024
0.18, 3.58, 24.92, 89.24, 36, 84, 7245852
0.18, 3.91, 24.98, 97.56, 37, 84, 7257676
0.19, 3.91, 24.81, 96.93, 37, 84, 7269512
0.18, 3.91, 25.08, 97.98, 37, 84, 7281336
0.19, 4.23, 24.95, 105.58, 37, 84, 7293168
0.19, 3.58, 25.11, 89.92, 37, 84, 7304992
0.19, 3.91, 25.06, 97.88, 37, 84, 7316824
0.19, 3.91, 24.95, 97.46, 37, 84, 7328652
0.20, 3.91, 25.06, 97.88, 37, 84, 7340480
0.20, 4.23, 24.98, 105.69, 37, 84, 7352308
0.19, 3.58, 25.11, 89.92, 37, 84, 7364132
0.19, 4.23, 24.98, 105.69, 37, 84, 7375964
0.20, 3.91, 25.06, 97.88, 37, 84, 7387788
0.19, 4.23, 25.08, 106.15, 37, 84, 7399616
0.20, 3.91, 25.00, 97.67, 37, 84, 7411440
0.19, 3.91, 25.03, 97.77, 37, 84, 7423272
0.20, 3.91, 25.00, 97.67, 37, 84, 7435092
0.19, 3.91, 25.03, 97.77, 37, 84, 7446920
0.19, 4.23, 24.95, 105.58, 38, 84, 7458752
0.20, 3.91, 25.11, 98.09, 38, 84, 7470572
0.19, 4.56, 25.03, 114.07, 38, 84, 7482408
0.19, 3.91, 25.08, 97.98, 38, 84, 7494224
0.20, 4.56, 24.98, 113.82, 38, 84, 7506060
0.20, 4.23, 25.03, 105.92, 38, 84, 7517880
0.20, 4.56, 25.00, 113.95, 38, 84, 7529712
0.21, 4.23, 25.00, 105.81, 38, 84, 7541532
0.21, 4.23, 25.03, 105.92, 38, 84, 7553364
0.20, 4.56, 24.79, 112.96, 38, 84, 7565184
0.21, 4.23, 25.14, 106.38, 38, 84, 7577016
0.21, 4.23, 25.14, 106.38, 38, 84, 7588864
0.21, 4.23, 25.00, 105.81, 38, 85, 7600672
0.21, 4.56, 25.03, 114.07, 38, 84, 7612504
0.21, 4.23, 24.92, 105.47, 38, 84, 7624328
0.20, 4.23, 24.92, 105.47, 38, 84, 7636164
0.20, 4.23, 24.92, 105.47, 38, 84, 7647984
0.21, 3.91, 25.08, 97.98, 39, 84, 7659820
0.21, 4.88, 24.92, 121.69, 39, 84, 7671640
0.21, 4.56, 24.90, 113.46, 39, 84, 7683472
0.21, 4.56, 25.00, 113.95, 39, 84, 7695304
0.21, 4.23, 24.92, 105.47, 39, 84, 7707124
0.21, 4.23, 25.11, 106.26, 39, 84, 7718956
0.21, 4.88, 24.81, 121.16, 39, 84, 7730780
0.21, 4.56, 25.06, 114.19, 39, 84, 7742616
0.21, 4.56, 24.95, 113.70, 39, 84, 7754436
0.21, 4.23, 25.11, 106.26, 39, 84, 7766268
0.21, 4.88, 24.87, 121.43, 39, 84, 7778088
0.21, 4.56, 24.95, 113.70, 39, 84, 7789912
0.21, 4.88, 24.79, 121.03, 39, 84, 7801740
0.21, 4.23, 25.11, 106.26, 39, 84, 7813568
0.21, 5.21, 25.03, 130.37, 39, 84, 7825404
0.21, 4.56, 25.00, 113.95, 39, 84, 7837224
0.21, 4.23, 25.06, 106.04, 39, 84, 7849072
0.21, 4.56, 25.00, 113.95, 40, 84, 7860876
0.21, 4.88, 25.06, 122.35, 40, 84, 7872712
0.21, 4.56, 24.73, 112.72, 40, 84, 7884532
0.22, 4.56, 25.00, 113.95, 40, 84, 7896372
0.22, 4.88, 25.00, 122.09, 40, 84, 7908188
0.22, 4.88, 24.95, 121.82, 40, 84, 7920016
0.22, 4.88, 24.84, 121.30, 40, 84, 7931844
0.22, 5.21, 25.00, 130.23, 40, 84, 7943668
0.22, 5.21, 24.95, 129.94, 40, 84, 7955504
0.22, 4.88, 25.14, 122.74, 40, 84, 7967324
0.22, 5.21, 24.84, 129.38, 40, 84, 7979152
0.22, 5.21, 25.06, 130.51, 40, 84, 7990976
0.22, 5.21, 24.95, 129.94, 40, 84, 8002808
0.22, 5.21, 25.03, 130.37, 40, 84, 8014628
0.22, 5.53, 24.87, 137.62, 40, 84, 8026452
0.22, 4.88, 25.06, 122.35, 40, 84, 8038280
0.22, 5.21, 24.73, 128.82, 40, 84, 8050108
0.22, 4.88, 25.08, 122.48, 41, 84, 8061940
0.23, 5.21, 24.76, 128.96, 41, 84, 8073764
0.22, 4.56, 25.08, 114.32, 41, 84, 8085592
0.22, 5.53, 24.81, 137.32, 41, 84, 8097416
0.23, 5.53, 24.87, 137.62, 41, 84, 8109264
0.23, 5.53, 24.92, 137.92, 41, 84, 8121068
0.23, 5.21, 24.92, 129.80, 41, 84, 8132904
0.23, 5.53, 24.79, 137.17, 41, 84, 8144720
0.23, 5.21, 24.84, 129.38, 41, 84, 8156548
0.23, 5.53, 25.00, 138.36, 41, 84, 8168384
0.23, 4.88, 25.03, 122.22, 41, 84, 8180204
0.23, 5.53, 25.00, 138.36, 41, 84, 8192040
0.23, 5.21, 24.98, 130.08, 41, 84, 8203860
0.23, 5.86, 25.03, 146.66, 41, 84, 8215696
0.23, 5.53, 24.84, 137.47, 41, 84, 8227532
0.23, 5.53, 25.00, 138.36, 41, 84, 8239352
0.23, 4.88, 25.08, 122.48, 41, 84, 8251172
0.23, 5.53, 24.98, 138.21, 42, 84, 8262996
0.23, 5.21, 25.03, 130.37, 42, 84, 8274824
0.23, 5.86, 24.84, 145.55, 42, 84, 8286648
0.23, 5.21, 25.03, 130.37, 42, 84, 8298484
0.24, 5.86, 24.87, 145.71, 42, 84, 8310304
0.24, 5.53, 24.95, 138.07, 42, 84, 8322136
0.24, 5.86, 24.90, 145.87, 42, 84, 8333956
0.24, 5.53, 24.84, 137.47, 42, 84, 8345792
0.24, 5.86, 24.90, 145.87, 42, 84, 8357608
0.24, 5.53, 24.92, 137.92, 42, 84, 8369440
0.24, 5.86, 24.95, 146.19, 42, 84, 8381264
0.24, 5.53, 24.81, 137.32, 42, 84, 8393092
0.24, 5.53, 25.11, 138.96, 42, 84, 8404924
0.24, 5.53, 24.95, 138.07, 42, 84, 8416744
0.24, 5.86, 25.03, 146.66, 42, 84, 8428576
0.24, 5.21, 25.08, 130.65, 42, 84, 8440396
0.24, 5.53, 25.08, 138.81, 42, 84, 8452232
0.24, 5.53, 24.98, 138.21, 43, 84, 8464052
0.24, 5.53, 25.06, 138.66, 43, 84, 8475888
0.24, 6.18, 24.90, 153.97, 43, 84, 8487720
0.24, 5.86, 24.98, 146.35, 43, 84, 8499536
0.25, 5.86, 24.90, 145.87, 43, 84, 8511360
0.25, 6.51, 24.95, 162.43, 43, 84, 8523184
0.25, 6.18, 24.73, 152.97, 43, 84, 8535020
0.25, 6.18, 25.03, 154.81, 43, 84, 8546840
0.25, 5.86, 24.95, 146.19, 43, 84, 8558668
0.26, 6.51, 24.90, 162.08, 43, 84, 8570492
0.25, 5.86, 24.73, 144.92, 43, 84, 8582320
0.25, 6.51, 25.00, 162.78, 43, 84, 8594144
0.25, 6.18, 24.73, 152.97, 43, 84, 8605980
0.25, 6.18, 25.06, 154.98, 43, 84, 8617804
0.25, 6.51, 24.84, 161.73, 43, 84, 8629628
0.25, 5.86, 25.06, 146.82, 43, 84, 8641468
0.25, 6.18, 24.87, 153.81, 43, 84, 8653288
0.25, 5.86, 24.90, 145.87, 44, 84, 8665124
0.25, 6.51, 24.92, 162.25, 44, 84, 8676944
0.25, 6.18, 24.76, 153.14, 44, 84, 8688776
0.25, 6.51, 24.95, 162.43, 44, 84, 8700604
0.26, 6.18, 24.68, 152.64, 44, 84, 8712436
0.26, 6.51, 25.00, 162.78, 44, 84, 8724256
0.27, 6.84, 24.76, 169.26, 44, 84, 8736084
0.26, 6.18, 24.87, 153.81, 44, 84, 8747928
0.26, 6.18, 24.71, 152.81, 44, 85, 8759740
0.26, 6.18, 25.14, 155.48, 44, 84, 8771568
0.26, 6.51, 24.65, 160.50, 44, 84, 8783392
0.26, 5.86, 25.11, 147.14, 44, 84, 8795224
0.26, 6.51, 24.79, 161.38, 44, 84, 8807044
0.26, 5.86, 24.81, 145.40, 44, 84, 8818876
0.26, 6.51, 24.73, 161.03, 44, 84, 8830696
0.26, 6.18, 25.08, 155.14, 44, 84, 8842528
0.26, 6.18, 24.95, 154.31, 44, 84, 8854348
0.26, 6.51, 24.98, 162.61, 45, 84, 8866176
0.26, 6.84, 24.79, 169.45, 45, 84, 8878012
0.26, 6.51, 25.03, 162.96, 45, 84, 8889836
0.27, 7.16, 24.98, 178.87, 45, 84, 8901672
0.27, 6.51, 25.08, 163.31, 45, 84, 8913488
0.27, 7.49, 24.84, 185.99, 45, 84, 8925324
0.27, 6.18, 25.03, 154.81, 45, 84, 8937144
0.27, 7.16, 24.95, 178.67, 45, 84, 8948976
0.27, 6.51, 25.00, 162.78, 45, 84, 8960796
0.26, 6.84, 25.06, 171.29, 45, 84, 8972624
0.26, 6.51, 25.06, 163.13, 45, 84, 8984452
0.27, 7.16, 24.73, 177.13, 45, 84, 8996276
0.27, 6.84, 24.71, 168.89, 45, 84, 9008112
0.27, 7.16, 24.84, 177.90, 45, 85, 9019932
0.27, 6.84, 24.57, 167.97, 45, 84, 9031768
0.27, 7.16, 24.98, 178.87, 45, 84, 9043592
0.27, 6.84, 24.90, 170.18, 45, 84, 9055424
0.27, 6.84, 25.03, 171.10, 46, 84, 9067248
0.27, 7.16, 24.79, 177.51, 46, 84, 9079084
0.27, 6.84, 25.08, 171.47, 46, 84, 9090900
0.27, 7.16, 25.03, 179.25, 46, 84, 9102728
0.28, 6.51, 25.19, 164.01, 46, 84, 9114564
0.28, 7.49, 24.71, 184.98, 46, 84, 9126384
0.28, 6.84, 25.03, 171.10, 46, 84, 9138216
0.28, 7.81, 24.79, 193.65, 46, 84, 9150036
0.28, 6.84, 25.14, 171.84, 46, 84, 9161868
0.28, 7.16, 24.73, 177.13, 46, 84, 9173692
0.28, 7.16, 25.03, 179.25, 46, 84, 9185524
0.28, 7.49, 24.68, 184.78, 46, 84, 9197344
0.28, 7.49, 24.71, 184.98, 46, 84, 9209188
0.28, 7.49, 24.95, 186.79, 46, 84, 9221000
0.28, 6.84, 25.08, 171.47, 46, 84, 9232828
0.28, 7.49, 24.92, 186.59, 46, 84, 9244660
0.28, 6.84, 25.03, 171.10, 46, 84, 9256480
0.28, 7.49, 25.11, 188.01, 47, 84, 9268316
0.28, 7.16, 24.81, 177.71, 47, 84, 9280140
0.28, 7.16, 25.00, 179.06, 47, 84, 9291972
0.28, 6.84, 24.90, 170.18, 47, 84, 9303796
0.29, 7.81, 24.92, 194.71, 47, 84, 9315628
0.29, 7.16, 24.73, 177.13, 47, 84, 9327452
0.29, 7.49, 25.06, 187.60, 47, 84, 9339276
0.29, 7.49, 24.76, 185.38, 47, 84, 9351108
0.29, 7.81, 24.95, 194.92, 47, 84, 9362928
0.29, 7.49, 24.73, 185.18, 47, 84, 9374764
0.30, 8.14, 24.92, 202.82, 47, 84, 9386584
0.29, 7.81, 24.71, 193.02, 47, 84, 9398420
0.30, 7.81, 24.90, 194.49, 47, 84, 9410240
0.29, 7.81, 24.79, 193.65, 47, 84, 9422072
0.29, 8.14, 24.92, 202.82, 47, 84, 9433892
0.29, 7.81, 24.73, 193.23, 47, 84, 9445724
0.29, 8.14, 24.90, 202.60, 47, 84, 9457548
0.29, 8.46, 24.92, 210.93, 48, 84, 9469392
0.29, 8.46, 24.95, 211.16, 48, 84, 9481208
0.30, 7.81, 24.76, 193.44, 48, 84, 9493032
0.30, 8.14, 24.95, 203.04, 48, 84, 9504860
0.30, 7.81, 24.92, 194.71, 48, 84, 9516684
0.30, 8.14, 25.11, 204.35, 48, 84, 9528516
0.30, 7.81, 25.03, 195.55, 48, 84, 9540336
0.30, 8.46, 24.92, 210.93, 48, 84, 9552168
0.30, 7.81, 24.98, 195.13, 48, 84, 9563992
0.30, 8.46, 24.95, 211.16, 48, 84, 9575820
0.30, 7.49, 25.06, 187.60, 48, 84, 9587652
0.30, 8.46, 24.71, 209.10, 48, 84, 9599472
0.30, 7.49, 25.08, 187.80, 48, 84, 9611304
0.30, 8.46, 24.65, 208.65, 48, 84, 9623124
0.30, 7.49, 25.00, 187.20, 48, 84, 9634960
0.30, 7.81, 24.79, 193.65, 48, 84, 9646780
0.31, 8.46, 24.98, 211.39, 48, 84, 9658612
0.30, 8.14, 24.76, 201.50, 49, 84, 9670432
0.30, 8.46, 25.03, 211.84, 49, 84, 9682260
0.30, 8.46, 24.68, 208.88, 49, 84, 9694084
0.31, 8.79, 25.03, 219.99, 49, 84, 9705912
0.31, 8.14, 24.76, 201.50, 49, 84, 9717744
0.31, 8.79, 25.00, 219.75, 49, 84, 9729580
0.31, 7.81, 25.11, 196.18, 49, 84, 9741396
0.31, 8.46, 24.68, 208.88, 49, 84, 9753216
0.32, 8.14, 25.03, 203.70, 49, 84, 9765048
0.31, 8.46, 24.79, 209.79, 49, 84, 9776868
0.32, 8.46, 25.00, 211.62, 49, 84, 9788700
0.31, 8.14, 24.90, 202.60, 49, 84, 9800520
0.32, 8.46, 25.17, 212.99, 49, 84, 9812352
0.31, 8.79, 24.68, 216.91, 49, 84, 9824176
0.31, 8.79, 24.71, 217.15, 49, 84, 9836004
0.32, 8.79, 24.65, 216.67, 49, 84, 9847852
0.31, 8.79, 24.68, 216.91, 49, 84, 9859656
0.32, 8.14, 25.06, 203.92, 50, 84, 9871488
0.31, 8.79, 24.68, 216.91, 50, 84, 9883312
0.32, 8.79, 25.08, 220.47, 50, 84, 9895144
0.32, 8.46, 24.87, 210.47, 50, 84, 9906964
0.32, 8.46, 24.90, 210.70, 50, 84, 9918800
0.32, 8.14, 24.95, 203.04, 50, 84, 9930616
0.32, 9.11, 24.68, 224.94, 50, 84, 9942444
0.33, 8.79, 24.71, 217.15, 50, 84, 9954276
0.33, 9.11, 24.65, 224.70, 50, 84, 9966100
0.32, 8.46, 25.00, 211.62, 50, 84, 9977928
0.33, 9.11, 24.65, 224.70, 50, 84, 9989752
0.33, 8.79, 25.11, 220.70, 50, 84, 10001584
0.32, 8.79, 24.95, 219.28, 50, 84, 10013404
0.32, 8.79, 25.00, 219.75, 50, 84, 10025240
0.32, 8.79, 24.73, 217.38, 50, 84, 10037060
0.33, 9.44, 25.03, 236.29, 50, 84, 10048888
0.33, 8.79, 25.14, 220.94, 50, 84, 10060712
0.33, 9.11, 24.60, 224.21, 51, 84, 10072540
0.32, 8.79, 24.98, 219.52, 51, 84, 10084372
0.33, 9.11, 24.73, 225.44, 51, 84, 10096192
0.33, 9.11, 24.87, 226.66, 51, 84, 10108044
0.33, 9.11, 24.84, 226.42, 51, 84, 10119848
0.34, 10.09, 24.87, 250.95, 51, 84, 10131684
0.33, 9.11, 25.03, 228.14, 51, 84, 10143500
0.33, 9.77, 25.00, 244.17, 51, 84, 10155336
0.33, 9.44, 24.84, 234.51, 51, 84, 10167156
0.34, 9.11, 24.71, 225.19, 51, 84, 10178984
0.33, 9.77, 25.00, 244.17, 51, 84, 10190816
0.33, 9.44, 24.84, 234.51, 51, 84, 10202640
0.33, 10.09, 24.92, 251.49, 51, 84, 10214476
0.34, 9.44, 24.92, 235.27, 51, 84, 10226300
0.34, 10.42, 24.84, 258.76, 51, 84, 10238132
0.34, 9.44, 25.14, 237.31, 51, 84, 10249956
0.34, 10.09, 24.73, 249.59, 51, 84, 10261788
0.34, 9.11, 24.98, 227.65, 52, 84, 10273616
0.34, 10.42, 24.73, 257.64, 52, 84, 10285444
0.33, 9.44, 25.00, 236.03, 52, 84, 10297276
0.34, 9.44, 24.76, 233.74, 52, 84, 10309100
0.35, 9.44, 25.00, 236.03, 52, 84, 10320932
0.35, 9.44, 24.81, 234.25, 52, 84, 10332752
0.34, 10.42, 24.90, 259.33, 52, 84, 10344584
0.34, 10.09, 25.00, 252.31, 52, 84, 10356404
0.35, 9.44, 25.08, 236.80, 52, 84, 10368252
0.35, 9.77, 25.03, 244.44, 52, 84, 10380064
0.34, 10.74, 24.68, 265.11, 52, 84, 10391892
0.34, 10.42, 24.79, 258.20, 52, 84, 10403716
0.34, 9.44, 25.00, 236.03, 52, 84, 10415548
0.35, 10.09, 24.98, 252.04, 52, 84, 10427384
0.35, 10.09, 25.06, 252.86, 52, 84, 10439204
0.35, 10.74, 24.76, 265.98, 52, 84, 10451040
0.35, 10.09, 25.08, 253.13, 52, 84, 10462860
0.36, 10.74, 24.60, 264.24, 53, 84, 10474696
0.35, 10.42, 24.68, 257.08, 53, 84, 10486516
0.35, 10.74, 24.68, 265.11, 53, 84, 10498352
0.35, 11.07, 24.68, 273.15, 53, 84, 10510176
0.35, 9.77, 24.81, 242.33, 53, 84, 10522004
0.36, 11.07, 24.95, 276.13, 53, 84, 10533840
0.36, 10.09, 24.98, 252.04, 53, 84, 10545660
0.36, 11.07, 24.63, 272.55, 53, 84, 10557496
0.35, 10.74, 25.11, 269.75, 53, 84, 10569320
0.36, 10.42, 24.73, 257.64, 53, 84, 10581148
0.35, 11.39, 24.87, 283.33, 53, 84, 10592972
0.35, 10.42, 24.92, 259.61, 53, 84, 10604808
0.36, 10.09, 24.60, 248.23, 53, 84, 10616628
0.36, 10.42, 25.08, 261.29, 53, 84, 10628452
0.36, 10.42, 25.03, 260.73, 53, 84, 10640284
0.35, 11.07, 24.71, 273.44, 53, 84, 10652108
0.36, 10.42, 24.87, 259.05, 53, 84, 10663940
0.35, 10.09, 24.84, 250.68, 54, 84, 10675760
0.36, 11.39, 24.71, 281.49, 54, 84, 10687592
0.36, 10.74, 25.11, 269.75, 54, 84, 10699416
0.37, 11.39, 24.54, 279.64, 54, 84, 10711248
0.36, 11.39, 24.90, 283.64, 54, 84, 10723072
0.37, 11.39, 24.60, 280.26, 54, 84, 10734904
0.37, 11.39, 24.46, 278.72, 54, 84, 10746724
0.37, 11.07, 25.17, 278.52, 54, 84, 10758552
0.37, 11.39, 24.54, 279.64, 54, 84, 10770384
0.36, 10.74, 24.84, 266.85, 54, 84, 10782204
0.37, 10.42, 24.87, 259.05, 54, 84, 10794040
0.37, 11.07, 24.57, 271.95, 54, 84, 10805860
0.37, 10.74, 25.08, 269.46, 54, 84, 10817696
0.37, 11.72, 24.71, 289.53, 54, 84, 10829536
0.37, 11.39, 24.60, 280.26, 54, 84, 10841348
0.37, 11.72, 25.00, 293.01, 54, 84, 10853172
0.37, 11.72, 24.73, 289.85, 54, 84, 10864996
0.37, 12.04, 24.68, 297.25, 55, 84, 10876824
0.36, 11.07, 24.98, 276.43, 55, 84, 10888652
0.37, 11.72, 24.57, 287.95, 55, 84, 10900492
0.38, 12.04, 24.90, 299.85, 55, 84, 10912312
0.38, 11.72, 24.63, 288.58, 55, 84, 10924144
0.38, 12.37, 24.57, 303.95, 55, 84, 10935968
0.38, 11.07, 25.08, 277.62, 55, 84, 10947804
0.38, 11.39, 24.68, 281.18, 55, 84, 10959628
0.38, 11.39, 24.90, 283.64, 55, 84, 10971464
0.38, 11.39, 24.95, 284.25, 55, 84, 10983284
0.38, 12.04, 24.52, 295.30, 55, 84, 10995112
0.38, 11.72, 24.84, 291.11, 55, 84, 11006948
0.38, 11.07, 24.92, 275.83, 55, 84, 11018768
0.38, 12.37, 24.68, 305.28, 55, 84, 11030604
0.38, 12.37, 24.76, 306.28, 55, 84, 11042420
0.38, 11.72, 24.65, 288.90, 55, 84, 11054252
0.39, 12.37, 24.46, 302.61, 55, 84, 11066076
0.39, 11.07, 24.87, 275.24, 56, 84, 11077908
0.38, 12.04, 24.79, 298.55, 56, 84, 11089752
0.38, 12.70, 24.87, 315.71, 56, 84, 11101564
0.39, 12.37, 25.06, 309.95, 56, 84, 11113388
0.39, 12.04, 24.68, 297.25, 56, 84, 11125216
0.39, 12.70, 25.11, 318.79, 56, 84, 11137056
0.40, 12.37, 24.60, 304.28, 56, 84, 11148872
0.40, 12.37, 24.49, 302.95, 56, 84, 11160704
0.40, 12.70, 24.71, 313.66, 56, 84, 11172528
0.40, 12.04, 25.03, 301.47, 56, 84, 11184360
0.40, 11.72, 24.84, 291.11, 56, 84, 11196180
0.40, 12.04, 24.63, 296.60, 56, 84, 11208032
0.40, 13.02, 24.84, 323.46, 56, 85, 11219836
0.40, 12.04, 24.73, 297.90, 56, 84, 11231660
0.40, 13.02, 24.79, 322.75, 56, 84, 11243496
0.40, 12.70, 24.65, 312.97, 56, 84, 11255316
0.40, 12.70, 24.63, 312.63, 56, 84, 11267148
0.40, 12.37, 24.46, 302.61, 57, 84, 11278968
0.40, 12.70, 24.79, 314.68, 57, 84, 11290804
0.40, 12.04, 25.08, 302.12, 57, 84, 11302624
0.40, 13.67, 24.54, 335.57, 57, 84, 11314456
0.41, 13.67, 24.73, 338.15, 57, 84, 11326276
0.41, 12.37, 24.63, 304.61, 57, 84, 11338104
0.42, 13.35, 25.00, 333.70, 57, 84, 11349952
0.41, 13.02, 24.49, 318.89, 57, 85, 11361756
0.41, 12.70, 24.92, 316.40, 57, 84, 11373592
0.41, 12.70, 25.06, 318.11, 57, 84, 11385408
0.41, 13.67, 24.33, 332.62, 57, 84, 11397240
0.41, 13.35, 24.65, 329.02, 57, 84, 11409060
0.41, 12.70, 24.76, 314.34, 57, 84, 11420896
0.41, 13.35, 24.41, 325.78, 57, 84, 11432716
0.41, 12.70, 25.06, 318.11, 57, 84, 11444552
0.41, 12.37, 24.95, 308.62, 57, 84, 11456376
0.41, 13.35, 24.60, 328.30, 57, 84, 11468216
0.41, 13.67, 24.84, 339.63, 58, 84, 11480036
0.41, 13.35, 24.98, 333.34, 58, 84, 11491860
0.41, 13.02, 24.52, 319.24, 58, 84, 11503688
0.41, 13.35, 24.73, 330.10, 58, 84, 11515512
0.41, 13.02, 24.95, 324.86, 58, 84, 11527348
0.42, 13.35, 24.81, 331.18, 58, 84, 11539168
0.42, 13.35, 24.38, 325.42, 58, 84, 11550996
0.42, 14.00, 24.98, 349.60, 58, 84, 11562816
0.42, 13.67, 24.76, 338.52, 58, 84, 11574648
0.42, 12.70, 25.08, 318.45, 58, 84, 11586476
0.43, 14.32, 24.52, 351.17, 58, 84, 11598300
0.42, 14.00, 24.87, 348.09, 58, 84, 11610136
0.43, 13.02, 24.90, 324.16, 58, 84, 11621960
0.42, 14.00, 24.44, 342.05, 58, 84, 11633796
0.43, 14.65, 24.49, 358.75, 58, 84, 11645616
0.43, 13.35, 24.87, 331.90, 58, 84, 11657448
0.42, 12.70, 24.76, 314.34, 58, 84, 11669276
0.42, 14.00, 24.71, 345.83, 59, 84, 11681100
0.42, 14.65, 25.00, 366.26, 59, 84, 11692928
0.43, 14.00, 24.95, 349.22, 59, 84, 11704756
0.43, 13.67, 24.33, 332.62, 59, 84, 11716592
0.43, 14.32, 24.84, 355.80, 59, 84, 11728428
0.43, 14.32, 25.11, 359.66, 59, 84, 11740248
0.44, 14.00, 24.81, 347.34, 59, 84, 11752068
0.44, 15.30, 24.76, 378.82, 59, 84, 11763904
0.44, 14.00, 24.60, 344.32, 59, 84, 11775724
0.44, 15.30, 24.79, 379.23, 59, 84, 11787552
0.44, 13.67, 24.76, 338.52, 59, 84, 11799372
0.44, 14.00, 24.68, 345.45, 59, 84, 11811204
0.44, 14.65, 24.79, 363.10, 59, 84, 11823040
0.44, 14.97, 24.46, 366.32, 59, 84, 11834856
0.45, 13.67, 24.73, 338.15, 59, 84, 11846688
0.44, 13.35, 24.73, 330.10, 59, 84, 11858508
0.44, 14.65, 24.27, 355.59, 59, 84, 11870344
0.44, 14.65, 24.65, 361.12, 60, 84, 11882168
0.43, 14.32, 25.00, 358.12, 60, 84, 11893996
0.44, 14.00, 24.71, 345.83, 60, 84, 11905816
0.44, 14.97, 24.44, 365.92, 60, 84, 11917648
0.45, 15.63, 25.14, 392.78, 60, 84, 11929476
0.45, 15.63, 25.25, 394.47, 60, 84, 11941304
0.45, 14.32, 24.98, 357.73, 60, 84, 11953140
0.44, 14.97, 24.30, 363.90, 60, 84, 11964960
0.44, 15.63, 24.68, 385.62, 60, 84, 11976796
0.45, 14.65, 24.68, 361.52, 60, 84, 11988616
0.45, 14.65, 24.73, 362.31, 60, 84, 12000448
0.45, 14.32, 24.41, 349.62, 60, 84, 12012272
0.45, 15.30, 24.44, 373.87, 60, 84, 12024104
0.45, 15.95, 24.79, 395.37, 60, 84, 12035924
0.46, 14.32, 24.79, 355.03, 60, 84, 12047752
0.45, 14.97, 24.38, 365.11, 60, 84, 12059584
0.45, 15.95, 24.27, 387.20, 60, 84, 12071408
0.45, 16.28, 25.06, 407.83, 61, 84, 12083240
0.45, 15.30, 24.60, 376.35, 61, 84, 12095056
0.45, 15.30, 24.49, 374.70, 61, 84, 12106896
0.46, 14.97, 24.57, 367.93, 61, 84, 12118716
0.45, 16.60, 24.95, 414.20, 61, 84, 12130552
0.46, 15.95, 25.08, 400.10, 61, 84, 12142376
0.47, 15.30, 24.54, 375.52, 61, 84, 12154200
0.46, 15.30, 24.90, 380.89, 61, 84, 12166028
0.47, 14.97, 24.44, 365.92, 61, 84, 12177852
0.47, 16.60, 24.81, 411.96, 61, 84, 12189688
0.46, 15.95, 24.60, 392.36, 61, 84, 12201508
0.46, 14.97, 24.49, 366.72, 61, 84, 12213344
0.46, 15.63, 24.68, 385.62, 61, 84, 12225164
0.46, 16.28, 24.60, 400.37, 61, 84, 12237000
0.46, 15.95, 24.87, 396.66, 61, 84, 12248820
0.45, 15.95, 24.33, 388.06, 61, 84, 12260656
0.46, 14.97, 24.76, 370.76, 61, 84, 12272476
0.46, 16.28, 24.60, 400.37, 62, 84, 12284308
0.47, 16.28, 25.08, 408.27, 62, 84, 12296144
0.46, 16.60, 24.63, 408.82, 62, 84, 12307964
0.47, 14.97, 24.60, 368.34, 62, 84, 12319800
0.47, 14.97, 24.68, 369.55, 62, 84, 12331620
0.48, 16.60, 24.33, 403.90, 62, 84, 12343456
0.47, 16.28, 24.68, 401.69, 62, 84, 12355276
0.47, 15.95, 24.98, 398.38, 62, 84, 12367116
0.47, 15.63, 24.90, 388.99, 62, 84, 12378936
0.47, 16.60, 24.44, 405.69, 62, 84, 12390760
0.47, 17.25, 24.46, 422.06, 62, 84, 12402588
0.47, 17.25, 24.63, 424.86, 62, 84, 12414416
0.48, 16.28, 24.92, 405.64, 62, 84, 12426248
0.47, 16.93, 24.95, 422.32, 62, 84, 12438068
0.48, 16.60, 24.57, 407.93, 62, 84, 12449920
0.48, 15.95, 24.71, 394.08, 62, 84, 12461724
0.47, 16.93, 24.30, 411.36, 62, 84, 12473556
0.48, 16.93, 24.27, 410.90, 63, 84, 12485376
0.47, 16.60, 24.84, 412.41, 63, 84, 12497208
0.47, 16.93, 24.98, 422.77, 63, 84, 12509032
0.48, 15.95, 24.63, 392.79, 63, 84, 12520864
0.48, 17.25, 24.30, 419.27, 63, 84, 12532696
0.48, 17.25, 24.49, 422.53, 63, 84, 12544516
0.48, 16.93, 24.95, 422.32, 63, 84, 12556356
0.48, 17.25, 24.52, 422.99, 63, 84, 12568172
0.49, 15.95, 24.63, 392.79, 63, 84, 12580008
0.48, 16.60, 24.54, 407.48, 63, 84, 12591828
0.48, 16.60, 24.49, 406.58, 63, 84, 12603660
0.48, 16.60, 24.36, 404.35, 63, 84, 12615480
0.49, 16.93, 24.92, 421.86, 63, 84, 12627308
0.48, 17.58, 24.71, 434.29, 63, 85, 12639140
0.48, 17.90, 24.76, 443.30, 63, 84, 12650964
0.49, 16.60, 24.68, 409.72, 63, 84, 12662800
0.49, 16.28, 24.68, 401.69, 63, 84, 12674620
0.49, 16.60, 24.60, 408.38, 64, 84, 12686452
0.48, 16.93, 24.46, 414.10, 64, 84, 12698276
0.49, 16.60, 24.57, 407.93, 64, 84, 12710124
0.49, 17.58, 24.68, 433.82, 64, 85, 12721928
0.50, 16.93, 24.54, 415.47, 64, 84, 12733764
0.50, 16.93, 24.79, 419.58, 64, 84, 12745584
0.49, 16.93, 24.76, 419.12, 64, 84, 12757412
0.50, 17.90, 24.98, 447.17, 64, 84, 12769244
0.49, 17.58, 24.33, 427.66, 64, 84, 12781064
0.50, 17.90, 24.41, 437.02, 64, 84, 12792896
0.50, 17.90, 24.57, 439.92, 64, 84, 12804720
0.50, 17.25, 24.81, 428.11, 64, 84, 12816552
0.49, 17.25, 24.38, 420.67, 64, 84, 12828388
0.49, 16.60, 24.46, 406.14, 64, 84, 12840212
0.50, 17.25, 24.52, 422.99, 64, 84, 12852028
0.50, 17.90, 24.46, 437.99, 64, 84, 12863856
0.50, 18.23, 24.44, 445.46, 64, 84, 12875688
0.50, 18.23, 24.92, 454.31, 65, 84, 12887516
0.49, 17.58, 24.49, 430.50, 65, 84, 12899352
0.50, 17.90, 24.84, 444.75, 65, 84, 12911168
0.51, 16.93, 24.79, 419.58, 65, 84, 12923004
0.51, 17.25, 24.46, 422.06, 65, 84, 12934824
0.51, 18.55, 24.38, 452.42, 65, 84, 12946656
0.51, 18.55, 24.36, 451.92, 65, 84, 12958476
0.51, 17.90, 24.44, 437.51, 65, 84, 12970328
0.51, 18.55, 24.22, 449.41, 65, 85, 12982132
0.51, 18.55, 24.79, 459.92, 65, 84, 12993960
0.51, 17.90, 24.92, 446.20, 65, 84, 13005796
0.51, 17.90, 24.95, 446.68, 65, 84, 13017620
0.51, 17.90, 24.46, 437.99, 65, 84, 13029452
0.51, 18.23, 24.44, 445.46, 65, 84, 13041272
0.51, 18.88, 24.25, 457.81, 65, 84, 13053108
0.51, 18.88, 24.57, 463.92, 65, 84, 13064932
0.51, 18.55, 25.08, 465.43, 65, 84, 13076768
0.51, 17.58, 24.60, 432.40, 66, 84, 13088604
0.50, 17.90, 24.68, 441.85, 66, 84, 13100420
0.51, 17.90, 24.46, 437.99, 66, 84, 13112256
0.51, 17.90, 24.87, 445.23, 66, 84, 13124076
0.52, 18.23, 24.49, 446.45, 66, 84, 13135908
0.52, 19.53, 24.57, 479.92, 66, 84, 13147728
0.52, 19.21, 24.22, 465.18, 66, 84, 13159564
0.52, 18.55, 24.36, 451.92, 66, 84, 13171384
0.52, 19.53, 24.71, 482.55, 66, 84, 13183220
0.53, 19.53, 24.57, 479.92, 66, 84, 13195040
0.52, 18.55, 24.90, 461.92, 66, 84, 13206872
0.52, 18.55, 24.79, 459.92, 66, 84, 13218700
0.52, 18.23, 24.76, 451.36, 66, 84, 13230528
0.53, 18.88, 24.52, 462.90, 66, 84, 13242364
0.53, 18.55, 24.41, 452.92, 66, 84, 13254184
0.53, 19.21, 24.44, 469.33, 66, 84, 13266020
0.53, 18.55, 24.60, 456.42, 66, 84, 13277836
0.53, 19.53, 24.41, 476.75, 67, 84, 13289672
0.52, 19.53, 24.25, 473.59, 67, 84, 13301496
0.52, 19.21, 25.22, 484.35, 67, 84, 13313328
0.53, 20.51, 24.79, 508.34, 67, 84, 13325156
0.53, 19.21, 24.84, 477.10, 67, 84, 13336984
0.54, 19.21, 24.73, 475.02, 67, 84, 13348816
0.54, 19.53, 24.68, 482.02, 67, 84, 13360640
0.54, 18.88, 24.49, 462.39, 67, 84, 13372472
0.53, 18.88, 24.76, 467.48, 67, 84, 13384292
0.54, 19.53, 24.65, 481.50, 67, 84, 13396128
0.54, 19.21, 24.63, 472.95, 67, 84, 13407948
0.53, 20.18, 24.17, 487.75, 67, 84, 13419784
0.53, 20.18, 24.30, 490.47, 67, 84, 13431608
0.54, 20.18, 24.44, 493.19, 67, 84, 13443436
0.55, 20.83, 24.22, 504.60, 67, 84, 13455264
0.54, 20.51, 24.03, 492.85, 67, 84, 13467092
0.53, 21.16, 24.44, 517.05, 67, 84, 13478924
0.53, 20.83, 23.98, 499.55, 68, 84, 13490744
0.53, 20.83, 24.63, 513.03, 68, 84, 13502576
0.53, 20.83, 24.49, 510.22, 68, 84, 13514400
0.55, 20.18, 24.76, 499.72, 68, 84, 13526232
0.55, 20.83, 24.03, 500.67, 68, 84, 13538048
0.55, 20.18, 24.76, 499.72, 68, 84, 13549888
0.54, 21.48, 24.30, 522.11, 68, 84, 13561708
0.55, 20.83, 24.06, 501.23, 68, 84, 13573532
0.55, 20.18, 24.76, 499.72, 68, 84, 13585368
0.54, 21.48, 24.95, 536.02, 68, 84, 13597188
0.55, 20.18, 24.90, 502.44, 68, 84, 13609024
0.55, 21.48, 24.36, 523.27, 68, 85, 13620840
0.55, 20.18, 24.54, 495.37, 68, 84, 13632672
0.55, 22.14, 24.52, 542.71, 68, 84, 13644496
0.55, 20.83, 24.79, 516.40, 68, 84, 13656332
0.55, 21.16, 24.06, 509.06, 68, 84, 13668148
0.55, 20.83, 24.73, 515.28, 68, 84, 13679976
0.55, 21.48, 24.25, 520.95, 69, 84, 13691804
0.54, 21.16, 24.57, 519.91, 69, 84, 13703632
0.54, 21.16, 24.92, 527.33, 69, 84, 13715464
0.56, 21.48, 24.09, 517.48, 69, 84, 13727284
0.56, 20.83, 24.95, 519.78, 69, 84, 13739116
0.56, 21.81, 24.38, 531.79, 69, 84, 13750936
0.56, 22.14, 25.00, 553.46, 69, 84, 13762768
0.55, 21.48, 24.71, 530.80, 69, 84, 13774596
0.55, 20.83, 24.92, 519.21, 69, 84, 13786428
0.56, 21.48, 24.52, 526.75, 69, 84, 13798248
0.55, 20.18, 24.52, 494.82, 69, 84, 13810076
0.55, 21.48, 24.95, 536.02, 69, 84, 13821912
0.55, 22.14, 24.03, 531.96, 69, 84, 13833732
0.55, 22.14, 24.57, 543.90, 69, 84, 13845564
0.56, 22.14, 24.19, 535.55, 69, 84, 13857388
0.56, 21.81, 24.41, 532.38, 69, 84, 13869216
0.56, 21.81, 24.22, 528.26, 69, 84, 13881040
0.56, 22.46, 24.27, 545.24, 70, 84, 13892872
0.56, 21.16, 24.57, 519.91, 70, 84, 13904692
0.56, 22.14, 24.63, 545.10, 70, 84, 13916520
0.56, 20.51, 24.46, 501.70, 70, 84, 13928344
0.56, 20.83, 24.73, 515.28, 70, 84, 13940172
0.56, 21.48, 24.49, 526.17, 70, 84, 13952008
0.56, 21.48, 24.71, 530.80, 70, 84, 13963824
0.57, 21.48, 24.63, 529.07, 70, 84, 13975660
0.56, 22.14, 24.63, 545.10, 70, 84, 13987484
0.57, 21.16, 24.71, 522.76, 70, 84, 13999320
0.56, 22.14, 24.90, 551.07, 70, 84, 14011140
0.58, 21.16, 24.41, 516.48, 70, 84, 14022980
0.58, 21.48, 24.76, 531.96, 70, 84, 14034800
0.57, 22.14, 24.81, 549.28, 70, 84, 14046628
0.57, 21.81, 24.81, 541.20, 70, 84, 14058464
0.57, 21.48, 24.73, 531.38, 70, 84, 14070300
0.57, 22.79, 24.87, 566.66, 70, 84, 14082124
0.57, 22.79, 24.54, 559.29, 71, 84, 14093944
0.58, 23.11, 24.17, 558.55, 71, 84, 14105780
0.57, 22.14, 24.17, 534.95, 71, 84, 14117600
0.57, 22.79, 24.25, 552.53, 71, 84, 14129436
0.57, 21.81, 24.44, 532.96, 71, 84, 14141256
0.57, 22.14, 24.36, 539.13, 71, 84, 14153084
0.57, 22.14, 24.57, 543.90, 71, 84, 14164912
0.58, 22.79, 25.00, 569.73, 71, 84, 14176740
0.58, 21.48, 24.25, 520.95, 71, 84, 14188592
0.57, 22.46, 24.71, 554.93, 71, 84, 14200400
0.58, 23.76, 24.87, 590.95, 71, 84, 14212232
0.58, 22.79, 23.98, 546.38, 71, 84, 14224052
0.59, 23.11, 24.11, 557.30, 71, 84, 14235884
0.57, 22.46, 24.65, 553.72, 71, 84, 14247712
0.58, 21.81, 24.11, 525.90, 71, 84, 14259540
0.57, 21.48, 24.38, 523.85, 71, 84, 14271368
0.58, 21.48, 24.44, 525.01, 71, 84, 14283196
0.58, 21.81, 24.38, 531.79, 72, 84, 14295032
0.57, 23.76, 24.44, 580.69, 72, 84, 14306852
0.59, 22.79, 24.90, 567.28, 72, 84, 14318692
0.58, 23.11, 24.92, 576.00, 72, 84, 14330528
0.59, 24.09, 24.57, 591.90, 72, 84, 14342348
0.58, 23.76, 24.03, 571.08, 72, 84, 14354164
0.60, 24.09, 24.73, 595.79, 72, 84, 14366000
0.59, 23.11, 24.92, 576.00, 72, 84, 14377820
0.59, 23.76, 24.09, 572.36, 72, 84, 14389648
0.60, 23.11, 24.98, 577.25, 72, 84, 14401480
0.59, 24.41, 24.63, 601.21, 72, 84, 14413304
0.59, 24.09, 24.09, 580.20, 72, 84, 14425136
0.59, 23.11, 24.41, 564.16, 72, 84, 14436956
0.58, 24.09, 24.30, 585.40, 72, 84, 14448804
0.59, 23.44, 24.79, 580.96, 72, 84, 14460608
0.59, 24.09, 24.81, 597.74, 72, 84, 14472440
0.59, 23.11, 24.46, 565.41, 72, 84, 14484260
0.58, 24.09, 24.01, 578.25, 73, 84, 14496092
0.58, 24.09, 23.76, 572.40, 73, 84, 14507916
0.59, 24.09, 24.68, 594.49, 73, 84, 14519740
0.59, 24.09, 25.00, 602.29, 73, 84, 14531576
0.59, 23.44, 24.38, 571.47, 73, 84, 14543396
0.60, 24.74, 24.01, 593.88, 73, 84, 14555228
0.60, 23.44, 24.60, 576.53, 73, 84, 14567048
0.60, 24.41, 24.46, 597.26, 73, 84, 14578884
0.60, 24.09, 24.57, 591.90, 73, 84, 14590704
0.61, 24.41, 23.87, 582.77, 73, 84, 14602540
0.61, 24.41, 24.30, 593.31, 73, 84, 14614364
0.60, 24.41, 24.57, 599.89, 73, 84, 14626192
0.60, 22.79, 24.27, 553.14, 73, 84, 14638028
0.60, 24.09, 24.98, 601.64, 73, 84, 14649848
0.60, 24.41, 24.52, 598.58, 73, 84, 14661684
0.59, 24.41, 24.14, 589.36, 73, 84, 14673508
0.60, 25.07, 23.92, 599.67, 73, 84, 14685344
0.60, 24.09, 24.38, 587.35, 74, 84, 14697168
0.61, 24.09, 24.68, 594.49, 74, 84, 14709000
0.60, 24.74, 24.90, 615.90, 74, 84, 14720824
0.61, 25.07, 24.01, 601.69, 74, 84, 14732652
0.61, 24.09, 24.17, 582.15, 74, 84, 14744480
0.62, 23.76, 24.68, 586.46, 74, 84, 14756304
0.61, 24.41, 24.76, 604.50, 74, 84, 14768140
0.61, 25.07, 23.79, 596.29, 74, 84, 14779960
0.61, 25.07, 24.27, 608.45, 74, 84, 14791792
0.61, 25.39, 24.68, 626.63, 74, 84, 14803612
0.61, 24.74, 24.46, 605.22, 74, 84, 14815448
0.61, 25.72, 24.06, 618.71, 74, 84, 14827264
0.61, 24.74, 23.92, 591.88, 74, 84, 14839100
0.62, 24.74, 24.63, 609.23, 74, 84, 14850924
0.61, 25.39, 24.79, 629.37, 74, 84, 14862748
0.61, 25.07, 24.46, 613.19, 74, 84, 14874584
0.61, 24.41, 24.38, 595.28, 74, 84, 14886404
0.61, 24.41, 24.49, 597.92, 75, 84, 14898236
0.61, 25.72, 24.54, 631.19, 75, 84, 14910056
0.61, 26.37, 23.76, 626.55, 75, 84, 14921888
0.61, 24.74, 24.25, 599.89, 75, 84, 14933712
0.61, 24.09, 24.54, 591.25, 75, 84, 14945544
0.61, 26.69, 24.54, 655.16, 75, 84, 14957364
0.62, 26.04, 24.52, 638.48, 75, 84, 14969192
0.62, 24.74, 24.63, 609.23, 75, 84, 14981020
0.62, 25.72, 25.03, 643.68, 75, 84, 14992848
0.62, 26.04, 23.98, 624.43, 75, 84, 15004676
0.61, 24.74, 24.65, 609.89, 75, 84, 15016500
0.62, 25.07, 24.73, 619.95, 75, 84, 15028332
0.62, 26.04, 24.17, 629.35, 75, 84, 15040152
0.62, 25.07, 24.03, 602.37, 75, 84, 15051984
0.62, 25.72, 25.11, 645.76, 75, 84, 15063804
0.62, 24.41, 24.57, 599.89, 75, 84, 15075636
0.62, 25.07, 24.44, 612.51, 75, 84, 15087460
0.62, 24.74, 24.60, 608.56, 76, 84, 15099284
0.62, 25.39, 24.38, 619.10, 76, 84, 15111120
0.62, 24.74, 24.63, 609.23, 76, 84, 15122936
0.62, 25.39, 24.63, 625.26, 76, 84, 15134772
0.63, 27.02, 24.54, 663.15, 76, 84, 15146588
0.63, 26.37, 24.30, 640.77, 76, 84, 15158424
0.63, 25.72, 24.71, 635.36, 76, 84, 15170248
0.63, 26.37, 24.68, 650.73, 76, 84, 15182080
0.64, 25.72, 24.03, 618.02, 76, 84, 15193904
0.63, 25.72, 24.22, 622.87, 76, 84, 15205736
0.63, 27.02, 25.03, 676.27, 76, 84, 15217564
0.63, 26.69, 24.09, 642.92, 76, 84, 15229388
0.63, 26.04, 24.17, 629.35, 76, 84, 15241224
0.64, 26.04, 24.63, 641.29, 76, 84, 15253048
0.63, 27.02, 24.14, 652.22, 76, 84, 15264880
0.63, 26.04, 24.79, 645.51, 76, 84, 15276700
0.62, 26.04, 24.68, 642.70, 76, 84, 15288532
0.63, 27.02, 24.01, 648.58, 77, 84, 15300356
0.63, 26.69, 24.30, 648.68, 77, 84, 15312188
0.62, 26.37, 24.25, 639.35, 77, 84, 15324012
0.63, 26.04, 24.65, 641.99, 77, 84, 15335836
0.64, 26.37, 24.44, 644.33, 77, 84, 15347672
0.64, 27.02, 23.84, 644.21, 77, 84, 15359492
0.63, 25.72, 24.46, 629.11, 77, 84, 15371324
0.64, 28.32, 24.11, 682.89, 77, 84, 15383144
0.64, 26.37, 24.19, 637.93, 77, 84, 15394976
0.64, 26.69, 24.63, 657.32, 77, 84, 15406800
0.64, 27.34, 24.41, 667.46, 77, 84, 15418632
0.64, 27.67, 23.76, 657.49, 77, 84, 15430472
0.65, 27.34, 24.54, 671.14, 77, 84, 15442284
0.65, 25.72, 23.98, 616.63, 77, 84, 15454108
0.64, 26.04, 24.90, 648.32, 77, 84, 15465936
0.65, 27.34, 23.92, 654.18, 77, 84, 15477768
0.64, 26.04, 24.41, 635.67, 77, 84, 15489584
0.64, 27.67, 24.25, 670.92, 78, 84, 15501420
0.64, 26.37, 24.60, 648.60, 78, 84, 15513240
0.64, 26.04, 24.54, 639.18, 78, 84, 15525072
0.65, 26.69, 24.30, 648.68, 78, 84, 15536892
0.65, 27.99, 24.17, 676.55, 78, 84, 15548748
0.66, 27.99, 23.95, 670.51, 78, 85, 15560552
0.65, 27.67, 24.41, 675.40, 78, 84, 15572380
0.65, 27.34, 24.68, 674.83, 78, 84, 15584212
0.65, 27.67, 24.65, 682.12, 78, 84, 15596036
0.66, 27.02, 24.87, 671.90, 78, 84, 15607872
0.66, 27.34, 23.76, 649.76, 78, 84, 15619696
0.65, 27.02, 24.73, 668.26, 78, 84, 15631532
0.65, 27.99, 23.79, 665.98, 78, 84, 15643352
0.65, 27.99, 24.46, 684.86, 78, 84, 15655184
0.66, 27.99, 23.65, 662.21, 78, 84, 15667004
0.65, 28.32, 24.36, 689.77, 78, 84, 15678832
0.66, 27.99, 24.52, 686.37, 78, 84, 15690676
0.66, 27.99, 24.73, 692.41, 79, 85, 15702484
0.66, 27.99, 24.65, 690.14, 79, 84, 15714316
0.65, 27.34, 24.14, 660.08, 79, 84, 15726136
0.66, 27.34, 24.46, 668.93, 79, 84, 15737968
0.66, 27.67, 23.98, 663.46, 79, 84, 15749792
0.67, 27.67, 24.44, 676.15, 79, 84, 15761624
0.67, 27.99, 24.49, 685.61, 79, 84, 15773444
0.66, 27.99, 24.65, 690.14, 79, 84, 15785276
0.66, 27.99, 24.14, 675.80, 79, 84, 15797100
0.67, 27.34, 24.44, 668.19, 79, 84, 15808944
0.67, 28.97, 24.33, 704.84, 79, 84, 15820756
0.67, 27.67, 24.33, 673.16, 79, 84, 15832580
0.66, 28.97, 24.36, 705.62, 79, 84, 15844412
0.67, 28.32, 24.46, 692.82, 79, 84, 15856232
0.67, 28.32, 24.09, 682.13, 79, 84, 15868064
0.67, 29.30, 24.33, 712.76, 79, 84, 15879888
0.67, 27.67, 24.38, 674.66, 79, 84, 15891720
0.67, 29.62, 23.90, 707.90, 80, 84, 15903540
0.67, 27.67, 24.25, 670.92, 80, 84, 15915364
0.66, 29.30, 24.22, 709.60, 80, 84, 15927192
0.66, 27.99, 24.84, 695.43, 80, 84, 15939016
0.67, 28.97, 24.79, 718.13, 80, 84, 15950864
0.69, 28.97, 24.52, 710.31, 80, 85, 15962672
0.68, 28.32, 24.01, 679.84, 80, 84, 15974504
0.68, 29.95, 24.14, 722.95, 80, 84, 15986328
0.68, 28.32, 24.41, 691.29, 80, 84, 15998160
0.68, 28.97, 24.79, 718.13, 80, 84, 16009984
0.68, 28.65, 24.03, 688.42, 80, 84, 16021816
0.67, 29.30, 23.98, 702.49, 80, 84, 16033640
0.68, 28.97, 24.27, 703.28, 80, 84, 16045468
0.68, 29.30, 24.22, 709.60, 80, 84, 16057304
0.68, 28.65, 24.33, 696.92, 80, 84, 16069140
0.68, 28.65, 24.14, 691.51, 80, 84, 16080960
0.68, 30.27, 24.17, 731.62, 80, 84, 16092784
0.69, 28.97, 24.22, 701.72, 81, 84, 16104616
0.68, 30.27, 24.06, 728.35, 81, 84, 16116440
0.68, 28.97, 24.01, 695.46, 81, 84, 16128276
0.68, 29.62, 24.17, 715.89, 81, 84, 16140100
0.70, 29.30, 24.65, 722.24, 81, 84, 16151928
0.69, 29.95, 24.30, 727.79, 81, 84, 16163752
0.69, 30.27, 24.33, 736.52, 81, 84, 16175584
0.69, 29.30, 24.33, 712.76, 81, 84, 16187416
0.70, 30.60, 24.06, 736.19, 81, 84, 16199240
0.70, 29.62, 24.52, 726.27, 81, 84, 16211076
0.70, 29.62, 24.14, 715.09, 81, 84, 16222896
0.69, 29.95, 24.52, 734.25, 81, 84, 16234728
0.69, 30.27, 24.27, 734.89, 81, 84, 16246552
0.70, 30.60, 24.17, 739.49, 81, 84, 16258384
0.69, 29.62, 24.49, 725.47, 81, 84, 16270212
0.69, 29.95, 24.41, 731.02, 81, 84, 16282032
0.69, 30.60, 24.71, 755.99, 81, 84, 16293868
0.69, 30.27, 24.57, 743.87, 82, 84, 16305688
0.69, 30.27, 24.30, 735.70, 82, 84, 16317520
0.69, 30.27, 24.46, 740.60, 82, 84, 16329344
0.69, 29.95, 24.25, 726.18, 82, 84, 16341180
0.70, 30.92, 24.14, 746.52, 82, 84, 16353000
0.70, 30.92, 24.44, 755.70, 82, 84, 16364832
0.70, 30.60, 24.52, 750.22, 82, 84, 16376652
0.70, 30.60, 24.41, 746.92, 82, 84, 16388476
0.70, 30.60, 24.54, 751.04, 82, 84, 16400312
0.70, 30.60, 24.38, 746.09, 82, 84, 16412136
0.71, 30.92, 24.27, 750.69, 82, 84, 16423968
0.71, 30.92, 24.22, 749.02, 82, 84, 16435788
0.71, 30.27, 24.36, 737.34, 82, 84, 16447624
0.71, 30.92, 23.74, 734.01, 82, 84, 16459448
0.70, 30.92, 24.46, 756.53, 82, 84, 16471280
0.71, 30.60, 24.14, 738.66, 82, 84, 16483100
0.71, 31.25, 24.30, 759.44, 82, 84, 16494924
0.70, 31.58, 23.92, 755.42, 83, 84, 16506756
0.71, 30.92, 24.33, 752.36, 83, 84, 16518584
0.71, 30.92, 24.27, 750.69, 83, 84, 16530416
0.70, 31.90, 23.82, 759.77, 83, 84, 16542240
0.71, 30.92, 24.03, 743.18, 83, 84, 16554076
0.72, 30.92, 24.09, 744.85, 83, 84, 16565900
0.72, 31.90, 24.38, 777.84, 83, 84, 16577732
0.71, 31.90, 24.60, 784.72, 83, 84, 16589556
0.71, 32.23, 23.95, 771.87, 83, 84, 16601392
0.73, 32.23, 24.17, 778.82, 83, 84, 16613212
0.72, 31.58, 24.52, 774.16, 83, 84, 16625036
0.72, 32.23, 24.46, 788.38, 83, 84, 16636868
0.72, 31.25, 24.11, 753.54, 83, 84, 16648692
0.73, 32.88, 23.92, 786.57, 83, 84, 16660524
0.73, 32.23, 24.03, 774.48, 83, 84, 16672344
0.71, 31.90, 24.27, 774.40, 83, 84, 16684180
0.71, 31.90, 24.25, 773.54, 83, 84, 16696000
0.71, 32.23, 23.79, 766.65, 84, 84, 16707836
0.72, 31.90, 24.71, 788.16, 84, 84, 16719660
0.71, 32.55, 23.87, 777.03, 84, 84, 16731492
0.72, 31.58, 24.38, 769.90, 84, 84, 16743316
0.72, 32.88, 24.06, 791.01, 84, 84, 16755144
0.73, 32.55, 24.38, 793.71, 84, 84, 16766980
0.74, 31.58, 24.14, 762.24, 84, 84, 16778800
0.73, 32.88, 23.90, 785.69, 84, 84, 16790632
0.73, 33.20, 24.36, 808.69, 84, 84, 16802456
0.72, 32.23, 24.25, 781.43, 84, 84, 16814288
0.73, 31.90, 24.25, 773.54, 84, 84, 16826108
0.73, 32.55, 24.25, 789.32, 84, 84, 16837940
0.73, 33.20, 24.03, 797.94, 84, 84, 16849760
0.73, 33.20, 24.25, 805.11, 84, 84, 16861584
0.74, 32.55, 24.60, 800.74, 84, 84, 16873416
0.72, 32.23, 24.49, 789.25, 84, 84, 16885244
0.72, 33.53, 23.95, 803.05, 84, 84, 16897080
0.72, 32.88, 24.27, 798.10, 85, 84, 16908900
0.73, 32.88, 24.38, 801.65, 85, 84, 16920736
0.73, 32.55, 24.41, 794.59, 85, 84, 16932556
0.74, 33.53, 24.01, 804.86, 85, 84, 16944392
0.74, 33.20, 24.01, 797.05, 85, 84, 16956216
0.74, 33.53, 24.41, 818.43, 85, 84, 16968044
0.73, 32.88, 24.60, 808.74, 85, 84, 16979872
0.74, 32.88, 24.52, 806.08, 85, 84, 16991700
0.74, 32.55, 24.44, 795.47, 85, 84, 17003532
0.74, 33.53, 24.17, 810.29, 85, 84, 17015352
0.74, 33.53, 24.25, 813.00, 85, 84, 17027184
0.74, 33.85, 24.25, 820.90, 85, 84, 17039008
0.74, 32.23, 24.36, 784.91, 85, 84, 17050852
0.74, 33.85, 24.25, 820.90, 85, 84, 17062660
0.74, 33.85, 24.22, 819.98, 85, 84, 17074492
0.74, 32.55, 23.95, 779.66, 85, 84, 17086312
0.74, 34.51, 24.11, 832.03, 85, 84, 17098140
0.74, 33.85, 24.19, 819.07, 86, 84, 17109972
0.74, 33.85, 24.25, 820.90, 86, 84, 17121796
0.74, 33.85, 24.22, 819.98, 86, 84, 17133628
0.75, 33.53, 24.27, 813.91, 86, 84, 17145456
0.75, 33.85, 24.09, 815.42, 86, 84, 17157288
0.76, 33.53, 24.54, 822.95, 86, 84, 17169128
0.75, 34.18, 24.17, 826.02, 86, 84, 17180944
0.75, 34.18, 24.41, 834.32, 86, 84, 17192768
0.75, 34.18, 24.33, 831.55, 86, 84, 17204596
0.75, 34.51, 24.33, 839.47, 86, 84, 17216420
0.75, 33.85, 23.87, 808.11, 86, 84, 17228248
0.74, 34.18, 24.27, 829.71, 86, 84, 17240080
0.75, 35.48, 23.92, 848.88, 86, 84, 17251904
0.74, 34.83, 24.14, 840.82, 86, 84, 17263732
0.75, 34.83, 23.87, 831.42, 86, 84, 17275556
0.75, 34.83, 24.09, 838.94, 86, 84, 17287388
0.75, 34.51, 24.36, 840.40, 86, 84, 17299208
0.75, 35.16, 23.84, 838.24, 87, 84, 17311056
0.75, 34.83, 24.41, 850.21, 87, 85, 17322860
0.75, 34.83, 24.14, 840.82, 87, 84, 17334688
0.75, 34.51, 24.19, 834.82, 87, 84, 17346520
0.76, 34.51, 24.49, 845.06, 87, 84, 17358336
0.76, 34.18, 23.98, 819.57, 87, 84, 17370172
0.75, 34.83, 24.09, 838.94, 87, 84, 17381992
0.76, 35.81, 23.95, 857.63, 87, 84, 17393824
0.77, 35.16, 23.84, 838.24, 87, 84, 17405644
0.76, 35.48, 24.01, 851.75, 87, 84, 17417476
0.76, 35.48, 24.06, 853.66, 87, 84, 17429316
0.76, 35.81, 23.95, 857.63, 87, 84, 17441124
0.75, 35.81, 24.22, 867.29, 87, 84, 17452952
0.76, 35.48, 23.98, 850.79, 87, 84, 17464780
0.76, 35.81, 24.17, 865.36, 87, 84, 17476612
0.76, 35.48, 24.03, 852.71, 87, 84, 17488428
0.76, 35.16, 24.19, 850.57, 87, 84, 17500264
0.76, 35.16, 24.33, 855.31, 88, 84, 17512084
0.76, 35.16, 23.95, 842.04, 88, 84, 17523916
0.75, 35.81, 24.30, 870.19, 88, 84, 17535740
0.77, 35.16, 24.03, 844.88, 88, 84, 17547568
0.76, 35.81, 24.30, 870.19, 88, 84, 17559392
0.77, 35.16, 23.95, 842.04, 88, 84, 17571236
0.77, 35.16, 23.98, 842.99, 88, 84, 17583052
0.78, 35.81, 24.33, 871.15, 88, 84, 17594872
0.77, 35.81, 24.11, 863.43, 88, 84, 17606708
0.77, 35.81, 24.36, 872.12, 88, 84, 17618528
0.77, 35.48, 24.27, 861.32, 88, 84, 17630360
0.77, 37.11, 24.22, 898.83, 88, 84, 17642180
0.77, 36.46, 24.41, 889.94, 88, 84, 17654012
0.77, 36.46, 24.19, 882.07, 88, 84, 17665836
0.77, 37.11, 24.03, 891.82, 88, 84, 17677660
0.77, 36.13, 23.95, 865.43, 88, 84, 17689488
0.77, 36.78, 23.82, 876.06, 88, 84, 17701316
0.77, 36.46, 24.01, 875.19, 89, 84, 17713148
0.78, 37.11, 24.22, 898.83, 89, 84, 17724968
0.77, 37.11, 23.87, 885.81, 89, 84, 17736800
0.78, 36.13, 24.30, 878.10, 89, 84, 17748620
0.78, 37.43, 23.84, 892.58, 89, 84, 17760456
0.78, 36.78, 24.11, 886.97, 89, 84, 17772276
0.78, 36.78, 23.84, 877.05, 89, 84, 17784108
0.78, 36.78, 24.17, 888.96, 89, 84, 17795932
0.78, 37.11, 24.22, 898.83, 89, 84, 17807756
0.78, 36.78, 24.41, 897.89, 89, 84, 17819592
0.78, 37.11, 24.38, 904.83, 89, 84, 17831416
0.78, 37.11, 24.36, 903.83, 89, 84, 17843248
0.78, 37.43, 24.27, 908.73, 89, 84, 17855072
0.79, 37.11, 24.52, 909.84, 89, 84, 17866904
0.78, 37.43, 23.95, 896.61, 89, 84, 17878724
0.79, 37.43, 23.76, 889.55, 89, 84, 17890560
0.78, 37.76, 23.82, 899.32, 89, 84, 17902384
0.79, 36.78, 24.30, 893.92, 90, 84, 17914204
0.78, 37.11, 24.11, 894.82, 90, 84, 17926032
0.78, 37.76, 24.06, 908.48, 90, 84, 17937860
0.79, 37.76, 24.17, 912.56, 90, 84, 17949692
0.79, 38.41, 23.82, 914.82, 90, 84, 17961512
0.80, 37.76, 23.63, 892.19, 90, 84, 17973348
0.79, 37.76, 24.17, 912.56, 90, 84, 17985168
0.79, 38.41, 23.84, 915.86, 90, 84, 17997000
0.79, 37.11, 24.71, 916.84, 90, 84, 18008820
0.79, 38.09, 24.17, 920.43, 90, 84, 18020652
0.79, 38.74, 23.71, 918.40, 90, 84, 18032472
0.79, 38.09, 24.19, 921.45, 90, 84, 18044300
0.79, 38.74, 23.60, 914.22, 90, 84, 18056136
0.80, 38.09, 23.71, 902.96, 90, 84, 18067956
0.79, 37.76, 24.11, 910.52, 90, 84, 18079792
0.80, 37.76, 24.11, 910.52, 90, 84, 18091616
0.79, 38.09, 24.46, 931.73, 90, 84, 18103448
0.79, 39.39, 23.79, 937.02, 91, 84, 18115272
0.79, 39.06, 23.63, 922.95, 91, 84, 18127104
0.79, 38.09, 24.19, 921.45, 91, 84, 18138928
0.80, 37.43, 24.52, 917.82, 91, 84, 18150756
0.80, 38.09, 24.19, 921.45, 91, 84, 18162584
0.81, 38.09, 24.38, 928.64, 91, 84, 18174412
0.80, 38.41, 24.41, 937.62, 91, 84, 18186244
0.80, 39.06, 23.90, 933.49, 91, 84, 18198068
0.79, 39.71, 23.65, 939.41, 91, 84, 18209904
0.81, 39.39, 23.82, 938.08, 91, 84, 18221728
0.80, 39.39, 23.82, 938.08, 91, 84, 18233560
0.80, 38.41, 24.44, 938.65, 91, 84, 18245380
0.80, 37.43, 24.60, 920.85, 91, 84, 18257212
0.81, 39.71, 23.76, 943.69, 91, 84, 18269032
0.80, 38.74, 24.19, 937.20, 91, 84, 18280860
0.81, 38.41, 24.38, 936.58, 91, 84, 18292692
0.81, 40.04, 23.68, 948.19, 91, 84, 18304512
0.80, 40.04, 23.60, 944.95, 92, 84, 18316352
0.81, 39.39, 23.79, 937.02, 92, 84, 18328172
0.80, 38.41, 24.30, 933.47, 92, 84, 18340004
0.81, 39.39, 24.41, 961.45, 92, 84, 18351832
0.81, 40.04, 23.52, 941.71, 92, 84, 18363664
0.81, 40.69, 23.55, 958.12, 92, 84, 18375488
0.80, 39.39, 23.84, 939.14, 92, 84, 18387312
0.82, 39.71, 24.25, 962.97, 92, 84, 18399144
0.82, 40.36, 23.84, 962.43, 92, 84, 18410972
0.82, 39.39, 23.74, 934.90, 92, 84, 18422804
0.82, 39.06, 24.38, 952.46, 92, 84, 18434624
0.82, 39.39, 24.46, 963.58, 92, 84, 18446456
0.82, 40.36, 23.68, 955.90, 92, 84, 18458276
0.81, 39.39, 24.52, 965.70, 92, 84, 18470108
0.80, 40.69, 23.41, 952.63, 92, 84, 18481928
0.81, 40.04, 24.03, 962.23, 92, 84, 18493760
0.81, 40.69, 23.47, 954.83, 92, 84, 18505580
0.81, 40.04, 23.92, 957.91, 93, 84, 18517408
0.80, 40.36, 24.19, 976.58, 93, 84, 18529256
0.82, 39.39, 24.38, 960.39, 93, 84, 18541064
0.82, 39.39, 24.49, 964.64, 93, 84, 18552896
0.83, 39.39, 24.36, 959.33, 93, 84, 18564716
0.83, 40.36, 24.06, 971.14, 93, 84, 18576552
0.82, 41.34, 23.84, 985.71, 93, 84, 18588368
0.82, 40.36, 24.09, 972.23, 93, 84, 18600200
0.83, 41.02, 24.14, 990.12, 93, 84, 18612024
0.83, 41.99, 23.52, 987.65, 93, 84, 18623848
0.81, 40.36, 23.90, 964.61, 93, 84, 18635676
0.83, 40.04, 24.46, 979.51, 93, 84, 18647504
0.82, 41.67, 23.57, 982.24, 93, 84, 18659336
0.82, 39.71, 24.22, 961.90, 93, 84, 18671172
0.81, 40.36, 24.25, 978.76, 93, 84, 18682988
0.83, 40.69, 24.14, 982.26, 93, 84, 18694808
0.83, 41.34, 23.44, 968.99, 93, 84, 18706644
0.82, 41.99, 23.36, 980.85, 94, 84, 18718460
0.83, 40.36, 24.09, 972.23, 94, 84, 18730292
0.83, 40.69, 24.17, 983.36, 94, 84, 18742112
0.84, 42.32, 23.65, 1001.01, 94, 84, 18753940
0.83, 41.02, 23.90, 980.16, 94, 84, 18765772
0.83, 42.32, 23.55, 996.44, 94, 84, 18777592
0.83, 41.34, 23.52, 972.33, 94, 84, 18789444
0.84, 41.67, 24.19, 1008.09, 94, 84, 18801248
0.83, 43.29, 23.36, 1011.26, 94, 84, 18813084
0.82, 41.99, 23.57, 989.91, 94, 84, 18824904
0.83, 42.64, 23.52, 1002.96, 94, 84, 18836740
0.84, 42.64, 23.60, 1006.41, 94, 84, 18848556
0.83, 42.97, 23.63, 1015.25, 94, 84, 18860388
0.83, 40.69, 24.41, 993.24, 94, 84, 18872216
0.83, 42.97, 23.55, 1011.77, 94, 84, 18884040
0.84, 42.97, 23.84, 1024.52, 94, 84, 18895880
0.83, 42.32, 23.36, 988.45, 94, 84, 18907700
0.83, 42.97, 23.79, 1022.20, 95, 84, 18919536
0.84, 40.69, 24.27, 987.75, 95, 84, 18931372
0.84, 41.02, 24.49, 1004.50, 95, 84, 18943192
0.83, 43.29, 23.36, 1011.26, 95, 84, 18955012
0.83, 41.67, 24.14, 1005.84, 95, 84, 18966848
0.85, 43.62, 23.30, 1016.51, 95, 84, 18978668
0.85, 41.99, 24.41, 1025.02, 95, 84, 18990496
0.84, 43.62, 23.41, 1021.22, 95, 84, 19002328
0.84, 43.62, 23.63, 1030.63, 95, 84, 19014148
0.85, 42.64, 23.92, 1020.21, 95, 84, 19025984
0.85, 41.67, 24.09, 1003.59, 95, 84, 19037808
0.83, 41.67, 24.44, 1018.20, 95, 84, 19049656
0.84, 41.99, 24.41, 1025.02, 95, 84, 19061460
0.84, 42.97, 24.14, 1037.27, 95, 84, 19073300
0.85, 43.29, 23.25, 1006.59, 95, 84, 19085120
0.85, 41.99, 24.52, 1029.55, 95, 84, 19096948
0.84, 42.64, 24.44, 1042.06, 95, 84, 19108780
0.86, 43.62, 23.47, 1023.57, 96, 84, 19120604
0.85, 42.32, 23.82, 1007.86, 96, 84, 19132440
0.85, 44.27, 23.49, 1040.04, 96, 84, 19144264
0.84, 43.29, 23.87, 1033.45, 96, 84, 19156096
0.85, 44.27, 23.41, 1036.46, 96, 84, 19167920
0.85, 42.97, 24.01, 1031.48, 96, 84, 19179756
0.85, 44.92, 23.33, 1048.07, 96, 84, 19191592
0.86, 43.95, 23.68, 1040.69, 96, 84, 19203404
0.86, 43.29, 24.06, 1041.62, 96, 84, 19215232
0.86, 43.62, 24.22, 1056.52, 96, 84, 19227060
0.86, 44.60, 23.47, 1046.49, 96, 84, 19238896
0.87, 43.62, 24.19, 1055.34, 96, 84, 19250716
0.86, 44.27, 23.79, 1053.18, 96, 84, 19262548
0.86, 43.62, 24.09, 1050.63, 96, 84, 19274368
0.86, 44.60, 23.87, 1064.53, 96, 84, 19286200
0.86, 44.60, 23.95, 1068.14, 96, 84, 19298020
0.85, 45.25, 23.20, 1049.56, 96, 84, 19309852
0.85, 42.64, 24.41, 1040.91, 97, 84, 19321672
0.85, 44.27, 23.47, 1038.85, 97, 84, 19333500
0.86, 42.97, 24.11, 1036.11, 97, 84, 19345324
0.86, 43.95, 24.22, 1064.40, 97, 84, 19357152
0.86, 43.95, 23.79, 1045.44, 97, 84, 19368988
0.86, 43.62, 24.19, 1055.34, 97, 84, 19380808
0.86, 43.62, 24.30, 1060.05, 97, 84, 19392644
0.87, 44.27, 24.19, 1071.09, 97, 84, 19404464
0.87, 45.90, 23.38, 1073.33, 97, 84, 19416300
0.87, 44.92, 23.84, 1071.09, 97, 84, 19428124
0.87, 44.27, 24.11, 1067.51, 97, 84, 19439952
0.87, 44.27, 24.27, 1074.67, 97, 84, 19451780
0.87, 43.95, 24.17, 1062.03, 97, 84, 19463608
0.87, 44.27, 23.84, 1055.57, 97, 84, 19475444
0.86, 45.90, 23.44, 1075.81, 97, 84, 19487264
0.85, 43.29, 24.38, 1055.64, 97, 84, 19499096
0.87, 44.60, 23.87, 1064.53, 97, 84, 19510920
0.87, 45.90, 23.41, 1074.57, 98, 84, 19522760
0.87, 44.27, 24.17, 1069.90, 98, 84, 19534580
0.87, 44.60, 23.95, 1068.14, 98, 84, 19546412
0.87, 44.27, 24.25, 1073.48, 98, 84, 19558232
0.87, 45.57, 23.65, 1078.01, 98, 84, 19570064
0.88, 45.57, 23.63, 1076.78, 98, 84, 19581896
0.87, 44.60, 24.09, 1074.15, 98, 84, 19593724
0.87, 45.25, 24.01, 1086.17, 98, 84, 19605556
0.88, 44.27, 24.11, 1067.51, 98, 84, 19617376
0.89, 45.25, 24.22, 1095.94, 98, 84, 19629216
0.87, 45.90, 23.76, 1090.66, 98, 84, 19641036
0.87, 44.60, 24.27, 1082.57, 98, 84, 19652872
0.88, 44.60, 24.11, 1075.36, 98, 84, 19664692
0.88, 45.90, 23.84, 1094.38, 98, 84, 19676516
0.87, 46.55, 23.60, 1098.60, 98, 84, 19688344
0.88, 44.60, 24.30, 1083.78, 98, 84, 19700172
0.87, 45.57, 23.82, 1085.38, 98, 84, 19712004
0.86, 45.57, 23.90, 1089.07, 99, 84, 19723820
0.87, 46.55, 23.36, 1087.30, 99, 84, 19735656
0.88, 45.90, 23.87, 1095.61, 99, 84, 19747476
0.88, 46.88, 23.41, 1097.43, 99, 84, 19759308
0.89, 45.57, 23.92, 1090.30, 99, 84, 19771128
0.88, 46.55, 23.57, 1097.34, 99, 84, 19782960
0.88, 46.22, 23.71, 1095.90, 99, 84, 19794780
0.89, 45.90, 23.65, 1085.71, 99, 84, 19806608
0.90, 46.88, 23.52, 1102.49, 99, 84, 19818440
0.88, 46.88, 23.52, 1102.49, 99, 84, 19830264
0.88, 46.88, 23.60, 1106.28, 99, 84, 19842096
0.89, 45.25, 24.27, 1098.38, 99, 84, 19853916
0.89, 45.90, 24.27, 1114.18, 99, 84, 19865752
0.89, 46.88, 23.76, 1113.87, 99, 84, 19877576
0.89, 47.53, 23.63, 1122.93, 99, 84, 19889428
0.89, 47.85, 23.33, 1116.42, 99, 84, 19901232
0.89, 46.22, 23.95, 1107.12, 99, 84, 19913064
0.89, 47.85, 23.38, 1119.00, 100, 84, 19924888
0.88, 45.90, 23.98, 1100.56, 100, 84, 19936716
0.89, 47.53, 23.65, 1124.21, 100, 84, 19948552
0.89, 47.85, 23.47, 1122.88, 100, 84, 19960376
0.89, 46.55, 24.09, 1121.20, 100, 84, 19972208
0.89, 47.20, 23.79, 1122.88, 100, 84, 19984028
0.90, 46.88, 23.92, 1121.45, 100, 84, 19995860
0.90, 46.88, 23.90, 1120.19, 100, 84, 20007680
0.90, 47.20, 23.74, 1120.33, 100, 84, 20019512
0.91, 47.53, 23.76, 1129.34, 100, 84, 20031332
0.90, 48.18, 23.65, 1139.61, 100, 84, 20043164
0.91, 47.85, 23.95, 1146.11, 100, 84, 20054996
0.90, 48.18, 23.79, 1146.11, 100, 84, 20066816
0.90, 48.50, 23.41, 1135.54, 100, 84, 20078648
0.90, 47.53, 23.57, 1120.36, 100, 84, 20090468
0.90, 48.50, 23.47, 1138.15, 100, 84, 20102304
0.90, 47.53, 23.82, 1131.90, 100, 84, 20114124
0.90, 47.20, 23.63, 1115.24, 100, 84, 20125956
0.89, 47.20, 24.03, 1134.33, 100, 84, 20137776
0.89, 47.85, 23.63, 1130.62, 100, 84, 20149616
0.89, 48.50, 23.49, 1139.46, 100, 84, 20161432
0.89, 47.85, 23.92, 1144.82, 100, 84, 20173256
0.89, 47.53, 23.74, 1128.06, 100, 84, 20185092
0.89, 48.18, 23.49, 1131.81, 100, 84, 20196912
0.90, 47.85, 23.74, 1135.78, 100, 84, 20208744
0.89, 48.50, 23.65, 1147.31, 100, 84, 20220564
0.90, 47.85, 23.57, 1128.04, 100, 84, 20232396
0.90, 46.88, 24.03, 1126.51, 100, 84, 20244216
0.90, 48.18, 23.63, 1138.31, 100, 84, 20256052
0.88, 47.53, 23.92, 1137.03, 100, 84, 20267876
0.88, 47.20, 23.90, 1127.97, 100, 84, 20279700
0.90, 48.50, 23.44, 1136.84, 100, 84, 20291552
0.89, 46.88, 23.65, 1108.81, 100, 84, 20303356
0.89, 47.20, 23.76, 1121.60, 100, 84, 20315196
0.89, 47.20, 24.03, 1134.33, 100, 84, 20327016
0.90, 47.20, 23.60, 1113.96, 100, 84, 20338844
0.90, 47.20, 23.87, 1126.69, 100, 84, 20350668
0.89, 47.53, 24.01, 1140.87, 100, 84, 20362504
0.89, 48.18, 23.63, 1138.31, 100, 84, 20374324
0.89, 47.85, 23.68, 1133.20, 100, 84, 20386152
0.89, 47.20, 24.01, 1133.06, 100, 84, 20397980
0.90, 48.18, 23.74, 1143.51, 100, 84, 20409828
0.90, 46.88, 24.11, 1130.30, 100, 84, 20421644
0.89, 47.85, 23.84, 1140.94, 100, 84, 20433468
0.87, 48.18, 23.38, 1126.62, 100, 84, 20445300
0.90, 47.85, 23.49, 1124.17, 100, 84, 20457124
0.88, 46.88, 23.84, 1117.66, 100, 84, 20468960
0.89, 48.50, 23.36, 1132.92, 100, 84, 20480780
0.89, 47.20, 24.01, 1133.06, 100, 84, 20492616
0.89, 46.55, 24.11, 1122.45, 100, 84, 20504436
0.89, 46.55, 24.06, 1119.94, 100, 84, 20516264
0.90, 46.88, 23.95, 1122.72, 100, 84, 20528096
0.90, 48.18, 23.36, 1125.32, 100, 84, 20539920
0.88, 47.20, 24.01, 1133.06, 100, 84, 20551764
0.88, 47.53, 23.79, 1130.62, 100, 84, 20563568
0.87, 48.18, 23.38, 1126.62, 100, 84, 20575404
0.90, 46.55, 24.09, 1121.20, 100, 84, 20587224
0.89, 47.20, 23.84, 1125.42, 100, 84, 20599052
0.89, 47.53, 23.49, 1116.52, 100, 84, 20610876
0.87, 47.20, 23.76, 1121.60, 100, 84, 20622704
0.88, 48.18, 23.57, 1135.71, 100, 84, 20634532
0.89, 47.85, 23.63, 1130.62, 100, 84, 20646360
0.89, 47.20, 24.01, 1133.06, 100, 84, 20658200
0.90, 46.88, 24.09, 1129.04, 100, 84, 20670020
0.89, 46.55, 24.11, 1122.45, 100, 84, 20681852
0.89, 47.53, 23.79, 1130.62, 100, 84, 20693676
0.89, 48.18, 23.63, 1138.31, 100, 84, 20705508
0.89, 47.53, 23.74, 1128.06, 100, 84, 20717328
0.88, 47.53, 23.74, 1128.06, 100, 84, 20729160
0.87, 47.85, 23.71, 1134.49, 100, 84, 20740980
0.88, 47.53, 23.87, 1134.46, 100, 84, 20752804
0.89, 47.20, 23.95, 1130.51, 100, 84, 20764640
0.89, 46.88, 23.82, 1116.40, 100, 84, 20776460
0.90, 46.55, 24.06, 1119.94, 100, 84, 20788296
0.90, 47.20, 23.65, 1116.51, 100, 84, 20800116
0.90, 46.88, 23.82, 1116.40, 100, 84, 20811960
0.89, 48.18, 23.38, 1126.62, 100, 84, 20823764
0.88, 48.18, 23.33, 1124.02, 100, 84, 20835600
0.89, 47.53, 23.47, 1115.24, 100, 84, 20847424
0.89, 47.20, 23.76, 1121.60, 100, 84, 20859248
0.88, 47.85, 23.47, 1122.88, 100, 84, 20871076
0.87, 47.85, 23.55, 1126.75, 100, 84, 20882904
0.88, 46.55, 23.98, 1116.18, 100, 84, 20894740
0.88, 47.20, 23.65, 1116.51, 100, 84, 20906564
0.88, 46.22, 24.14, 1115.85, 100, 84, 20918396
STOP
0.90, 47.20, 24.11, 1138.15, 0, 84, 20930220
0.89, 43.29, 24.76, 1071.99, 0, 84, 20942052
0.83, 37.76, 24.84, 938.02, 0, 84, 20953872
0.58, 33.53, 24.98, 837.42, 0, 84, 20965708
0.36, 30.60, 24.68, 755.17, 0, 84, 20977528
0.23, 27.02, 24.68, 666.80, 0, 84, 20989352
0.11, 24.41, 24.65, 601.87, 0, 84, 21001184
0.06, 21.81, 24.63, 537.08, 0, 84, 21013008
0.01, 19.53, 24.65, 481.50, 0, 84, 21024840
0.01, 17.90, 24.65, 441.37, 0, 84, 21036664
-0.01, 15.95, 24.65, 393.22, 0, 84, 21048504
