START
-0.00, -0.65, 25.03, -16.30, 1, 19, 512
-0.00, -0.65, 25.03, -16.30, 1, 145, 7420
-0.00, -0.65, 25.03, -16.30, 1, 84, 19244
-0.00, -0.65, 25.03, -16.30, 1, 84, 31068
-0.00, -0.65, 25.03, -16.30, 1, 84, 42900
-0.00, -0.65, 25.03, -16.30, 1, 84, 54724
-0.00, -0.65, 25.03, -16.30, 1, 84, 66560
-0.00, -0.65, 25.03, -16.30, 1, 84, 78380
-0.00, -0.65, 25.03, -16.30, 1, 84, 90216
-0.00, -0.65, 25.03, -16.30, 1, 84, 102036
-0.00, -0.65, 25.03, -16.30, 1, 84, 113868
-0.00, -0.65, 25.03, -16.30, 1, 84, 125692
-0.00, -0.65, 25.03, -16.30, 1, 84, 137524
-0.00, -0.65, 25.03, -16.30, 1, 84, 149348
-0.00, -0.65, 25.03, -16.30, 1, 84, 161192
-0.00, -0.65, 25.03, -16.30, 1, 84, 173012
-0.00, -0.65, 25.03, -16.30, 1, 84, 184832
-0.00, -0.65, 25.03, -16.30, 1, 84, 196668
-0.00, -0.65, 25.03, -16.30, 1, 84, 208488
-0.00, -0.65, 25.03, -16.30, 2, 84, 220336
-0.00, -0.65, 25.03, -16.30, 2, 85, 232144
-0.00, -0.65, 25.03, -16.30, 2, 84, 243972
-0.00, -0.65, 25.03, -16.30, 2, 84, 255796
-0.00, -0.65, 25.03, -16.30, 2, 84, 267624
-0.00, -0.65, 25.03, -16.30, 2, 84, 279464
-0.00, -0.65, 25.03, -16.30, 2, 85, 291284
-0.00, -0.65, 25.03, -16.30, 2, 84, 303120
-0.00, -0.65, 25.03, -16.30, 2, 84, 314944
-0.00, -0.65, 25.03, -16.30, 2, 84, 326780
-0.00, -0.65, 25.03, -16.30, 2, 84, 338600
-0.00, -0.65, 25.03, -16.30, 2, 84, 350432
-0.00, -0.65, 25.03, -16.30, 2, 84, 362252
-0.00, -0.65, 25.03, -16.30, 2, 84, 374080
-0.00, -0.65, 25.03, -16.30, 2, 84, 385908
-0.00, -0.65, 25.03, -16.30, 2, 84, 397732
-0.00, -0.65, 25.03, -16.30, 2, 84, 409568
-0.00, -0.65, 25.03, -16.30, 3, 84, 421404
-0.00, -0.65, 25.03, -16.30, 3, 84, 433220
-0.00, -0.65, 25.03, -16.30, 3, 84, 445040
-0.00, -0.65, 25.03, -16.30, 3, 84, 456876
-0.00, -0.65, 25.03, -16.30, 3, 84, 468696
-0.00, -0.65, 25.03, -16.30, 3, 84, 480532
-0.00, -0.65, 25.03, -16.30, 3, 85, 492352
-0.00, -0.65, 25.03, -16.30, 3, 84, 504180
-0.00, -0.65, 25.03, -16.30, 3, 84, 516020
-0.00, -0.65, 25.03, -16.30, 3, 84, 527840
-0.00, -0.65, 25.03, -16.30, 3, 84, 539676
-0.00, -0.65, 25.03, -16.30, 3, 84, 551500
-0.00, -0.65, 25.03, -16.30, 3, 84, 563336
-0.00, -0.65, 25.03, -16.30, 3, 84, 575156
-0.00, -0.65, 25.03, -16.30, 3, 84, 586988
-0.00, -0.65, 25.03, -16.30, 3, 84, 598812
-0.00, -0.65, 25.03, -16.30, 3, 84, 610636
-0.00, -0.65, 25.03, -16.30, 4, 84, 622468
-0.00, -0.65, 25.03, -16.30, 4, 84, 634292
-0.00, -0.65, 25.03, -16.30, 4, 84, 646132
-0.00, -0.65, 25.03, -16.30, 4, 84, 657956
-0.00, -0.65, 25.03, -16.30, 4, 84, 669788
-0.00, -0.65, 25.03, -16.30, 4, 84, 681612
-0.00, -0.65, 25.03, -16.30, 4, 84, 693444
-0.00, -0.65, 25.03, -16.30, 4, 84, 705264
-0.00, -0.65, 25.03, -16.30, 4, 84, 717096
-0.00, -0.65, 25.03, -16.30, 4, 84, 728916
-0.00, -0.65, 25.03, -16.30, 4, 84, 740748
-0.00, -0.65, 25.03, -16.30, 4, 84, 752576
-0.00, -0.65, 25.03, -16.30, 4, 84, 764400
-0.00, -0.65, 25.03, -16.30, 4, 84, 776228
-0.00, -0.65, 25.03, -16.30, 4, 84, 788052
-0.00, -0.65, 25.03, -16.30, 4, 84, 799884
-0.00, -0.65, 25.03, -16.30, 4, 84, 811712
-0.00, -0.65, 25.03, -16.30, 5, 84, 823544
-0.00, -0.65, 25.03, -16.30, 5, 84, 835368
-0.00, -0.65, 25.00, -16.28, 5, 84, 847196
-0.00, -0.65, 25.03, -16.30, 5, 84, 859024
-0.00, -0.65, 25.03, -16.30, 5, 84, 870852
-0.00, -0.65, 25.03, -16.30, 5, 84, 882684
-0.00, -0.65, 25.03, -16.30, 5, 84, 894504
-0.00, -0.65, 25.03, -16.30, 5, 84, 906336
-0.00, -0.65, 25.03, -16.30, 5, 84, 918160
0.00, -0.65, 25.03, -16.30, 5, 84, 929992
-0.00, -0.65, 25.03, -16.30, 5, 84, 941816
0.00, -0.65, 25.03, -16.30, 5, 84, 953648
-0.00, -0.65, 25.03, -16.30, 5, 84, 965468
0.00, -0.65, 25.03, -16.30, 5, 84, 977296
-0.00, -0.65, 25.03, -16.30, 5, 84, 989128
0.00, -0.65, 25.03, -16.30, 5, 84, 1000948
-0.00, -0.65, 25.03, -16.30, 5, 84, 1012784
-0.00, -0.65, 25.03, -16.30, 6, 84, 1024604
0.00, -0.65, 25.03, -16.30, 6, 84, 1036436
0.00, -0.65, 25.03, -16.30, 6, 84, 1048256
-0.00, -0.65, 25.06, -16.31, 6, 84, 1060088
-0.00, -0.65, 25.03, -16.30, 6, 84, 1071908
-0.00, -0.65, 25.03, -16.30, 6, 84, 1083740
-0.00, -0.65, 25.03, -16.30, 6, 84, 1095564
-0.00, -0.65, 25.03, -16.30, 6, 84, 1107392
-0.00, -0.65, 25.03, -16.30, 6, 84, 1119228
-0.00, -0.65, 25.03, -16.30, 6, 85, 1131048
-0.00, -0.65, 25.03, -16.30, 6, 84, 1142884
-0.00, -0.65, 25.03, -16.30, 6, 84, 1154708
-0.00, -0.65, 25.03, -16.30, 6, 84, 1166540
-0.00, -0.65, 25.03, -16.30, 6, 84, 1178364
-0.00, -0.65, 25.03, -16.30, 6, 84, 1190196
-0.00, -0.65, 25.03, -16.30, 6, 84, 1202020
-0.00, -0.65, 25.03, -16.30, 6, 84, 1213848
-0.00, -0.65, 25.00, -16.28, 7, 84, 1225676
-0.00, -0.65, 25.03, -16.30, 7, 84, 1237500
-0.00, -0.65, 25.03, -16.30, 7, 84, 1249332
0.00, -0.65, 25.03, -16.30, 7, 84, 1261156
0.00, -0.65, 25.03, -16.30, 7, 84, 1272992
0.00, -0.65, 25.03, -16.30, 7, 84, 1284816
0.00, -0.65, 25.03, -16.30, 7, 84, 1296648
0.00, -0.65, 25.03, -16.30, 7, 84, 1308472
0.00, -0.65, 25.06, -16.31, 7, 84, 1320324
0.00, -0.65, 25.03, -16.30, 7, 84, 1332136
0.00, -0.65, 25.03, -16.30, 7, 84, 1343964
0.00, -0.65, 25.03, -16.30, 7, 84, 1355796
0.00, -0.65, 25.03, -16.30, 7, 84, 1367624
0.00, -0.65, 25.03, -16.30, 7, 84, 1379460
0.00, -0.65, 25.03, -16.30, 7, 84, 1391284
0.00, -0.65, 25.03, -16.30, 7, 84, 1403116
0.00, -0.65, 25.03, -16.30, 7, 84, 1414940
0.00, -0.65, 25.03, -16.30, 8, 84, 1426768
0.00, -0.65, 25.03, -16.30, 8, 84, 1438592
0.00, -0.65, 25.03, -16.30, 8, 84, 1450424
0.00, -0.65, 25.03, -16.30, 8, 84, 1462252
0.00, -0.65, 25.03, -16.30, 8, 84, 1474076
0.00, -0.65, 25.03, -16.30, 8, 84, 1485908
0.00, -0.65, 25.03, -16.30, 8, 84, 1497728
0.00, -0.65, 25.00, -16.28, 8, 84, 1509564
0.00, -0.65, 25.03, -16.30, 8, 84, 1521400
0.00, -0.65, 25.03, -16.30, 8, 84, 1533220
0.01, -0.65, 25.00, -16.28, 8, 84, 1545040
0.00, -0.65, 25.03, -16.30, 8, 84, 1556864
0.00, -0.65, 25.00, -16.28, 8, 84, 1568700
0.00, -0.65, 25.03, -16.30, 8, 84, 1580536
0.00, -0.65, 25.00, -16.28, 8, 84, 1592356
0.00, -0.65, 25.03, -16.30, 8, 84, 1604176
0.00, -0.33, 25.03, -8.15, 8, 84, 1616008
0.01, -0.33, 25.00, -8.14, 9, 84, 1627832
0.00, -0.33, 25.03, -8.15, 9, 84, 1639668
0.01, -0.33, 25.00, -8.14, 9, 85, 1651488
0.01, -0.65, 25.00, -16.28, 9, 84, 1663316
0.01, -0.33, 25.00, -8.14, 9, 84, 1675144
0.01, -0.65, 25.00, -16.28, 9, 84, 1686972
0.01, -0.65, 25.00, -16.28, 9, 84, 1698804
0.01, -0.33, 25.00, -8.14, 9, 84, 1710628
0.01, -0.65, 25.03, -16.30, 9, 84, 1722464
0.01, -0.65, 25.03, -16.30, 9, 84, 1734288
0.01, -0.65, 25.00, -16.28, 9, 84, 1746124
0.01, -0.33, 25.03, -8.15, 9, 84, 1757944
0.01, -0.65, 25.03, -16.30, 9, 84, 1769784
0.01, -0.33, 25.03, -8.15, 9, 84, 1781616
0.01, -0.33, 25.00, -8.14, 9, 84, 1793432
0.01, -0.65, 25.00, -16.28, 9, 84, 1805268
0.01, -0.33, 25.00, -8.14, 9, 84, 1817084
0.01, -0.33, 25.00, -8.14, 10, 84, 1828920
0.01, -0.65, 25.03, -16.30, 10, 84, 1840744
0.01, -0.33, 25.00, -8.14, 10, 84, 1852576
0.01, -0.33, 25.00, -8.14, 10, 84, 1864396
0.01, -0.33, 25.00, -8.14, 10, 84, 1876228
0.01, -0.33, 25.00, -8.14, 10, 84, 1888052
0.01, -0.33, 25.03, -8.15, 10, 84, 1899880
0.01, -0.33, 25.00, -8.14, 10, 84, 1911704
0.01, -0.33, 25.00, -8.14, 10, 84, 1923532
0.01, -0.33, 25.00, -8.14, 10, 84, 1935364
0.01, -0.33, 25.00, -8.14, 10, 84, 1947188
0.01, -0.33, 25.03, -8.15, 10, 84, 1959020
0.01, -0.65, 25.00, -16.28, 10, 84, 1970840
0.01, -0.33, 25.00, -8.14, 10, 84, 1982672
0.01, -0.65, 25.03, -16.30, 10, 84, 1994492
0.01, -0.33, 25.00, -8.14, 10, 84, 2006328
0.01, -0.33, 25.00, -8.14, 10, 84, 2018148
0.01, -0.33, 25.03, -8.15, 11, 84, 2029976
0.01, -0.33, 25.03, -8.15, 11, 84, 2041828
0.01, -0.33, 25.00, -8.14, 11, 84, 2053636
0.01, -0.33, 25.03, -8.15, 11, 84, 2065472
0.02, -0.33, 25.00, -8.14, 11, 84, 2077292
0.02, -0.33, 25.00, -8.14, 11, 84, 2089128
0.02, -0.33, 25.03, -8.15, 11, 84, 2100952
0.02, -0.33, 25.00, -8.14, 11, 84, 2112788
0.02, -0.33, 25.03, -8.15, 11, 84, 2124608
0.02, -0.33, 25.03, -8.15, 11, 84, 2136440
0.02, -0.33, 25.00, -8.14, 11, 84, 2148276
0.02, -0.33, 25.03, -8.15, 11, 84, 2160100
0.02, -0.33, 25.00, -8.14, 11, 84, 2171932
0.02, -0.33, 25.03, -8.15, 11, 84, 2183756
0.02, -0.33, 25.00, -8.14, 11, 84, 2195592
0.02, -0.33, 25.03, -8.15, 11, 84, 2207412
0.02, -0.33, 25.03, -8.15, 11, 84, 2219244
0.02, -0.33, 25.00, -8.14, 12, 84, 2231068
0.02, -0.33, 25.03, -8.15, 12, 84, 2242896
0.02, -0.33, 25.03, -8.15, 12, 84, 2254720
0.02, -0.33, 25.00, -8.14, 12, 84, 2266552
0.02, -0.33, 25.00, -8.14, 12, 84, 2278388
0.02, -0.33, 25.00, -8.14, 12, 84, 2290212
0.03, -0.33, 25.00, -8.14, 12, 84, 2302044
0.02, -0.33, 25.03, -8.15, 12, 84, 2313868
0.02, -0.33, 25.00, -8.14, 12, 84, 2325700
0.02, -0.33, 25.00, -8.14, 12, 84, 2337524
0.03, -0.33, 25.00, -8.14, 12, 84, 2349360
0.03, -0.33, 25.03, -8.15, 12, 84, 2361184
0.03, -0.33, 25.00, -8.14, 12, 84, 2373012
0.03, -0.33, 25.03, -8.15, 12, 84, 2384848
0.03, -0.33, 25.03, -8.15, 12, 84, 2396668
0.03, -0.33, 25.00, -8.14, 12, 84, 2408504
0.03, -0.33, 25.03, -8.15, 12, 84, 2420328
0.02, -0.33, 25.00, -8.14, 13, 84, 2432164
0.02, -0.33, 25.03, -8.15, 13, 84, 2443988
0.02, -0.33, 25.00, -8.14, 13, 84, 2455820
0.03, -0.33, 25.00, -8.14, 13, 84, 2467644
0.03, -0.33, 25.00, -8.14, 13, 84, 2479472
0.03, -0.33, 25.00, -8.14, 13, 84, 2491308
0.03, -0.33, 25.00, -8.14, 13, 84, 2503128
0.03, -0.33, 25.00, -8.14, 13, 84, 2514964
0.03, -0.33, 25.00, -8.14, 13, 84, 2526788
0.03, -0.33, 25.00, -8.14, 13, 84, 2538620
0.03, -0.33, 25.03, -8.15, 13, 84, 2550440
0.03, -0.33, 25.03, -8.15, 13, 84, 2562276
0.03, -0.33, 25.00, -8.14, 13, 84, 2574096
0.03, -0.33, 25.00, -8.14, 13, 84, 2585928
0.03, -0.33, 25.00, -8.14, 13, 84, 2597760
0.03, -0.33, 25.03, -8.15, 13, 84, 2609584
0.03, -0.33, 25.00, -8.14, 13, 84, 2621416
0.03, -0.33, 25.00, -8.14, 14, 84, 2633236
0.03, -0.33, 24.98, -8.13, 14, 84, 2645072
0.03, -0.33, 25.00, -8.14, 14, 84, 2656892
0.03, -0.33, 25.00, -8.14, 14, 84, 2668720
0.04, -0.33, 25.03, -8.15, 14, 84, 2680560
0.04, -0.33, 25.03, -8.15, 14, 84, 2692380
0.04, -0.33, 25.03, -8.15, 14, 84, 2704200
0.04, -0.33, 25.03, -8.15, 14, 84, 2716032
0.04, -0.33, 25.03, -8.15, 14, 84, 2727868
0.04, -0.33, 25.03, -8.15, 14, 84, 2739688
0.04, -0.33, 25.00, -8.14, 14, 84, 2751524
0.04, -0.33, 25.03, -8.15, 14, 84, 2763344
0.04, -0.33, 25.03, -8.15, 14, 84, 2775180
0.04, -0.33, 25.00, -8.14, 14, 84, 2787000
0.04, -0.33, 24.98, -8.13, 14, 84, 2798832
0.04, -0.33, 24.98, -8.13, 14, 84, 2810656
0.04, -0.33, 25.00, -8.14, 14, 84, 2822484
0.04, -0.33, 25.03, -8.15, 15, 84, 2834316
0.04, -0.33, 25.00, -8.14, 15, 84, 2846144
0.04, -0.33, 24.98, -8.13, 15, 84, 2857976
0.04, -0.00, 25.03, -0.00, 15, 84, 2869796
0.04, -0.33, 25.00, -8.14, 15, 84, 2881644
0.04, -0.00, 25.00, -0.00, 15, 84, 2893452
0.05, -0.00, 25.03, -0.00, 15, 84, 2905284
0.05, -0.00, 25.00, -0.00, 15, 84, 2917104
0.05, -0.00, 25.00, -0.00, 15, 84, 2928940
0.05, -0.33, 25.00, -8.14, 15, 84, 2940776
0.05, -0.00, 25.00, -0.00, 15, 85, 2952588
0.05, -0.00, 25.03, -0.00, 15, 84, 2964428
0.05, -0.33, 25.00, -8.14, 15, 84, 2976252
0.05, -0.00, 25.00, -0.00, 15, 84, 2988084
0.05, -0.00, 25.03, -0.00, 15, 84, 2999908
0.05, -0.00, 25.00, -0.00, 15, 84, 3011740
0.05, -0.00, 25.00, -0.00, 15, 84, 3023564
0.05, -0.33, 25.00, -8.14, 16, 84, 3035400
0.05, -0.00, 25.03, -0.00, 16, 84, 3047224
0.05, -0.00, 25.00, -0.00, 16, 84, 3059052
0.05, -0.00, 25.00, -0.00, 16, 84, 3070876
0.05, -0.00, 24.95, -0.00, 16, 84, 3082704
0.05, -0.00, 25.00, -0.00, 16, 84, 3094536
0.05, -0.00, 25.00, -0.00, 16, 84, 3106360
0.06, -0.00, 25.00, -0.00, 16, 84, 3118192
0.06, -0.00, 25.00, -0.00, 16, 84, 3130012
0.06, -0.00, 25.00, -0.00, 16, 84, 3141864
0.06, -0.00, 25.03, -0.00, 16, 84, 3153668
0.06, -0.00, 25.00, -0.00, 16, 84, 3165496
0.05, -0.00, 25.00, -0.00, 16, 84, 3177320
0.06, -0.00, 24.98, -0.00, 16, 84, 3189152
0.06, -0.33, 25.00, -8.14, 16, 84, 3200988
0.06, -0.00, 25.00, -0.00, 16, 84, 3212808
0.06, -0.00, 25.03, -0.00, 16, 84, 3224644
0.06, -0.00, 25.00, -0.00, 17, 84, 3236468
0.06, -0.00, 25.00, -0.00, 17, 84, 3248304
0.06, -0.00, 25.00, -0.00, 17, 84, 3260124
0.06, -0.00, 25.03, -0.00, 17, 84, 3271960
0.06, -0.00, 25.00, -0.00, 17, 84, 3283784
0.06, -0.00, 25.03, -0.00, 17, 84, 3295612
0.06, -0.00, 25.00, -0.00, 17, 84, 3307444
0.07, -0.00, 24.98, -0.00, 17, 84, 3319264
0.07, -0.00, 25.00, -0.00, 17, 84, 3331100
0.07, -0.00, 25.00, -0.00, 17, 84, 3342920
0.07, -0.00, 24.98, -0.00, 17, 84, 3354752
0.07, -0.00, 25.00, -0.00, 17, 84, 3366580
0.07, -0.00, 24.98, -0.00, 17, 84, 3378412
0.07, -0.00, 25.00, -0.00, 17, 84, 3390232
0.06, -0.00, 25.00, -0.00, 17, 84, 3402076
0.07, -0.00, 25.00, -0.00, 17, 84, 3413892
0.06, -0.00, 24.98, -0.00, 17, 84, 3425720
0.07, -0.00, 24.98, -0.00, 18, 84, 3437552
0.06, -0.00, 25.03, -0.00, 18, 84, 3449376
0.07, -0.00, 25.06, -0.00, 18, 84, 3461208
0.07, -0.00, 24.95, -0.00, 18, 84, 3473032
0.07, -0.00, 24.98, -0.00, 18, 84, 3484864
0.07, -0.00, 25.00, -0.00, 18, 84, 3496684
0.07, -0.00, 24.98, -0.00, 18, 84, 3508520
0.07, -0.00, 25.03, -0.00, 18, 84, 3520340
0.07, -0.00, 24.98, -0.00, 18, 84, 3532164
0.07, -0.00, 24.98, -0.00, 18, 84, 3544000
0.08, -0.00, 25.00, -0.00, 18, 84, 3555816
0.08, -0.00, 25.03, -0.00, 18, 84, 3567652
0.07, -0.00, 25.00, -0.00, 18, 84, 3579476
0.08, -0.00, 25.00, -0.00, 18, 84, 3591308
0.07, -0.00, 25.00, -0.00, 18, 84, 3603128
0.07, -0.00, 25.00, -0.00, 18, 84, 3614960
0.07, -0.00, 25.00, -0.00, 18, 84, 3626780
0.08, -0.00, 25.00, -0.00, 19, 84, 3638608
0.07, -0.00, 24.95, -0.00, 19, 84, 3650432
0.08, 0.33, 25.03, 8.15, 19, 84, 3662260
0.08, -0.00, 25.03, -0.00, 19, 84, 3674100
0.08, 0.33, 24.98, 8.13, 19, 84, 3685920
0.08, 0.33, 25.00, 8.14, 19, 84, 3697756
0.09, 0.33, 24.98, 8.13, 19, 84, 3709576
0.09, -0.00, 25.03, -0.00, 19, 84, 3721408
0.09, 0.33, 25.00, 8.14, 19, 84, 3733228
0.09, -0.00, 25.00, -0.00, 19, 84, 3745064
0.08, 0.33, 24.98, 8.13, 19, 84, 3756884
0.09, 0.33, 25.00, 8.14, 19, 84, 3768712
0.09, -0.00, 25.00, -0.00, 19, 84, 3780544
0.09, 0.33, 25.00, 8.14, 19, 84, 3792364
0.09, 0.33, 25.00, 8.14, 19, 84, 3804200
0.09, -0.00, 24.98, -0.00, 19, 84, 3816020
0.09, 0.33, 24.98, 8.13, 19, 84, 3827860
0.09, 0.33, 24.98, 8.13, 20, 84, 3839684
0.09, 0.33, 25.00, 8.14, 20, 84, 3851516
0.09, 0.33, 25.03, 8.15, 20, 84, 3863340
0.09, 0.33, 25.03, 8.15, 20, 84, 3875168
0.09, 0.33, 24.98, 8.13, 20, 84, 3886996
0.10, 0.33, 24.98, 8.13, 20, 84, 3898824
0.10, 0.33, 24.92, 8.11, 20, 84, 3910664
0.10, 0.33, 25.03, 8.15, 20, 84, 3922484
0.10, 0.33, 25.03, 8.15, 20, 84, 3934320
0.10, 0.33, 24.95, 8.12, 20, 84, 3946140
0.10, 0.33, 24.98, 8.13, 20, 84, 3957976
0.10, 0.33, 25.00, 8.14, 20, 84, 3969796
0.10, 0.33, 24.98, 8.13, 20, 84, 3981624
0.10, 0.33, 25.00, 8.14, 20, 84, 3993448
0.10, 0.33, 24.98, 8.13, 20, 84, 4005280
0.10, 0.33, 24.95, 8.12, 20, 84, 4017112
0.10, 0.33, 25.03, 8.15, 20, 84, 4028932
0.10, 0.33, 25.00, 8.14, 21, 84, 4040784
0.10, 0.33, 24.95, 8.12, 21, 85, 4052592
0.10, 0.33, 25.03, 8.15, 21, 84, 4064428
0.10, 0.33, 24.92, 8.11, 21, 84, 4076252
0.11, 0.33, 24.95, 8.12, 21, 84, 4088084
0.11, 0.33, 24.98, 8.13, 21, 84, 4099908
0.11, 0.33, 25.00, 8.14, 21, 84, 4111736
0.11, 0.65, 24.98, 16.26, 21, 84, 4123568
0.11, 0.33, 24.95, 8.12, 21, 84, 4135392
0.11, 0.33, 24.95, 8.12, 21, 84, 4147228
0.11, 0.33, 25.03, 8.15, 21, 84, 4159048
0.11, 0.33, 25.03, 8.15, 21, 84, 4170884
0.11, 0.33, 24.98, 8.13, 21, 84, 4182708
0.11, 0.33, 24.98, 8.13, 21, 84, 4194544
0.11, 0.33, 24.98, 8.13, 21, 84, 4206368
0.11, 0.33, 25.00, 8.14, 21, 84, 4218196
0.11, 0.65, 25.00, 16.28, 21, 84, 4230024
0.11, 0.33, 25.00, 8.14, 22, 84, 4241852
0.11, 0.65, 24.98, 16.26, 22, 84, 4253684
0.11, 0.33, 25.03, 8.15, 22, 84, 4265504
0.12, 0.33, 25.03, 8.15, 22, 84, 4277340
0.12, 0.65, 24.95, 16.24, 22, 84, 4289160
0.12, 0.33, 25.06, 8.16, 22, 84, 4301008
0.12, 0.33, 25.03, 8.15, 22, 85, 4312816
0.12, 0.65, 24.95, 16.24, 22, 84, 4324644
0.12, 0.65, 25.00, 16.28, 22, 84, 4336468
0.12, 0.65, 24.95, 16.24, 22, 84, 4348292
0.12, 0.65, 25.03, 16.30, 22, 84, 4360128
0.12, 0.65, 25.03, 16.30, 22, 84, 4371948
0.12, 0.65, 24.98, 16.26, 22, 84, 4383784
0.12, 0.65, 24.98, 16.26, 22, 84, 4395604
0.12, 0.33, 24.92, 8.11, 22, 84, 4407440
0.12, 0.65, 25.00, 16.28, 22, 84, 4419260
0.12, 0.65, 25.03, 16.30, 22, 84, 4431096
0.12, 0.65, 25.00, 16.28, 23, 84, 4442920
0.12, 0.65, 25.00, 16.28, 23, 84, 4454752
0.12, 0.65, 24.92, 16.23, 23, 84, 4466580
0.13, 0.65, 25.06, 16.31, 23, 84, 4478404
0.13, 0.65, 25.00, 16.28, 23, 84, 4490240
0.13, 0.65, 25.00, 16.28, 23, 84, 4502080
0.14, 0.65, 25.00, 16.28, 23, 84, 4513896
0.14, 0.65, 24.98, 16.26, 23, 84, 4525724
0.14, 0.65, 24.98, 16.26, 23, 84, 4537556
0.13, 0.65, 25.00, 16.28, 23, 84, 4549380
0.14, 0.65, 25.03, 16.30, 23, 84, 4561208
0.14, 0.65, 24.95, 16.24, 23, 84, 4573036
0.14, 0.65, 25.03, 16.30, 23, 84, 4584864
0.14, 0.65, 25.03, 16.30, 23, 84, 4596692
0.13, 0.65, 25.00, 16.28, 23, 84, 4608516
0.14, 0.65, 24.98, 16.26, 23, 84, 4620344
0.13, 0.65, 25.00, 16.28, 23, 84, 4632168
0.14, 0.65, 25.03, 16.30, 24, 84, 4644000
0.13, 0.98, 24.98, 24.39, 24, 84, 4655820
0.14, 0.65, 24.98, 16.26, 24, 84, 4667652
0.14, 0.65, 24.95, 16.24, 24, 84, 4679476
0.15, 0.65, 24.98, 16.26, 24, 84, 4691300
0.15, 0.98, 25.00, 24.42, 24, 84, 4703128
0.15, 0.98, 24.95, 24.36, 24, 84, 4714952
0.15, 0.65, 24.95, 16.24, 24, 84, 4726788
0.15, 0.98, 25.00, 24.42, 24, 84, 4738608
0.15, 0.98, 25.00, 24.42, 24, 84, 4750440
0.15, 0.65, 25.00, 16.28, 24, 84, 4762280
0.15, 0.98, 24.98, 24.39, 24, 84, 4774096
0.15, 0.65, 25.00, 16.28, 24, 84, 4785916
0.15, 0.65, 25.00, 16.28, 24, 84, 4797752
0.15, 0.98, 24.98, 24.39, 24, 84, 4809576
0.15, 0.98, 25.00, 24.42, 24, 84, 4821404
0.15, 0.98, 24.95, 24.36, 24, 84, 4833240
0.15, 0.65, 25.03, 16.30, 25, 84, 4845064
0.15, 0.65, 25.03, 16.30, 25, 84, 4856896
0.15, 0.98, 24.92, 24.34, 25, 84, 4868716
0.16, 0.98, 24.95, 24.36, 25, 84, 4880556
0.16, 0.98, 25.03, 24.44, 25, 85, 4892376
0.16, 0.98, 25.00, 24.42, 25, 84, 4904212
0.16, 0.98, 25.00, 24.42, 25, 84, 4916032
0.16, 0.98, 25.00, 24.42, 25, 84, 4927860
0.16, 0.98, 25.00, 24.42, 25, 84, 4939700
0.16, 0.98, 25.03, 24.44, 25, 84, 4951520
0.16, 0.98, 25.03, 24.44, 25, 84, 4963356
0.16, 0.98, 25.00, 24.42, 25, 84, 4975176
0.16, 0.98, 24.98, 24.39, 25, 84, 4987012
0.16, 0.98, 25.00, 24.42, 25, 84, 4998828
0.16, 0.98, 25.03, 24.44, 25, 84, 5010660
0.16, 0.98, 25.00, 24.42, 25, 84, 5022484
0.16, 0.98, 25.00, 24.42, 25, 84, 5034316
0.16, 0.98, 24.84, 24.26, 26, 84, 5046140
0.16, 0.98, 25.00, 24.42, 26, 84, 5057968
0.16, 1.30, 24.95, 32.49, 26, 84, 5069800
0.17, 0.98, 24.95, 24.36, 26, 84, 5081620
0.17, 0.98, 24.90, 24.31, 26, 84, 5093456
0.17, 0.98, 24.98, 24.39, 26, 84, 5105276
0.17, 0.98, 24.98, 24.39, 26, 84, 5117108
0.18, 0.98, 24.92, 24.34, 26, 84, 5128928
0.18, 1.30, 25.00, 32.56, 26, 84, 5140764
0.18, 0.98, 25.00, 24.42, 26, 84, 5152584
0.18, 1.30, 25.03, 32.59, 26, 84, 5164408
0.17, 0.98, 24.90, 24.31, 26, 84, 5176240
0.17, 0.98, 25.03, 24.44, 26, 84, 5188064
0.18, 0.98, 25.03, 24.44, 26, 84, 5199892
0.18, 1.30, 25.00, 32.56, 26, 85, 5211716
0.18, 1.30, 24.95, 32.49, 26, 84, 5223548
0.18, 0.98, 25.00, 24.42, 26, 84, 5235368
0.18, 0.98, 25.06, 24.47, 27, 84, 5247204
0.18, 1.63, 24.95, 40.61, 27, 84, 5259028
0.18, 1.30, 24.92, 32.45, 27, 84, 5270856
0.18, 1.30, 24.95, 32.49, 27, 84, 5282680
0.19, 1.30, 25.03, 32.59, 27, 84, 5294512
0.19, 0.98, 25.03, 24.44, 27, 84, 5306344
0.19, 1.63, 24.98, 40.65, 27, 84, 5318168
0.19, 1.30, 24.95, 32.49, 27, 84, 5330004
0.19, 1.30, 25.03, 32.59, 27, 84, 5341828
0.19, 1.30, 25.03, 32.59, 27, 84, 5353660
0.19, 1.63, 24.98, 40.65, 27, 84, 5365484
0.19, 1.30, 25.03, 32.59, 27, 84, 5377316
0.19, 1.30, 24.92, 32.45, 27, 84, 5389140
0.19, 1.30, 24.98, 32.52, 27, 84, 5400984
0.19, 1.30, 25.03, 32.59, 27, 84, 5412804
0.19, 1.63, 24.98, 40.65, 27, 84, 5424628
0.19, 1.63, 24.95, 40.61, 27, 84, 5436460
0.19, 1.30, 25.00, 32.56, 28, 84, 5448284
0.19, 1.30, 25.06, 32.63, 28, 84, 5460116
0.20, 1.63, 24.98, 40.65, 28, 84, 5471940
0.20, 1.63, 24.95, 40.61, 28, 84, 5483772
0.21, 1.30, 24.87, 32.38, 28, 84, 5495596
0.21, 1.30, 25.00, 32.56, 28, 84, 5507424
0.21, 1.30, 24.92, 32.45, 28, 84, 5519248
0.21, 1.63, 24.87, 40.48, 28, 84, 5531076
0.21, 1.30, 25.03, 32.59, 28, 84, 5542908
0.21, 1.63, 24.98, 40.65, 28, 84, 5554728
0.21, 1.63, 24.90, 40.52, 28, 84, 5566560
0.21, 1.30, 24.95, 32.49, 28, 84, 5578380
0.21, 1.30, 25.00, 32.56, 28, 84, 5590212
0.21, 1.63, 25.00, 40.70, 28, 84, 5602036
0.21, 1.63, 24.98, 40.65, 28, 84, 5613872
0.21, 1.30, 25.03, 32.59, 28, 84, 5625696
0.21, 1.63, 24.98, 40.65, 28, 84, 5637520
0.21, 1.63, 25.00, 40.70, 29, 84, 5649356
0.21, 1.63, 24.98, 40.65, 29, 84, 5661192
0.21, 1.63, 24.87, 40.48, 29, 84, 5673016
0.22, 1.63, 24.98, 40.65, 29, 84, 5684836
0.22, 1.63, 24.98, 40.65, 29, 84, 5696672
0.22, 1.95, 24.92, 48.68, 29, 84, 5708492
0.22, 1.63, 25.00, 40.70, 29, 84, 5720328
0.23, 1.63, 25.06, 40.78, 29, 84, 5732148
0.22, 1.63, 25.03, 40.74, 29, 84, 5743976
0.22, 1.95, 25.00, 48.83, 29, 84, 5755812
0.22, 1.30, 25.03, 32.59, 29, 84, 5767632
0.22, 1.63, 25.00, 40.70, 29, 84, 5779468
0.22, 1.63, 24.98, 40.65, 29, 84, 5791288
0.22, 1.95, 24.98, 48.78, 29, 84, 5803128
0.22, 1.63, 24.92, 40.56, 29, 84, 5814944
0.22, 1.63, 25.03, 40.74, 29, 84, 5826780
0.22, 1.95, 24.98, 48.78, 29, 84, 5838604
0.22, 1.95, 24.95, 48.73, 30, 84, 5850432
0.22, 1.95, 24.98, 48.78, 30, 84, 5862276
0.23, 1.63, 25.00, 40.70, 30, 84, 5874088
0.23, 1.63, 25.06, 40.78, 30, 84, 5885924
0.24, 1.95, 24.90, 48.62, 30, 84, 5897744
0.24, 1.95, 24.90, 48.62, 30, 84, 5909576
0.24, 1.63, 25.03, 40.74, 30, 84, 5921400
0.24, 1.95, 25.00, 48.83, 30, 84, 5933240
0.24, 1.95, 24.98, 48.78, 30, 84, 5945060
0.24, 1.95, 24.92, 48.68, 30, 84, 5956892
0.24, 1.63, 25.03, 40.74, 30, 84, 5968716
0.24, 1.95, 25.00, 48.83, 30, 84, 5980544
0.24, 1.95, 24.98, 48.78, 30, 84, 5992372
0.24, 1.95, 24.79, 48.41, 30, 84, 6004196
0.24, 1.95, 25.00, 48.83, 30, 84, 6016028
0.24, 1.95, 24.98, 48.78, 30, 84, 6027852
0.24, 1.95, 24.98, 48.78, 30, 84, 6039684
0.24, 1.95, 24.95, 48.73, 31, 84, 6051504
0.24, 1.63, 24.98, 40.65, 31, 84, 6063340
0.24, 2.28, 24.95, 56.85, 31, 84, 6075164
0.24, 1.95, 24.98, 48.78, 31, 84, 6086992
0.25, 1.95, 25.00, 48.83, 31, 84, 6098816
0.25, 1.63, 25.06, 40.78, 31, 84, 6110644
0.25, 2.28, 24.90, 56.73, 31, 84, 6122492
0.26, 2.28, 24.95, 56.85, 31, 85, 6134296
0.26, 2.28, 24.81, 56.54, 31, 84, 6146132
0.26, 1.95, 25.03, 48.89, 31, 84, 6157952
0.26, 2.28, 24.95, 56.85, 31, 84, 6169784
0.26, 1.95, 24.90, 48.62, 31, 84, 6181608
0.26, 2.28, 24.90, 56.73, 31, 84, 6193440
0.26, 2.28, 24.95, 56.85, 31, 84, 6205260
0.26, 2.28, 24.95, 56.85, 31, 84, 6217088
0.26, 2.28, 24.87, 56.67, 31, 84, 6228924
0.26, 2.28, 25.00, 56.97, 31, 84, 6240740
0.26, 2.28, 24.90, 56.73, 32, 84, 6252576
0.26, 1.95, 24.79, 48.41, 32, 84, 6264396
0.26, 2.28, 24.81, 56.54, 32, 84, 6276228
0.26, 2.28, 25.06, 57.10, 32, 84, 6288048
0.27, 2.60, 25.00, 65.11, 32, 84, 6299884
0.27, 2.28, 24.92, 56.79, 32, 84, 6311700
0.27, 2.28, 24.87, 56.67, 32, 84, 6323532
0.27, 2.60, 24.95, 64.97, 32, 84, 6335360
0.28, 2.28, 24.90, 56.73, 32, 84, 6347188
0.28, 2.28, 24.81, 56.54, 32, 84, 6359020
0.28, 2.28, 25.06, 57.10, 32, 84, 6370844
0.28, 2.28, 24.90, 56.73, 32, 84, 6382696
0.27, 2.60, 24.90, 64.83, 32, 84, 6394504
0.27, 2.28, 24.81, 56.54, 32, 84, 6406336
0.27, 2.28, 25.03, 57.03, 32, 84, 6418160
0.27, 2.28, 24.92, 56.79, 32, 84, 6429996
0.27, 2.28, 25.03, 57.03, 32, 84, 6441816
0.27, 2.28, 24.87, 56.67, 33, 84, 6453644
0.27, 2.28, 25.03, 57.03, 33, 84, 6465476
0.27, 2.60, 24.90, 64.83, 33, 84, 6477300
0.28, 2.93, 24.92, 73.01, 33, 84, 6489136
0.28, 2.28, 24.95, 56.85, 33, 84, 6500960
0.29, 2.60, 25.06, 65.25, 33, 84, 6512792
0.29, 2.93, 24.95, 73.09, 33, 84, 6524612
0.29, 2.93, 24.92, 73.01, 33, 84, 6536448
0.29, 2.60, 24.84, 64.69, 33, 84, 6548272
0.29, 2.60, 24.87, 64.76, 33, 84, 6560100
0.29, 2.60, 24.92, 64.90, 33, 84, 6571928
0.29, 2.60, 24.90, 64.83, 33, 84, 6583756
0.29, 2.60, 24.73, 64.41, 33, 84, 6595592
0.29, 2.28, 25.06, 57.10, 33, 84, 6607412
0.29, 2.60, 25.03, 65.18, 33, 84, 6619248
0.29, 2.60, 24.87, 64.76, 33, 84, 6631068
0.29, 2.60, 24.84, 64.69, 33, 84, 6642904
0.29, 2.60, 24.98, 65.04, 34, 84, 6654728
0.29, 2.60, 25.03, 65.18, 34, 84, 6666556
0.29, 2.93, 24.76, 72.54, 34, 84, 6678384
0.30, 2.60, 24.95, 64.97, 34, 84, 6690212
0.30, 2.60, 25.03, 65.18, 34, 84, 6702040
0.31, 2.60, 24.84, 64.69, 34, 84, 6713860
0.31, 2.93, 24.84, 72.78, 34, 84, 6725696
0.31, 2.93, 25.03, 73.33, 34, 84, 6737516
0.31, 2.93, 24.92, 73.01, 34, 84, 6749352
0.31, 2.93, 24.92, 73.01, 34, 84, 6761184
0.31, 2.60, 25.03, 65.18, 34, 84, 6773000
0.31, 2.93, 24.95, 73.09, 34, 84, 6784824
0.31, 2.93, 24.95, 73.09, 34, 84, 6796652
0.31, 2.93, 24.84, 72.78, 34, 84, 6808476
0.31, 2.93, 24.95, 73.09, 34, 84, 6820304
0.31, 3.26, 24.90, 81.04, 34, 84, 6832136
0.31, 2.93, 24.92, 73.01, 34, 84, 6843956
0.31, 2.60, 25.08, 65.32, 35, 84, 6855788
0.31, 3.26, 24.87, 80.95, 35, 84, 6867608
0.31, 2.93, 24.87, 72.86, 35, 84, 6879448
0.31, 2.60, 25.06, 65.25, 35, 84, 6891268
0.32, 2.93, 24.95, 73.09, 35, 84, 6903100
0.32, 3.26, 24.92, 81.13, 35, 84, 6914924
0.32, 3.26, 24.76, 80.60, 35, 84, 6926756
0.33, 2.93, 24.98, 73.17, 35, 84, 6938588
0.33, 3.26, 24.95, 81.22, 35, 84, 6950412
0.33, 3.26, 24.90, 81.04, 35, 84, 6962248
0.33, 2.93, 24.92, 73.01, 35, 84, 6974068
0.33, 2.93, 24.87, 72.86, 35, 84, 6985904
0.33, 3.58, 24.92, 89.24, 35, 84, 6997728
0.33, 3.26, 24.87, 80.95, 35, 84, 7009560
0.33, 3.26, 24.87, 80.95, 35, 84, 7021400
0.33, 2.93, 24.98, 73.17, 35, 84, 7033212
0.33, 3.26, 24.98, 81.30, 35, 84, 7045048
0.33, 3.26, 24.76, 80.60, 36, 84, 7056868
0.33, 2.93, 24.87, 72.86, 36, 84, 7068704
0.33, 3.26, 24.76, 80.60, 36, 84, 7080528
0.33, 3.58, 24.90, 89.14, 36, 84, 7092360
0.34, 2.93, 24.87, 72.86, 36, 84, 7104180
0.34, 3.26, 24.87, 80.95, 36, 84, 7116020
0.35, 3.58, 24.92, 89.24, 36, 84, 7127840
0.35, 3.58, 24.84, 88.95, 36, 84, 7139668
0.35, 3.26, 25.03, 81.48, 36, 84, 7151492
0.35, 3.58, 24.92, 89.24, 36, 84, 7163324
0.35, 3.58, 24.92, 89.24, 36, 84, 7175156
0.35, 3.26, 25.03, 81.48, 36, 84, 7186976
0.35, 3.58, 24.95, 89.34, 36, 84, 7198808
0.35, 3.58, 24.81, 88.85, 36, 84, 7210628
0.35, 3.26, 24.84, 80.86, 36, 84, 7222460
0.35, 3.58, 24.95, 89.34, 36, 84, 7234284
0.35, 3.58, 24.98, 89.43, 36, 84, 7246120
0.35, 3.58, 24.76, 88.66, 37, 84, 7257940
0.35, 3.26, 25.03, 81.48, 37, 84, 7269764
0.35, 3.26, 25.03, 81.48, 37, 84, 7281616
0.35, 3.91, 24.87, 97.14, 37, 85, 7293424
0.36, 3.58, 24.90, 89.14, 37, 84, 7305256
0.36, 3.91, 24.92, 97.35, 37, 84, 7317080
0.37, 3.91, 24.92, 97.35, 37, 84, 7328912
0.37, 3.58, 24.90, 89.14, 37, 84, 7340736
0.37, 3.58, 24.81, 88.85, 37, 84, 7352572
0.37, 4.23, 24.95, 105.58, 37, 84, 7364392
0.37, 3.91, 24.90, 97.25, 37, 84, 7376224
0.37, 3.91, 24.73, 96.62, 37, 84, 7388052
0.37, 3.58, 24.92, 89.24, 37, 84, 7399880
0.37, 3.91, 24.92, 97.35, 37, 84, 7411716
0.37, 3.91, 24.81, 96.93, 37, 84, 7423536
0.37, 3.91, 24.81, 96.93, 37, 84, 7435372
0.37, 3.91, 24.90, 97.25, 37, 84, 7447192
0.37, 3.91, 24.81, 96.93, 38, 84, 7459020
0.37, 3.58, 25.00, 89.53, 38, 84, 7470844
0.37, 4.23, 24.84, 105.12, 38, 84, 7482696
0.37, 4.23, 24.87, 105.24, 38, 85, 7494500
0.38, 3.91, 24.92, 97.35, 38, 84, 7506324
0.38, 3.91, 25.03, 97.77, 38, 84, 7518156
0.38, 4.23, 24.76, 104.78, 38, 84, 7529976
0.38, 3.91, 24.73, 96.62, 38, 84, 7541812
0.38, 3.91, 24.95, 97.46, 38, 84, 7553632
0.39, 4.23, 24.84, 105.12, 38, 84, 7565464
0.39, 3.91, 25.03, 97.77, 38, 84, 7577284
0.39, 3.91, 24.95, 97.46, 38, 84, 7589116
0.39, 4.23, 24.92, 105.47, 38, 84, 7600940
0.39, 4.23, 24.79, 104.89, 38, 84, 7612764
0.39, 3.91, 25.03, 97.77, 38, 84, 7624592
0.39, 4.23, 24.81, 105.01, 38, 84, 7636416
0.39, 4.23, 24.79, 104.89, 38, 84, 7648252
0.39, 4.23, 24.92, 105.47, 39, 84, 7660072
0.39, 4.56, 24.92, 113.58, 39, 84, 7671904
0.39, 3.91, 24.87, 97.14, 39, 84, 7683724
0.39, 4.23, 25.00, 105.81, 39, 84, 7695560
0.40, 4.56, 24.79, 112.96, 39, 84, 7707380
0.40, 4.56, 24.76, 112.84, 39, 84, 7719212
0.40, 4.23, 25.00, 105.81, 39, 84, 7731036
0.40, 4.56, 25.00, 113.95, 39, 84, 7742876
0.40, 4.23, 24.68, 104.44, 39, 84, 7754696
0.40, 4.23, 25.00, 105.81, 39, 84, 7766520
0.40, 4.56, 24.92, 113.58, 39, 84, 7778348
0.40, 4.23, 24.84, 105.12, 39, 84, 7790168
0.40, 3.58, 25.03, 89.63, 39, 84, 7802000
0.41, 4.23, 24.81, 105.01, 39, 84, 7813824
0.40, 4.23, 24.81, 105.01, 39, 84, 7825656
0.40, 4.23, 24.92, 105.47, 39, 84, 7837476
0.40, 4.56, 25.00, 113.95, 39, 84, 7849308
0.40, 4.23, 24.79, 104.89, 40, 84, 7861136
0.40, 3.91, 25.03, 97.77, 40, 84, 7872964
0.40, 4.56, 24.95, 113.70, 40, 84, 7884800
0.41, 4.56, 24.73, 112.72, 40, 84, 7896620
0.41, 4.23, 24.87, 105.24, 40, 84, 7908452
0.42, 4.56, 24.95, 113.70, 40, 84, 7920276
0.42, 4.88, 24.90, 121.56, 40, 84, 7932104
0.42, 4.23, 25.06, 106.04, 40, 84, 7943928
0.42, 4.23, 24.92, 105.47, 40, 84, 7955760
0.42, 4.88, 24.73, 120.77, 40, 84, 7967580
0.42, 4.56, 24.84, 113.21, 40, 84, 7979408
0.42, 4.56, 25.00, 113.95, 40, 84, 7991248
0.42, 4.56, 25.06, 114.19, 40, 84, 8003084
0.42, 4.88, 24.63, 120.24, 40, 84, 8014904
0.42, 4.56, 25.03, 114.07, 40, 84, 8026724
0.42, 4.88, 24.95, 121.82, 40, 84, 8038560
0.42, 4.88, 24.73, 120.77, 40, 84, 8050380
0.42, 4.23, 25.00, 105.81, 41, 84, 8062216
0.42, 5.21, 24.87, 129.52, 41, 84, 8074032
0.42, 4.88, 24.73, 120.77, 41, 84, 8085860
0.43, 4.23, 25.03, 105.92, 41, 84, 8097688
0.43, 5.21, 24.87, 129.52, 41, 84, 8109516
0.44, 4.88, 24.92, 121.69, 41, 84, 8121368
0.44, 4.56, 25.03, 114.07, 41, 85, 8133168
0.44, 5.21, 24.87, 129.52, 41, 84, 8145004
0.44, 4.88, 24.79, 121.03, 41, 84, 8156828
0.44, 4.56, 24.98, 113.82, 41, 84, 8168660
0.44, 5.21, 24.90, 129.66, 41, 84, 8180484
0.44, 5.21, 24.90, 129.66, 41, 84, 8192316
0.44, 4.88, 25.06, 122.35, 41, 84, 8204140
0.45, 5.21, 24.87, 129.52, 41, 84, 8215968
0.45, 5.21, 24.84, 129.38, 41, 84, 8227804
0.45, 4.56, 25.03, 114.07, 41, 84, 8239624
0.44, 4.88, 25.03, 122.22, 41, 84, 8251456
0.44, 5.21, 24.76, 128.96, 42, 84, 8263280
0.44, 4.88, 24.95, 121.82, 42, 84, 8275108
0.44, 5.53, 24.95, 138.07, 42, 84, 8286928
0.45, 5.21, 24.76, 128.96, 42, 84, 8298764
0.45, 4.88, 24.98, 121.95, 42, 84, 8310584
0.46, 5.21, 24.92, 129.80, 42, 84, 8322408
0.46, 5.21, 24.71, 128.68, 42, 84, 8334244
0.46, 5.21, 24.90, 129.66, 42, 84, 8346064
0.46, 5.53, 24.87, 137.62, 42, 84, 8357896
0.46, 5.21, 24.63, 128.26, 42, 84, 8369724
0.46, 5.21, 24.79, 129.10, 42, 84, 8381572
0.46, 5.53, 24.76, 137.02, 42, 84, 8393376
0.46, 5.21, 24.76, 128.96, 42, 84, 8405212
0.46, 4.88, 25.00, 122.09, 42, 84, 8417036
0.46, 5.21, 24.90, 129.66, 42, 84, 8428868
0.46, 5.21, 24.73, 128.82, 42, 84, 8440696
0.46, 5.21, 24.90, 129.66, 42, 84, 8452520
0.46, 4.88, 25.03, 122.22, 43, 84, 8464356
0.46, 5.53, 24.79, 137.17, 43, 84, 8476180
0.46, 5.53, 24.68, 136.57, 43, 84, 8488012
0.47, 5.53, 25.03, 138.51, 43, 84, 8499832
0.47, 5.53, 24.87, 137.62, 43, 84, 8511664
0.47, 5.53, 24.98, 138.21, 43, 84, 8523484
0.47, 5.86, 24.92, 146.03, 43, 84, 8535316
0.47, 5.53, 24.95, 138.07, 43, 84, 8547136
0.47, 5.53, 24.90, 137.77, 43, 84, 8558968
0.48, 5.86, 24.90, 145.87, 43, 84, 8570800
0.47, 5.53, 24.87, 137.62, 43, 84, 8582624
0.48, 5.53, 24.87, 137.62, 43, 84, 8594460
0.48, 5.86, 24.79, 145.24, 43, 84, 8606280
0.48, 5.86, 24.76, 145.08, 43, 84, 8618116
0.48, 5.21, 24.98, 130.08, 43, 84, 8629940
0.48, 5.21, 24.92, 129.80, 43, 84, 8641784
0.48, 5.21, 24.92, 129.80, 43, 85, 8653592
0.48, 5.21, 24.87, 129.52, 44, 84, 8665420
0.48, 5.86, 24.63, 144.29, 44, 84, 8677244
0.48, 5.53, 25.00, 138.36, 44, 84, 8689072
0.48, 5.53, 25.06, 138.66, 44, 84, 8700908
0.49, 5.86, 24.60, 144.13, 44, 84, 8712728
0.49, 5.86, 24.65, 144.45, 44, 84, 8724564
0.49, 5.86, 24.95, 146.19, 44, 84, 8736388
0.49, 6.18, 24.92, 154.14, 44, 84, 8748220
0.49, 5.86, 24.81, 145.40, 44, 84, 8760040
0.50, 5.86, 24.84, 145.55, 44, 84, 8771876
0.50, 6.18, 24.79, 153.31, 44, 84, 8783700
0.50, 5.53, 25.00, 138.36, 44, 84, 8795528
0.50, 5.53, 25.08, 138.81, 44, 84, 8807368
0.50, 6.18, 24.79, 153.31, 44, 84, 8819188
0.49, 5.86, 24.68, 144.61, 44, 84, 8831020
0.50, 6.18, 24.95, 154.31, 44, 84, 8842848
0.49, 6.18, 24.79, 153.31, 44, 84, 8854680
0.49, 5.53, 24.87, 137.62, 45, 84, 8866504
0.49, 6.18, 24.95, 154.31, 45, 84, 8878336
0.50, 6.18, 24.90, 153.97, 45, 84, 8890160
0.51, 6.18, 24.71, 152.81, 45, 84, 8901988
0.51, 6.18, 25.00, 154.64, 45, 84, 8913816
0.51, 6.18, 24.71, 152.81, 45, 84, 8925640
0.51, 6.51, 24.71, 160.85, 45, 84, 8937476
0.51, 6.51, 24.92, 162.25, 45, 84, 8949300
0.51, 6.51, 24.79, 161.38, 45, 84, 8961136
0.51, 6.18, 24.87, 153.81, 45, 84, 8972956
0.51, 6.51, 24.92, 162.25, 45, 84, 8984792
0.51, 6.51, 24.73, 161.03, 45, 84, 8996616
0.51, 6.51, 24.73, 161.03, 45, 84, 9008444
0.51, 6.84, 24.95, 170.55, 45, 84, 9020272
0.51, 6.51, 24.73, 161.03, 45, 84, 9032100
0.51, 6.18, 24.73, 152.97, 45, 84, 9043936
0.51, 6.18, 25.06, 154.98, 45, 84, 9055760
0.51, 6.84, 24.73, 169.08, 46, 84, 9067592
0.51, 6.51, 24.81, 161.55, 46, 84, 9079416
0.52, 6.18, 24.87, 153.81, 46, 84, 9091252
0.52, 6.18, 24.98, 154.48, 46, 84, 9103088
0.53, 6.84, 24.79, 169.45, 46, 84, 9114908
0.53, 6.84, 24.76, 169.26, 46, 84, 9126728
0.53, 6.84, 24.90, 170.18, 46, 84, 9138556
0.53, 6.51, 24.79, 161.38, 46, 84, 9150388
0.53, 6.84, 25.00, 170.92, 46, 84, 9162208
0.53, 6.84, 24.79, 169.45, 46, 84, 9174040
0.54, 6.51, 24.90, 162.08, 46, 84, 9185860
0.54, 7.16, 24.84, 177.90, 46, 84, 9197692
0.54, 6.84, 24.79, 169.45, 46, 84, 9209516
0.53, 6.18, 25.08, 155.14, 46, 84, 9221348
0.53, 6.84, 24.54, 167.79, 46, 84, 9233168
0.53, 6.84, 24.76, 169.26, 46, 84, 9244996
0.54, 7.16, 24.92, 178.48, 46, 84, 9256820
0.54, 6.51, 24.73, 161.03, 47, 84, 9268648
0.54, 6.84, 24.81, 169.63, 47, 84, 9280484
0.54, 7.49, 24.68, 184.78, 47, 85, 9292304
0.55, 7.16, 24.60, 176.16, 47, 84, 9304136
0.55, 7.16, 24.95, 178.67, 47, 84, 9315956
0.55, 7.49, 24.90, 186.39, 47, 84, 9327788
0.56, 6.84, 24.81, 169.63, 47, 84, 9339616
0.56, 7.16, 24.76, 177.32, 47, 84, 9351448
0.56, 7.49, 24.95, 186.79, 47, 84, 9363284
0.56, 7.16, 24.68, 176.74, 47, 84, 9375100
0.56, 6.84, 25.08, 171.47, 47, 84, 9386932
0.56, 7.49, 24.57, 183.97, 47, 84, 9398756
0.56, 6.84, 24.92, 170.37, 47, 84, 9410592
0.56, 6.84, 24.92, 170.37, 47, 84, 9422412
0.56, 7.81, 24.71, 193.02, 47, 84, 9434252
0.56, 7.16, 24.79, 177.51, 47, 84, 9446072
0.56, 7.49, 24.87, 186.19, 47, 84, 9457908
0.56, 7.16, 24.65, 176.55, 48, 84, 9469732
0.56, 7.49, 24.65, 184.57, 48, 84, 9481572
0.56, 7.81, 24.71, 193.02, 48, 84, 9493388
0.57, 7.16, 25.00, 179.06, 48, 84, 9505216
0.57, 6.84, 24.92, 170.37, 48, 84, 9517048
0.57, 7.81, 24.84, 194.07, 48, 84, 9528872
0.58, 7.49, 24.76, 185.38, 48, 84, 9540704
0.58, 7.81, 24.73, 193.23, 48, 84, 9552524
0.58, 7.49, 24.57, 183.97, 48, 84, 9564356
0.58, 7.81, 24.95, 194.92, 48, 84, 9576180
0.58, 7.81, 25.00, 195.34, 48, 84, 9588016
0.58, 7.16, 24.87, 178.09, 48, 84, 9599836
0.58, 7.49, 24.87, 186.19, 48, 84, 9611664
0.58, 8.14, 24.76, 201.50, 48, 84, 9623504
0.58, 7.16, 24.90, 178.29, 48, 84, 9635324
0.58, 7.49, 25.00, 187.20, 48, 84, 9647160
0.58, 7.49, 24.65, 184.57, 48, 84, 9658976
0.58, 7.49, 24.87, 186.19, 49, 84, 9670816
0.58, 8.14, 24.81, 201.94, 49, 84, 9682636
0.58, 7.81, 24.54, 191.76, 49, 84, 9694468
0.59, 7.81, 25.00, 195.34, 49, 84, 9706292
0.60, 7.81, 24.98, 195.13, 49, 84, 9718124
0.60, 8.14, 24.63, 200.40, 49, 84, 9729948
0.60, 7.81, 24.57, 191.97, 49, 84, 9741796
0.60, 8.14, 24.84, 202.16, 49, 84, 9753616
0.60, 7.81, 24.76, 193.44, 49, 84, 9765436
0.60, 7.81, 24.92, 194.71, 49, 84, 9777268
0.60, 8.14, 24.60, 200.18, 49, 84, 9789088
0.60, 7.49, 24.79, 185.58, 49, 84, 9800924
0.60, 8.46, 24.90, 210.70, 49, 84, 9812744
0.60, 8.46, 24.65, 208.65, 49, 84, 9824576
0.60, 7.49, 24.95, 186.79, 49, 84, 9836404
0.60, 8.46, 24.84, 210.25, 49, 84, 9848232
0.60, 8.14, 24.57, 199.96, 49, 84, 9860068
0.60, 7.81, 24.98, 195.13, 50, 84, 9871892
0.61, 8.46, 24.79, 209.79, 50, 84, 9883724
0.60, 7.81, 24.81, 193.86, 50, 84, 9895548
0.61, 8.46, 24.98, 211.39, 50, 84, 9907384
0.61, 8.46, 24.54, 207.73, 50, 84, 9919204
0.62, 8.46, 24.57, 207.96, 50, 84, 9931040
0.62, 8.46, 24.76, 209.56, 50, 84, 9942860
0.62, 8.46, 24.52, 207.51, 50, 84, 9954688
0.62, 8.14, 24.87, 202.38, 50, 84, 9966524
0.63, 8.79, 24.60, 216.20, 50, 84, 9978344
0.63, 8.46, 24.54, 207.73, 50, 84, 9990180
0.62, 7.81, 24.87, 194.28, 50, 84, 10002016
0.63, 8.79, 24.79, 217.86, 50, 84, 10013836
0.62, 8.14, 24.79, 201.72, 50, 84, 10025660
0.63, 8.46, 24.92, 210.93, 50, 84, 10037492
0.63, 8.46, 24.49, 207.28, 50, 84, 10049312
0.63, 8.14, 24.76, 201.50, 50, 84, 10061140
0.63, 8.79, 24.52, 215.49, 51, 84, 10072968
0.63, 8.14, 24.79, 201.72, 51, 84, 10084796
0.63, 8.46, 24.90, 210.70, 51, 84, 10096628
0.63, 8.46, 24.79, 209.79, 51, 84, 10108448
0.64, 8.14, 24.87, 202.38, 51, 84, 10120284
0.64, 9.11, 24.63, 224.45, 51, 84, 10132108
0.64, 8.79, 24.52, 215.49, 51, 84, 10143940
0.65, 8.79, 24.92, 219.04, 51, 84, 10155760
0.65, 8.79, 24.87, 218.57, 51, 84, 10167596
0.65, 8.46, 24.90, 210.70, 51, 84, 10179416
0.64, 9.11, 24.73, 225.44, 51, 84, 10191244
0.64, 8.79, 24.54, 215.72, 51, 84, 10203080
0.65, 8.79, 24.81, 218.10, 51, 84, 10214904
0.65, 9.11, 24.84, 226.42, 51, 84, 10226740
0.65, 8.79, 24.87, 218.57, 51, 84, 10238556
0.65, 8.46, 24.95, 211.16, 51, 84, 10250396
0.65, 8.79, 24.65, 216.67, 51, 84, 10262220
0.65, 8.79, 24.71, 217.15, 52, 84, 10274052
0.65, 9.11, 24.81, 226.17, 52, 84, 10285876
0.65, 9.44, 24.57, 231.96, 52, 84, 10297704
0.65, 8.79, 24.79, 217.86, 52, 84, 10309532
0.66, 9.11, 24.52, 223.47, 52, 84, 10321360
0.66, 8.79, 24.79, 217.86, 52, 84, 10333192
0.66, 9.44, 24.81, 234.25, 52, 84, 10345016
0.66, 9.11, 24.54, 223.71, 52, 84, 10356848
0.66, 9.11, 24.90, 226.91, 52, 84, 10368664
0.66, 9.11, 24.81, 226.17, 52, 84, 10380500
0.66, 8.79, 24.87, 218.57, 52, 84, 10392320
0.66, 8.79, 24.92, 219.04, 52, 84, 10404152
0.66, 8.79, 24.76, 217.62, 52, 84, 10415976
0.66, 9.44, 24.92, 235.27, 52, 84, 10427808
0.67, 9.77, 24.65, 240.75, 52, 84, 10439640
0.67, 9.11, 25.00, 227.89, 52, 84, 10451464
0.67, 9.11, 24.68, 224.94, 52, 84, 10463316
0.67, 9.11, 24.52, 223.47, 53, 84, 10475124
0.67, 8.79, 24.54, 215.72, 53, 84, 10486960
0.66, 9.44, 24.63, 232.47, 53, 84, 10498780
0.67, 9.44, 24.65, 232.72, 53, 84, 10510616
0.68, 9.77, 24.84, 242.59, 53, 84, 10522440
0.68, 10.09, 24.63, 248.50, 53, 84, 10534268
0.68, 9.11, 24.84, 226.42, 53, 84, 10546104
0.68, 10.09, 24.87, 250.95, 53, 84, 10557924
0.68, 9.77, 24.52, 239.43, 53, 84, 10569756
0.69, 9.77, 24.84, 242.59, 53, 84, 10581580
0.69, 10.09, 24.49, 247.14, 53, 84, 10593412
0.69, 9.44, 24.90, 235.01, 53, 84, 10605232
0.69, 10.09, 24.60, 248.23, 53, 84, 10617068
0.69, 9.77, 24.92, 243.38, 53, 84, 10628888
0.69, 9.77, 24.81, 242.33, 53, 84, 10640720
0.69, 9.44, 24.57, 231.96, 53, 84, 10652548
0.69, 10.09, 24.92, 251.49, 53, 84, 10664376
0.69, 9.77, 24.54, 239.69, 54, 84, 10676208
0.69, 10.09, 24.87, 250.95, 54, 84, 10688028
0.69, 10.42, 24.60, 256.24, 54, 84, 10699864
0.69, 10.09, 24.87, 250.95, 54, 84, 10711684
0.70, 9.77, 24.79, 242.06, 54, 84, 10723536
0.71, 10.09, 24.54, 247.68, 54, 84, 10735340
0.72, 10.09, 24.76, 249.86, 54, 84, 10747172
0.72, 10.42, 24.41, 254.27, 54, 84, 10758996
0.72, 10.42, 24.84, 258.76, 54, 84, 10770824
0.72, 9.77, 24.73, 241.54, 54, 84, 10782660
0.72, 10.09, 24.65, 248.77, 54, 85, 10794480
0.72, 10.09, 24.95, 251.77, 54, 84, 10806316
0.72, 10.09, 24.57, 247.96, 54, 84, 10818140
0.72, 9.77, 24.84, 242.59, 54, 84, 10829972
0.72, 10.09, 24.92, 251.49, 54, 84, 10841812
0.72, 10.09, 24.68, 249.04, 54, 84, 10853632
0.72, 10.74, 24.95, 268.01, 54, 84, 10865456
0.72, 10.74, 24.73, 265.69, 55, 84, 10877284
0.72, 10.09, 24.84, 250.68, 55, 84, 10889112
0.72, 11.07, 24.57, 271.95, 55, 84, 10900944
0.72, 11.07, 24.44, 270.46, 55, 84, 10912780
0.73, 11.07, 24.68, 273.15, 55, 84, 10924600
0.74, 11.07, 24.57, 271.95, 55, 84, 10936436
0.74, 10.42, 24.87, 259.05, 55, 84, 10948260
0.75, 11.07, 24.68, 273.15, 55, 84, 10960092
0.75, 10.42, 24.81, 258.48, 55, 84, 10971920
0.75, 11.07, 24.44, 270.46, 55, 84, 10983764
0.75, 10.74, 24.38, 261.93, 55, 84, 10995576
0.75, 10.74, 24.98, 268.30, 55, 84, 11007404
0.75, 11.39, 24.54, 279.64, 55, 84, 11019240
0.75, 10.74, 24.73, 265.69, 55, 84, 11031068
0.75, 11.07, 24.92, 275.83, 55, 84, 11042900
0.75, 10.74, 24.60, 264.24, 55, 84, 11054720
0.75, 11.07, 24.92, 275.83, 55, 84, 11066560
0.75, 11.39, 24.49, 279.03, 56, 84, 11078380
0.75, 11.07, 24.63, 272.55, 56, 84, 11090212
0.75, 11.07, 25.03, 277.03, 56, 84, 11102052
0.75, 11.72, 24.92, 292.06, 56, 84, 11113864
0.76, 11.72, 24.84, 291.11, 56, 84, 11125700
0.76, 10.74, 24.76, 265.98, 56, 84, 11137520
0.77, 11.39, 24.87, 283.33, 56, 84, 11149356
0.77, 11.07, 25.14, 278.22, 56, 84, 11161184
0.77, 11.72, 24.92, 292.06, 56, 84, 11173016
0.77, 11.07, 24.54, 271.65, 56, 84, 11184840
0.77, 10.74, 24.98, 268.30, 56, 84, 11196676
0.77, 11.72, 24.54, 287.63, 56, 84, 11208496
0.77, 11.39, 24.71, 281.49, 56, 84, 11220324
0.77, 11.39, 24.54, 279.64, 56, 84, 11232148
0.77, 11.72, 24.81, 290.79, 56, 84, 11243976
0.77, 12.04, 24.60, 296.27, 56, 84, 11255816
0.77, 11.07, 24.81, 274.64, 56, 84, 11267632
0.77, 11.72, 24.76, 290.16, 57, 84, 11279468
0.77, 11.72, 24.87, 291.43, 57, 84, 11291288
0.77, 12.04, 24.57, 295.95, 57, 84, 11303120
0.78, 11.72, 25.03, 293.32, 57, 84, 11314940
0.79, 11.72, 24.87, 291.43, 57, 84, 11326776
0.79, 11.72, 24.81, 290.79, 57, 84, 11338596
0.79, 12.04, 24.65, 296.92, 57, 84, 11350420
0.79, 11.72, 24.52, 287.32, 57, 84, 11362268
0.80, 12.70, 24.19, 307.15, 57, 85, 11374072
0.80, 11.72, 24.81, 290.79, 57, 84, 11385908
0.80, 11.72, 24.46, 286.68, 57, 84, 11397728
0.80, 11.39, 24.81, 282.72, 57, 84, 11409564
0.80, 12.04, 24.36, 293.35, 57, 84, 11421384
0.80, 12.04, 24.95, 300.50, 57, 84, 11433216
0.80, 12.37, 24.68, 305.28, 57, 84, 11445040
0.80, 11.39, 24.68, 281.18, 57, 84, 11456864
0.80, 11.72, 24.68, 289.21, 57, 84, 11468688
0.80, 12.04, 24.95, 300.50, 58, 84, 11480520
0.80, 13.02, 24.25, 315.73, 58, 84, 11492352
0.80, 12.04, 24.84, 299.20, 58, 84, 11504172
0.81, 13.35, 24.68, 329.38, 58, 84, 11516008
0.82, 12.37, 24.73, 305.95, 58, 84, 11527828
0.82, 13.35, 24.57, 327.94, 58, 84, 11539660
0.82, 12.04, 24.71, 297.57, 58, 84, 11551484
0.82, 12.37, 24.92, 308.28, 58, 84, 11563316
0.82, 12.37, 24.81, 306.95, 58, 84, 11575140
0.82, 12.70, 24.52, 311.26, 58, 84, 11586968
0.82, 12.37, 24.87, 307.62, 58, 84, 11598804
0.82, 13.02, 24.36, 317.13, 58, 84, 11610624
0.82, 12.04, 24.63, 296.60, 58, 84, 11622460
0.82, 13.35, 24.41, 325.78, 58, 84, 11634280
0.82, 12.04, 24.71, 297.57, 58, 84, 11646112
0.82, 13.02, 24.52, 319.24, 58, 84, 11657936
0.83, 12.37, 24.57, 303.95, 58, 84, 11669764
0.83, 13.02, 24.41, 317.84, 59, 84, 11681588
0.82, 12.37, 24.54, 303.61, 59, 84, 11693412
0.82, 13.02, 24.19, 315.03, 59, 84, 11705240
0.83, 12.70, 24.73, 314.00, 59, 84, 11717068
0.84, 13.35, 24.71, 329.74, 59, 84, 11728900
0.85, 13.02, 24.98, 325.21, 59, 84, 11740724
0.85, 13.67, 24.60, 336.31, 59, 84, 11752560
0.85, 13.02, 24.79, 322.75, 59, 84, 11764384
0.85, 14.00, 24.71, 345.83, 59, 84, 11776216
0.85, 12.70, 24.71, 313.66, 59, 84, 11788040
0.85, 13.02, 25.03, 325.91, 59, 84, 11799868
0.85, 13.02, 24.52, 319.24, 59, 84, 11811696
0.85, 13.35, 24.84, 331.54, 59, 84, 11823524
0.85, 13.67, 24.46, 334.47, 59, 84, 11835360
0.85, 13.02, 24.73, 322.05, 59, 84, 11847184
0.85, 13.67, 24.60, 336.31, 59, 84, 11859020
0.85, 13.67, 24.90, 340.37, 59, 84, 11870840
0.85, 14.00, 24.65, 345.07, 60, 84, 11882672
0.85, 13.35, 24.79, 330.82, 60, 84, 11894500
0.85, 13.02, 25.03, 325.91, 60, 84, 11906332
0.86, 13.02, 24.68, 321.35, 60, 84, 11918152
0.87, 13.67, 24.73, 338.15, 60, 84, 11929980
0.87, 13.67, 24.36, 332.99, 60, 84, 11941816
0.87, 14.65, 24.52, 359.15, 60, 84, 11953640
0.87, 14.00, 24.44, 342.05, 60, 84, 11965476
0.87, 14.65, 24.81, 363.49, 60, 84, 11977300
0.87, 14.65, 24.36, 356.78, 60, 84, 11989136
0.87, 14.65, 24.57, 359.94, 60, 84, 12000956
0.87, 13.67, 24.38, 333.36, 60, 84, 12012792
0.87, 14.00, 24.68, 345.45, 60, 84, 12024612
0.87, 13.67, 24.57, 335.94, 60, 84, 12036440
0.87, 14.65, 24.76, 362.70, 60, 84, 12048272
0.87, 13.67, 24.81, 339.26, 60, 84, 12060096
0.87, 14.32, 25.08, 359.28, 60, 84, 12071932
0.87, 14.00, 24.54, 343.56, 61, 84, 12083768
0.87, 14.65, 24.27, 355.59, 61, 84, 12095584
0.87, 14.00, 24.92, 348.85, 61, 84, 12107404
0.88, 14.65, 24.36, 356.78, 61, 84, 12119236
0.89, 14.32, 24.87, 356.19, 61, 84, 12131064
0.89, 14.97, 24.63, 368.74, 61, 84, 12142896
0.90, 14.65, 24.87, 364.28, 61, 84, 12154716
0.89, 14.32, 24.36, 348.85, 61, 84, 12166548
0.89, 14.65, 25.00, 366.26, 61, 84, 12178380
0.90, 14.32, 24.33, 348.46, 61, 84, 12190204
0.90, 14.65, 24.33, 356.38, 61, 84, 12202056
0.90, 14.97, 24.38, 365.11, 61, 84, 12213864
0.90, 14.00, 24.73, 346.20, 61, 84, 12225700
0.90, 14.65, 24.27, 355.59, 61, 84, 12237524
0.90, 14.32, 24.90, 356.57, 61, 84, 12249356
0.89, 14.32, 24.38, 349.23, 61, 84, 12261176
0.90, 14.65, 24.76, 362.70, 61, 84, 12273004
0.89, 14.97, 24.33, 364.30, 62, 84, 12284844
0.90, 14.97, 24.44, 365.92, 62, 84, 12296664
0.90, 14.65, 24.36, 356.78, 62, 84, 12308500
0.91, 14.97, 24.63, 368.74, 62, 84, 12320324
0.91, 14.97, 24.54, 367.53, 62, 84, 12332156
0.91, 14.97, 24.68, 369.55, 62, 84, 12343996
0.92, 14.00, 24.63, 344.69, 62, 84, 12355816
0.92, 15.63, 24.49, 382.67, 62, 84, 12367636
0.92, 14.65, 24.46, 358.36, 62, 84, 12379468
0.92, 15.63, 24.44, 381.82, 62, 84, 12391296
0.92, 14.65, 24.87, 364.28, 62, 84, 12403124
0.92, 15.63, 24.30, 379.72, 62, 84, 12414956
0.92, 15.30, 24.73, 378.41, 62, 84, 12426780
0.92, 15.30, 24.49, 374.70, 62, 84, 12438616
0.92, 15.95, 24.60, 392.36, 62, 84, 12450436
0.92, 15.63, 24.36, 380.56, 62, 84, 12462288
0.92, 15.30, 24.44, 373.87, 62, 84, 12474092
0.92, 14.97, 24.52, 367.13, 63, 84, 12485928
0.92, 15.63, 24.46, 382.25, 63, 84, 12497744
0.92, 15.95, 24.71, 394.08, 63, 84, 12509576
0.93, 15.63, 24.98, 390.25, 63, 84, 12521408
0.94, 15.63, 24.38, 380.98, 63, 84, 12533232
0.94, 15.30, 24.65, 377.17, 63, 84, 12545068
0.94, 15.63, 24.38, 380.98, 63, 84, 12556888
0.94, 15.30, 24.76, 378.82, 63, 84, 12568724
0.94, 15.63, 24.33, 380.14, 63, 84, 12580548
0.95, 15.63, 25.00, 390.68, 63, 84, 12592380
0.94, 14.97, 24.30, 363.90, 63, 84, 12604204
0.94, 16.28, 24.52, 399.05, 63, 84, 12616032
0.94, 15.30, 24.65, 377.17, 63, 84, 12627860
0.94, 16.28, 24.19, 393.78, 63, 84, 12639692
0.94, 15.30, 24.65, 377.17, 63, 84, 12651528
0.94, 15.63, 24.30, 379.72, 63, 84, 12663352
0.94, 15.95, 24.87, 396.66, 63, 84, 12675180
0.94, 14.97, 24.76, 370.76, 64, 84, 12687008
0.94, 16.28, 24.54, 399.49, 64, 84, 12698840
0.94, 15.63, 24.92, 389.41, 64, 84, 12710664
0.96, 15.63, 24.79, 387.30, 64, 84, 12722508
0.96, 16.28, 24.92, 405.64, 64, 85, 12734316
0.96, 16.28, 24.65, 401.25, 64, 84, 12746144
0.96, 16.60, 24.36, 404.35, 64, 84, 12757976
0.97, 16.28, 24.84, 404.32, 64, 84, 12769796
0.97, 15.95, 24.33, 388.06, 64, 84, 12781632
0.97, 16.60, 24.36, 404.35, 64, 84, 12793452
0.97, 15.95, 24.63, 392.79, 64, 84, 12805288
0.96, 16.28, 24.46, 398.17, 64, 84, 12817104
0.97, 16.28, 24.73, 402.56, 64, 84, 12828940
0.97, 16.28, 24.76, 403.00, 64, 84, 12840760
0.96, 16.93, 24.57, 415.93, 64, 84, 12852588
0.97, 16.60, 25.03, 415.54, 64, 84, 12864424
0.97, 15.63, 24.46, 382.25, 64, 84, 12876248
0.97, 16.93, 24.38, 412.73, 65, 84, 12888080
0.96, 16.60, 24.95, 414.20, 65, 84, 12899896
0.97, 16.60, 24.25, 402.55, 65, 84, 12911732
0.98, 17.25, 24.36, 420.20, 65, 84, 12923556
0.99, 16.60, 25.08, 416.44, 65, 84, 12935384
0.99, 15.95, 24.73, 394.51, 65, 84, 12947208
0.99, 17.25, 24.46, 422.06, 65, 84, 12959032
0.99, 16.93, 24.90, 421.41, 65, 84, 12970860
0.99, 16.60, 24.49, 406.58, 65, 84, 12982692
0.99, 17.25, 24.79, 427.65, 65, 84, 12994528
0.99, 16.60, 24.81, 411.96, 65, 84, 13006348
0.99, 17.58, 24.33, 427.66, 65, 84, 13018180
0.99, 17.25, 24.38, 420.67, 65, 84, 13029996
0.99, 16.60, 24.71, 410.17, 65, 84, 13041832
0.99, 17.25, 24.46, 422.06, 65, 84, 13053652
0.99, 17.25, 24.63, 424.86, 65, 84, 13065484
0.99, 16.93, 24.65, 417.30, 65, 84, 13077304
0.99, 17.25, 24.22, 417.88, 66, 84, 13089132
0.99, 17.58, 24.73, 434.77, 66, 84, 13100968
1.00, 16.93, 24.71, 418.21, 66, 84, 13112784
1.01, 17.90, 24.22, 433.64, 66, 84, 13124624
1.01, 17.90, 24.27, 434.61, 66, 84, 13136444
1.01, 16.93, 24.63, 416.84, 66, 84, 13148276
1.02, 16.93, 24.38, 412.73, 66, 84, 13160100
1.02, 17.90, 24.84, 444.75, 66, 84, 13171936
1.02, 16.60, 24.57, 407.93, 66, 84, 13183760
1.02, 17.90, 24.33, 435.58, 66, 84, 13195592
1.02, 18.23, 24.54, 447.43, 66, 84, 13207416
1.02, 16.93, 24.52, 415.01, 66, 84, 13219244
1.02, 18.23, 24.09, 439.07, 66, 84, 13231080
1.02, 17.58, 24.65, 433.35, 66, 84, 13242904
1.02, 17.25, 24.52, 422.99, 66, 84, 13254736
1.02, 17.25, 24.22, 417.88, 66, 84, 13266560
1.01, 17.25, 24.49, 422.53, 66, 84, 13278392
1.02, 17.25, 24.38, 420.67, 67, 84, 13290216
1.02, 17.90, 24.73, 442.82, 67, 84, 13302052
1.02, 18.23, 24.73, 450.87, 67, 84, 13313876
1.03, 17.90, 24.44, 437.51, 67, 84, 13325704
1.03, 18.55, 24.73, 458.92, 67, 84, 13337536
1.04, 18.23, 24.79, 451.85, 67, 84, 13349364
1.04, 18.55, 24.09, 446.91, 67, 84, 13361196
1.04, 18.88, 24.33, 459.33, 67, 84, 13373020
1.04, 17.90, 24.73, 442.82, 67, 84, 13384856
1.04, 17.58, 24.44, 429.55, 67, 84, 13396676
1.04, 18.55, 24.52, 454.92, 67, 84, 13408508
1.04, 17.90, 24.63, 440.89, 67, 84, 13420332
1.04, 18.55, 24.09, 446.91, 67, 84, 13432160
1.04, 17.58, 24.60, 432.40, 67, 84, 13444012
1.04, 18.55, 24.71, 458.42, 67, 84, 13455820
1.04, 18.23, 24.41, 444.97, 67, 84, 13467656
1.04, 18.88, 24.14, 455.77, 67, 84, 13479476
1.04, 18.55, 24.81, 460.42, 68, 84, 13491308
1.04, 18.23, 24.90, 453.82, 68, 84, 13503128
1.04, 18.88, 24.09, 454.75, 68, 84, 13514964
1.05, 19.21, 24.22, 465.18, 68, 84, 13526780
1.06, 18.55, 24.44, 453.42, 68, 84, 13538616
1.06, 17.58, 24.52, 430.98, 68, 84, 13550436
1.06, 18.88, 24.65, 465.45, 68, 84, 13562280
1.06, 18.88, 24.87, 469.52, 68, 84, 13574100
1.06, 19.21, 24.60, 472.43, 68, 84, 13585924
1.06, 19.86, 24.03, 477.20, 68, 84, 13597756
1.06, 19.53, 24.98, 487.82, 68, 84, 13609580
1.06, 18.23, 24.54, 447.43, 68, 84, 13621412
1.06, 18.55, 24.54, 455.42, 68, 84, 13633232
1.06, 18.88, 24.65, 465.45, 68, 84, 13645068
1.06, 19.86, 24.57, 487.91, 68, 84, 13656884
1.06, 19.21, 24.33, 467.25, 68, 84, 13668712
1.06, 19.53, 24.14, 471.49, 68, 84, 13680548
1.06, 20.18, 24.60, 496.46, 69, 84, 13692372
1.06, 19.86, 24.11, 478.81, 69, 84, 13704220
1.06, 19.53, 24.41, 476.75, 69, 85, 13716028
1.07, 20.18, 24.63, 497.00, 69, 84, 13727864
1.08, 19.53, 24.60, 480.44, 69, 84, 13739684
1.07, 19.21, 24.30, 466.74, 69, 84, 13751520
1.07, 18.88, 24.63, 464.94, 69, 84, 13763340
1.07, 18.88, 24.63, 464.94, 69, 84, 13775168
1.08, 18.88, 24.68, 465.95, 69, 84, 13786996
1.08, 20.18, 24.25, 489.38, 69, 84, 13798824
1.08, 20.18, 24.54, 495.37, 69, 84, 13810660
1.08, 19.21, 24.36, 467.77, 69, 84, 13822496
1.08, 19.86, 24.19, 480.42, 69, 84, 13834316
1.08, 20.51, 24.11, 494.51, 69, 84, 13846136
1.08, 19.53, 24.81, 484.66, 69, 84, 13857972
1.08, 19.86, 24.65, 489.52, 69, 84, 13869792
1.08, 19.53, 25.06, 489.40, 69, 84, 13881628
1.08, 20.83, 24.06, 501.23, 70, 85, 13893448
1.08, 18.88, 24.63, 464.94, 70, 84, 13905276
1.08, 19.21, 24.71, 474.51, 70, 84, 13917112
1.08, 19.53, 24.46, 477.81, 70, 84, 13928932
1.09, 20.51, 24.36, 499.49, 70, 84, 13940760
1.10, 20.51, 24.03, 492.85, 70, 84, 13952584
1.10, 19.86, 24.60, 488.45, 70, 84, 13964420
1.11, 20.18, 24.65, 497.55, 70, 84, 13976236
1.11, 19.86, 24.22, 480.95, 70, 84, 13988072
1.11, 20.83, 24.36, 507.41, 70, 84, 13999896
1.11, 19.86, 24.46, 485.77, 70, 84, 14011724
1.11, 19.86, 24.60, 488.45, 70, 84, 14023548
1.11, 20.18, 24.41, 492.65, 70, 84, 14035380
1.11, 20.83, 24.95, 519.78, 70, 84, 14047216
1.11, 21.16, 24.71, 522.76, 70, 84, 14059040
1.11, 19.53, 24.41, 476.75, 70, 84, 14070876
1.11, 20.51, 24.60, 504.46, 70, 84, 14082716
1.10, 20.51, 24.87, 510.00, 71, 84, 14094532
1.10, 20.51, 24.63, 505.02, 71, 84, 14106352
1.10, 20.18, 24.11, 486.66, 71, 84, 14118184
1.10, 20.51, 24.52, 502.80, 71, 84, 14130004
1.12, 20.18, 24.27, 489.92, 71, 84, 14141828
1.13, 21.16, 24.30, 514.20, 71, 84, 14153664
1.13, 20.51, 24.46, 501.70, 71, 84, 14165484
1.13, 20.83, 24.27, 505.73, 71, 84, 14177320
1.13, 20.18, 24.57, 495.91, 71, 84, 14189140
1.13, 21.81, 24.06, 524.73, 71, 84, 14200972
1.13, 20.83, 24.33, 506.85, 71, 84, 14212792
1.13, 21.48, 24.73, 531.38, 71, 84, 14224628
1.13, 21.16, 24.57, 519.91, 71, 84, 14236452
1.13, 21.16, 24.60, 520.48, 71, 84, 14248280
1.13, 20.83, 24.41, 508.54, 71, 84, 14260108
1.13, 21.81, 24.38, 531.79, 71, 84, 14271940
1.13, 20.51, 24.49, 502.25, 71, 84, 14283768
1.12, 21.16, 24.52, 518.77, 72, 84, 14295596
1.13, 20.83, 24.49, 510.22, 72, 84, 14307428
1.13, 21.16, 24.17, 511.35, 72, 84, 14319252
1.13, 21.48, 24.25, 520.95, 72, 84, 14331088
1.14, 21.16, 24.54, 519.34, 72, 84, 14342908
1.15, 21.48, 24.17, 519.21, 72, 84, 14354744
1.15, 20.51, 24.38, 500.04, 72, 84, 14366564
1.15, 21.48, 24.09, 517.48, 72, 84, 14378396
1.15, 21.81, 23.84, 520.02, 72, 84, 14390228
1.15, 21.48, 24.25, 520.95, 72, 84, 14402048
1.15, 22.14, 24.46, 541.52, 72, 84, 14413880
1.15, 21.81, 24.73, 539.43, 72, 84, 14425700
1.15, 21.16, 24.63, 521.05, 72, 84, 14437536
1.15, 21.16, 24.19, 511.92, 72, 84, 14449356
1.15, 21.48, 24.46, 525.59, 72, 84, 14461192
1.15, 22.14, 24.44, 540.92, 72, 84, 14473012
1.15, 22.14, 24.46, 541.52, 72, 84, 14484836
1.15, 22.14, 24.30, 537.93, 73, 84, 14496664
1.15, 21.81, 24.68, 538.26, 73, 84, 14508492
1.15, 21.81, 24.36, 531.20, 73, 84, 14520324
1.15, 21.16, 24.14, 510.78, 73, 84, 14532144
1.16, 22.14, 24.11, 533.75, 73, 84, 14543980
1.17, 21.16, 24.63, 521.05, 73, 84, 14555800
1.17, 22.79, 24.09, 548.84, 73, 84, 14567632
1.16, 22.79, 24.11, 549.45, 73, 84, 14579452
1.17, 22.14, 24.98, 552.86, 73, 84, 14591288
1.17, 22.46, 24.65, 553.72, 73, 84, 14603112
1.17, 22.79, 24.90, 567.28, 73, 84, 14614936
1.17, 21.48, 24.63, 529.07, 73, 84, 14626768
1.17, 21.48, 24.41, 524.43, 73, 84, 14638588
1.16, 22.14, 24.27, 537.34, 73, 84, 14650424
1.17, 22.14, 24.25, 536.74, 73, 84, 14662244
1.17, 22.79, 24.09, 548.84, 73, 84, 14674080
1.17, 22.79, 24.19, 551.30, 73, 84, 14685904
1.17, 21.81, 24.65, 537.67, 74, 84, 14697740
1.17, 22.46, 24.57, 551.90, 74, 84, 14709560
1.17, 21.81, 23.98, 522.96, 74, 84, 14721388
1.17, 22.79, 24.41, 556.21, 74, 84, 14733216
1.18, 22.46, 24.30, 545.84, 74, 84, 14745044
1.18, 23.11, 24.01, 554.81, 74, 84, 14756876
1.19, 23.11, 24.22, 559.80, 74, 84, 14768692
1.19, 23.44, 24.01, 562.62, 74, 84, 14780528
1.19, 24.41, 24.68, 602.53, 74, 84, 14792348
1.19, 22.14, 24.03, 531.96, 74, 84, 14804196
1.19, 23.11, 24.68, 570.39, 74, 84, 14816004
1.19, 23.11, 24.03, 555.43, 74, 84, 14827836
1.19, 23.11, 24.65, 569.77, 74, 84, 14839656
1.19, 23.44, 24.38, 571.47, 74, 84, 14851488
1.19, 22.79, 23.95, 545.77, 74, 84, 14863320
1.19, 22.14, 24.49, 542.11, 74, 85, 14875144
1.19, 23.44, 23.82, 558.20, 74, 84, 14886980
1.18, 23.11, 24.03, 555.43, 75, 84, 14898800
1.19, 24.09, 24.44, 588.65, 75, 84, 14910636
1.19, 23.11, 24.54, 567.28, 75, 84, 14922476
1.19, 23.76, 24.65, 585.82, 75, 84, 14934292
1.20, 23.76, 24.68, 586.46, 75, 84, 14946116
1.21, 22.79, 24.27, 553.14, 75, 84, 14957944
1.21, 22.14, 24.54, 543.31, 75, 84, 14969780
1.21, 23.11, 24.44, 564.78, 75, 84, 14981600
1.21, 23.11, 24.17, 558.55, 75, 84, 14993436
1.21, 22.79, 24.25, 552.53, 75, 84, 15005256
1.21, 23.76, 24.01, 570.44, 75, 84, 15017092
1.21, 24.41, 24.19, 590.67, 75, 84, 15028916
1.21, 25.07, 23.90, 598.99, 75, 84, 15040752
1.21, 25.07, 24.01, 601.69, 75, 84, 15052572
1.21, 23.44, 24.22, 567.68, 75, 84, 15064416
1.21, 24.41, 24.19, 590.67, 75, 85, 15076224
1.21, 24.74, 24.41, 603.89, 75, 84, 15088048
1.21, 24.09, 24.65, 593.84, 76, 84, 15099888
1.21, 24.09, 24.60, 592.55, 76, 84, 15111708
1.21, 24.41, 24.90, 607.80, 76, 84, 15123540
1.22, 23.76, 24.22, 575.56, 76, 84, 15135364
1.23, 24.41, 24.95, 609.11, 76, 84, 15147196
1.23, 25.07, 24.81, 621.98, 76, 84, 15159020
1.23, 24.41, 24.19, 590.67, 76, 84, 15170852
1.24, 23.44, 24.06, 563.89, 76, 84, 15182688
1.24, 23.76, 24.68, 586.46, 76, 84, 15194500
1.24, 24.74, 24.68, 610.56, 76, 84, 15206332
1.24, 23.76, 24.65, 585.82, 76, 84, 15218156
1.25, 24.41, 24.65, 601.87, 76, 84, 15229988
1.25, 24.41, 24.52, 598.58, 76, 84, 15241808
1.25, 23.76, 23.95, 569.16, 76, 84, 15253640
1.24, 24.41, 24.57, 599.89, 76, 84, 15265464
1.25, 23.76, 24.71, 587.10, 76, 84, 15277296
1.25, 23.76, 24.33, 578.13, 76, 84, 15289120
1.25, 24.41, 24.11, 588.70, 77, 84, 15300948
1.24, 25.07, 24.73, 619.95, 77, 84, 15312776
1.25, 24.74, 24.22, 599.22, 77, 84, 15324620
1.26, 24.41, 24.11, 588.70, 77, 84, 15336436
1.26, 24.74, 24.84, 614.57, 77, 84, 15348260
1.26, 24.74, 24.17, 597.88, 77, 84, 15360092
1.27, 25.07, 24.36, 610.48, 77, 84, 15371912
1.27, 25.39, 24.06, 610.88, 77, 84, 15383744
1.27, 25.07, 24.38, 611.16, 77, 85, 15395568
1.27, 24.74, 24.63, 609.23, 77, 84, 15407400
1.27, 25.39, 24.52, 622.52, 77, 84, 15419220
1.27, 25.39, 23.92, 607.45, 77, 84, 15431048
1.27, 24.74, 24.38, 603.22, 77, 84, 15442892
1.27, 25.39, 24.14, 612.93, 77, 84, 15454700
1.27, 25.72, 23.79, 611.77, 77, 84, 15466536
1.27, 25.39, 24.22, 614.99, 77, 84, 15478360
1.27, 24.74, 24.22, 599.22, 77, 84, 15490196
1.27, 25.72, 24.01, 617.32, 78, 84, 15502020
1.27, 26.04, 24.06, 626.54, 78, 84, 15513852
1.27, 25.39, 24.17, 613.62, 78, 84, 15525676
1.28, 26.04, 24.38, 634.97, 78, 84, 15537504
1.29, 24.74, 24.22, 599.22, 78, 84, 15549328
1.29, 25.07, 24.01, 601.69, 78, 84, 15561156
1.30, 25.39, 24.41, 619.78, 78, 84, 15572988
1.29, 25.07, 24.44, 612.51, 78, 84, 15584812
1.30, 25.07, 24.44, 612.51, 78, 84, 15596644
1.30, 25.39, 24.46, 621.15, 78, 84, 15608468
1.30, 25.72, 24.17, 621.48, 78, 84, 15620300
1.30, 26.37, 24.57, 647.89, 78, 84, 15632120
1.30, 25.39, 24.57, 623.89, 78, 84, 15643952
1.30, 26.37, 23.76, 626.55, 78, 84, 15655772
1.30, 27.02, 24.09, 650.77, 78, 84, 15667600
1.30, 27.02, 24.09, 650.77, 78, 84, 15679436
1.30, 26.04, 24.11, 627.95, 78, 84, 15691260
1.30, 26.37, 23.98, 632.24, 79, 84, 15703088
1.30, 25.72, 24.17, 621.48, 79, 84, 15714916
1.30, 26.37, 24.27, 640.06, 79, 84, 15726748
1.31, 26.04, 23.98, 624.43, 79, 84, 15738572
1.32, 26.37, 24.06, 634.37, 79, 84, 15750408
1.32, 26.69, 24.49, 653.72, 79, 84, 15762228
1.32, 26.37, 24.44, 644.33, 79, 84, 15774060
1.33, 26.37, 24.46, 645.04, 79, 84, 15785892
1.32, 26.69, 24.22, 646.52, 79, 84, 15797716
1.33, 26.69, 24.25, 647.24, 79, 84, 15809552
1.33, 27.67, 24.14, 667.94, 79, 84, 15821372
1.33, 27.02, 23.95, 647.12, 79, 84, 15833204
1.33, 26.37, 24.41, 643.62, 79, 84, 15845024
1.33, 26.69, 24.41, 651.56, 79, 84, 15856852
1.33, 27.02, 24.57, 663.88, 79, 84, 15868676
1.33, 26.37, 24.41, 643.62, 79, 84, 15880508
1.33, 27.34, 23.90, 653.44, 79, 84, 15892336
1.32, 27.67, 24.01, 664.21, 80, 84, 15904164
1.32, 27.67, 23.82, 658.98, 80, 84, 15915996
1.33, 27.02, 24.22, 654.41, 80, 84, 15927820
1.34, 26.69, 24.19, 645.80, 80, 84, 15939652
1.35, 27.02, 24.46, 660.97, 80, 84, 15951472
1.35, 27.02, 24.38, 658.78, 80, 84, 15963308
1.35, 27.99, 23.92, 669.76, 80, 84, 15975128
1.35, 28.32, 23.87, 676.02, 80, 84, 15986960
1.35, 27.67, 24.06, 665.70, 80, 84, 15998780
1.35, 27.02, 24.14, 652.22, 80, 84, 16010604
1.36, 27.67, 24.36, 673.91, 80, 84, 16022440
1.35, 27.34, 24.49, 669.67, 80, 84, 16034256
1.35, 27.67, 24.38, 674.66, 80, 84, 16046092
1.35, 27.99, 24.09, 674.29, 80, 84, 16057912
1.35, 28.32, 24.06, 681.36, 80, 84, 16069744
1.35, 27.02, 24.54, 663.15, 80, 84, 16081564
1.35, 27.67, 24.54, 679.13, 80, 84, 16093400
1.35, 28.32, 24.01, 679.84, 81, 84, 16105220
1.35, 27.99, 24.63, 689.39, 81, 84, 16117048
1.36, 27.67, 24.22, 670.18, 81, 84, 16128876
1.37, 27.67, 24.38, 674.66, 81, 84, 16140700
1.38, 27.99, 24.33, 681.08, 81, 84, 16152536
1.38, 28.65, 24.52, 702.33, 81, 84, 16164352
1.38, 28.32, 24.17, 684.42, 81, 84, 16176192
1.38, 27.99, 24.52, 686.37, 81, 84, 16188008
1.38, 27.67, 24.19, 669.43, 81, 84, 16199844
1.38, 28.65, 24.46, 700.78, 81, 84, 16211664
1.38, 28.65, 23.95, 686.10, 81, 84, 16223496
1.38, 28.32, 24.14, 683.66, 81, 84, 16235320
1.38, 28.65, 23.90, 684.56, 81, 84, 16247148
1.38, 28.32, 24.33, 689.00, 81, 84, 16258968
1.38, 28.97, 24.01, 695.46, 81, 84, 16270800
1.38, 28.97, 23.92, 693.12, 81, 84, 16282632
1.38, 27.67, 24.06, 665.70, 81, 84, 16294452
1.38, 27.99, 24.33, 681.08, 82, 84, 16306284
1.38, 28.65, 24.17, 692.29, 82, 84, 16318108
1.38, 29.30, 23.98, 702.49, 82, 84, 16329944
1.39, 28.65, 24.17, 692.29, 82, 84, 16341768
1.40, 29.30, 23.87, 699.33, 82, 84, 16353596
1.40, 28.97, 24.44, 707.97, 82, 84, 16365424
1.40, 28.97, 24.22, 701.72, 82, 84, 16377248
1.40, 29.30, 24.22, 709.60, 82, 84, 16389084
1.41, 28.65, 24.22, 693.83, 82, 84, 16400904
1.41, 28.65, 24.30, 696.15, 82, 84, 16412740
1.40, 28.97, 24.06, 697.03, 82, 84, 16424580
1.40, 29.62, 24.17, 715.89, 82, 84, 16436396
1.40, 29.30, 24.09, 705.65, 82, 84, 16448220
1.40, 28.97, 24.17, 700.15, 82, 84, 16460052
1.40, 29.30, 24.36, 713.55, 82, 84, 16471876
1.40, 28.97, 24.49, 709.53, 82, 84, 16483704
1.41, 29.95, 23.87, 714.87, 82, 84, 16495540
1.40, 28.32, 23.92, 677.54, 83, 84, 16507364
1.40, 28.97, 23.95, 693.90, 83, 84, 16519200
1.41, 29.95, 24.25, 726.18, 83, 84, 16531020
1.42, 29.62, 24.41, 723.08, 83, 84, 16542872
1.42, 28.97, 24.38, 706.40, 83, 84, 16554680
1.43, 29.62, 24.11, 714.29, 83, 84, 16566516
1.43, 30.27, 24.22, 733.25, 83, 84, 16578336
1.43, 30.60, 23.87, 730.41, 83, 84, 16590160
1.43, 28.97, 24.11, 698.59, 83, 84, 16601992
1.43, 29.62, 24.38, 722.28, 83, 84, 16613816
1.43, 29.95, 24.06, 720.52, 83, 84, 16625648
1.43, 29.30, 24.27, 711.18, 83, 84, 16637468
1.43, 30.27, 24.17, 731.62, 83, 84, 16649304
1.43, 30.60, 24.09, 737.01, 83, 84, 16661128
1.43, 30.60, 23.98, 733.71, 83, 84, 16672960
1.43, 30.60, 23.87, 730.41, 83, 84, 16684800
1.43, 29.95, 24.03, 719.71, 83, 84, 16696620
1.43, 30.92, 24.14, 746.52, 84, 84, 16708440
1.43, 30.60, 24.01, 734.54, 84, 84, 16720272
1.44, 30.60, 24.03, 735.36, 84, 84, 16732108
1.44, 30.92, 24.27, 750.69, 84, 84, 16743928
1.45, 30.92, 24.25, 749.86, 84, 84, 16755760
1.45, 30.60, 23.90, 731.23, 84, 84, 16767584
1.46, 30.60, 24.38, 746.09, 84, 84, 16779416
1.45, 31.58, 23.63, 746.05, 84, 84, 16791240
1.45, 30.60, 24.41, 746.92, 84, 84, 16803088
1.45, 30.60, 24.25, 741.96, 84, 84, 16814892
1.46, 30.92, 24.09, 744.85, 84, 84, 16826724
1.45, 31.25, 23.76, 742.58, 84, 84, 16838552
1.45, 30.27, 24.27, 734.89, 84, 84, 16850384
1.45, 30.27, 24.22, 733.25, 84, 84, 16862216
1.46, 31.58, 23.92, 755.42, 84, 84, 16874036
1.45, 30.60, 24.27, 742.79, 84, 84, 16885872
1.45, 31.58, 24.27, 766.49, 84, 84, 16897692
1.45, 31.58, 23.84, 752.87, 85, 84, 16909528
1.45, 30.92, 24.30, 751.52, 85, 84, 16921348
1.46, 31.25, 24.38, 761.96, 85, 84, 16933176
1.46, 31.90, 23.87, 761.49, 85, 84, 16945016
1.47, 31.90, 24.19, 771.82, 85, 84, 16956828
1.47, 31.90, 23.98, 764.93, 85, 84, 16968664
1.47, 30.92, 24.17, 747.35, 85, 84, 16980484
1.48, 31.58, 24.09, 760.53, 85, 84, 16992324
1.48, 31.90, 23.95, 764.07, 85, 84, 17004144
1.47, 31.25, 23.79, 743.42, 85, 84, 17015980
1.47, 31.58, 24.36, 769.05, 85, 84, 17027800
1.47, 32.23, 23.82, 767.52, 85, 84, 17039636
1.47, 31.58, 24.06, 759.68, 85, 84, 17051460
1.48, 30.92, 24.41, 754.86, 85, 84, 17063288
1.47, 31.90, 23.87, 761.49, 85, 84, 17075124
1.47, 31.25, 24.22, 756.91, 85, 84, 17086944
1.47, 31.90, 24.27, 774.40, 85, 84, 17098780
1.47, 31.58, 24.30, 767.35, 86, 84, 17110596
1.47, 31.90, 24.41, 778.70, 86, 84, 17122436
1.48, 31.58, 23.90, 754.57, 86, 84, 17134252
1.49, 31.90, 24.27, 774.40, 86, 84, 17146088
1.50, 32.55, 24.06, 783.18, 86, 84, 17157912
1.50, 31.90, 24.11, 769.23, 86, 84, 17169736
1.50, 32.88, 23.82, 783.03, 86, 84, 17181564
1.50, 32.55, 24.22, 788.44, 86, 84, 17193392
1.50, 32.55, 24.22, 788.44, 86, 84, 17205224
1.50, 32.88, 23.92, 786.57, 86, 84, 17217048
1.50, 32.55, 24.27, 790.20, 86, 84, 17228880
1.50, 32.23, 24.22, 780.56, 86, 84, 17240708
1.49, 32.55, 24.01, 781.42, 86, 84, 17252540
1.50, 32.23, 24.38, 785.78, 86, 84, 17264364
1.50, 32.88, 24.27, 798.10, 86, 84, 17276196
1.49, 32.23, 24.14, 777.95, 86, 84, 17288024
1.49, 33.20, 23.95, 795.26, 86, 84, 17299848
1.49, 32.23, 24.01, 773.61, 87, 84, 17311684
1.49, 32.55, 23.82, 775.27, 87, 84, 17323504
1.50, 33.53, 24.03, 805.77, 87, 84, 17335336
1.50, 33.20, 24.33, 807.80, 87, 84, 17347156
1.51, 33.53, 23.82, 798.53, 87, 84, 17358988
1.52, 32.88, 24.19, 795.44, 87, 84, 17370808
1.52, 34.18, 23.92, 817.73, 87, 84, 17382640
1.52, 33.20, 24.27, 806.00, 87, 84, 17394464
1.52, 33.53, 23.95, 803.05, 87, 84, 17406292
1.51, 33.85, 24.19, 819.07, 87, 84, 17418120
1.51, 33.85, 23.90, 809.02, 87, 84, 17429952
1.51, 33.20, 24.01, 797.05, 87, 84, 17441784
1.51, 33.20, 24.33, 807.80, 87, 84, 17453608
1.51, 33.20, 24.22, 804.21, 87, 84, 17465440
1.51, 34.18, 23.82, 814.04, 87, 84, 17477264
1.51, 33.85, 23.98, 811.76, 87, 84, 17489100
1.51, 33.53, 24.19, 811.19, 87, 84, 17500920
1.51, 33.53, 23.92, 802.15, 88, 84, 17512756
1.51, 32.88, 24.14, 793.67, 88, 84, 17524572
1.51, 33.53, 23.98, 803.96, 88, 84, 17536404
1.51, 33.85, 24.19, 819.07, 88, 84, 17548236
1.52, 33.85, 24.06, 814.50, 88, 84, 17560060
1.53, 34.18, 23.92, 817.73, 88, 84, 17571892
1.53, 33.53, 24.14, 809.38, 88, 84, 17583720
1.54, 34.51, 23.98, 827.38, 88, 84, 17595552
1.53, 33.85, 24.11, 816.33, 88, 84, 17607372
1.54, 34.18, 24.19, 826.94, 88, 84, 17619204
1.54, 34.51, 23.95, 826.44, 88, 84, 17631024
1.53, 33.53, 24.30, 814.81, 88, 84, 17642852
1.53, 34.18, 24.14, 825.10, 88, 84, 17654680
1.53, 33.53, 24.38, 817.52, 88, 84, 17666508
1.54, 35.16, 23.74, 834.45, 88, 84, 17678344
1.53, 33.85, 24.22, 819.98, 88, 84, 17690164
1.53, 34.51, 23.90, 824.58, 88, 84, 17702000
1.53, 34.51, 24.38, 841.34, 89, 84, 17713824
1.53, 34.83, 23.87, 831.42, 89, 84, 17725656
1.54, 34.83, 24.30, 846.45, 89, 84, 17737480
1.55, 35.81, 23.60, 845.08, 89, 84, 17749308
1.55, 35.81, 23.63, 846.04, 89, 84, 17761128
1.55, 34.51, 24.38, 841.34, 89, 84, 17772956
1.56, 35.48, 23.65, 839.31, 89, 84, 17784792
1.56, 34.51, 24.44, 843.20, 89, 84, 17796608
1.56, 35.16, 23.82, 837.30, 89, 84, 17808448
1.56, 35.81, 24.14, 864.39, 89, 84, 17820268
1.56, 34.83, 24.11, 839.88, 89, 84, 17832104
1.56, 35.48, 23.98, 850.79, 89, 84, 17843928
1.56, 34.18, 24.06, 822.34, 89, 84, 17855760
1.56, 36.13, 23.84, 861.53, 89, 84, 17867584
1.56, 34.18, 24.38, 833.40, 89, 84, 17879412
1.56, 36.46, 23.44, 854.54, 89, 84, 17891244
1.56, 35.16, 23.98, 842.99, 89, 84, 17903084
1.56, 35.48, 23.95, 849.83, 90, 84, 17914904
1.56, 36.13, 23.65, 854.71, 90, 84, 17926724
1.56, 35.16, 23.65, 831.61, 90, 84, 17938560
1.56, 36.78, 23.55, 866.14, 90, 84, 17950380
1.57, 36.13, 23.79, 859.58, 90, 84, 17962216
1.57, 36.46, 23.57, 859.46, 90, 84, 17974040
1.58, 34.83, 24.52, 853.97, 90, 84, 17985868
1.58, 35.16, 24.27, 853.42, 90, 84, 17997696
1.58, 36.13, 23.79, 859.58, 90, 84, 18009520
1.58, 35.16, 24.27, 853.42, 90, 84, 18021360
1.58, 35.81, 24.22, 867.29, 90, 84, 18033180
1.58, 34.83, 24.25, 844.58, 90, 84, 18045028
1.58, 35.16, 24.38, 857.21, 90, 84, 18056836
1.58, 36.13, 23.95, 865.43, 90, 84, 18068668
1.58, 36.78, 23.87, 878.04, 90, 84, 18080492
1.58, 36.13, 23.82, 860.55, 90, 84, 18092324
1.58, 37.11, 23.44, 869.80, 90, 84, 18104144
1.58, 35.81, 24.19, 866.32, 91, 84, 18115968
1.58, 35.16, 24.49, 861.00, 91, 84, 18127800
1.58, 35.81, 24.38, 873.08, 91, 84, 18139624
1.59, 37.11, 23.65, 877.81, 91, 84, 18151456
1.59, 36.46, 24.01, 875.19, 91, 84, 18163288
1.60, 37.76, 23.84, 900.34, 91, 84, 18175108
1.60, 37.43, 23.92, 895.60, 91, 84, 18186928
1.60, 37.43, 23.82, 891.57, 91, 84, 18198760
1.61, 37.76, 23.65, 893.21, 91, 84, 18210580
1.61, 37.11, 23.79, 882.81, 91, 84, 18222404
1.61, 36.78, 24.03, 884.00, 91, 84, 18234232
1.61, 36.78, 23.84, 877.05, 91, 84, 18246056
1.61, 38.09, 24.11, 918.37, 91, 84, 18257892
1.60, 36.13, 24.44, 882.97, 91, 84, 18269712
1.60, 38.09, 23.60, 898.85, 91, 84, 18281544
1.60, 37.76, 23.92, 903.39, 91, 84, 18293368
1.61, 38.09, 23.41, 891.66, 91, 84, 18305216
1.61, 35.81, 24.38, 873.08, 92, 84, 18317020
1.61, 37.43, 23.95, 896.61, 92, 84, 18328852
1.61, 37.11, 24.27, 900.83, 92, 84, 18340676
1.61, 36.46, 24.25, 884.04, 92, 84, 18352504
1.62, 37.76, 23.79, 898.30, 92, 84, 18364336
1.62, 37.11, 24.36, 903.83, 92, 85, 18376156
1.63, 36.46, 24.19, 882.07, 92, 84, 18387988
1.63, 38.09, 23.84, 908.10, 92, 84, 18399812
1.63, 38.74, 23.52, 911.08, 92, 84, 18411644
1.63, 38.74, 23.63, 915.26, 92, 84, 18423464
1.63, 36.46, 24.30, 886.01, 92, 84, 18435296
1.63, 37.76, 24.09, 909.50, 92, 84, 18447116
1.63, 39.39, 23.47, 924.27, 92, 84, 18458944
1.63, 37.76, 24.17, 912.56, 92, 84, 18470772
1.63, 37.76, 24.38, 920.71, 92, 84, 18482596
1.63, 38.41, 23.60, 906.54, 92, 84, 18494432
1.63, 38.41, 23.49, 902.39, 92, 84, 18506252
1.63, 37.11, 24.33, 902.83, 93, 84, 18518084
1.63, 37.76, 24.30, 917.65, 93, 84, 18529904
1.63, 39.39, 23.44, 923.21, 93, 84, 18541740
1.63, 38.74, 23.82, 922.58, 93, 84, 18553564
1.64, 38.09, 23.87, 909.13, 93, 84, 18565416
1.65, 38.74, 24.09, 933.02, 93, 85, 18577220
1.66, 39.39, 23.63, 930.65, 93, 84, 18589048
1.66, 39.06, 23.90, 933.49, 93, 84, 18600880
1.65, 39.39, 23.52, 926.40, 93, 84, 18612700
1.65, 39.39, 23.63, 930.65, 93, 84, 18624536
1.65, 38.41, 24.30, 933.47, 93, 84, 18636356
1.65, 40.36, 23.30, 940.65, 93, 84, 18648192
1.65, 38.09, 24.14, 919.40, 93, 84, 18660012
1.65, 39.71, 23.57, 936.19, 93, 84, 18671844
1.65, 39.06, 24.09, 940.87, 93, 84, 18683664
1.65, 39.71, 23.52, 934.05, 93, 84, 18695492
1.65, 39.39, 23.79, 937.02, 93, 84, 18707320
1.65, 39.39, 23.65, 931.71, 94, 84, 18719148
1.65, 38.09, 24.52, 933.78, 94, 84, 18730976
1.65, 39.39, 23.90, 941.27, 94, 84, 18742800
1.66, 39.06, 23.98, 936.65, 94, 84, 18754636
1.67, 38.74, 24.14, 935.11, 94, 84, 18766456
1.67, 40.69, 23.25, 946.05, 94, 84, 18778288
1.67, 40.69, 23.38, 951.53, 94, 84, 18790112
1.67, 39.71, 24.03, 954.40, 94, 84, 18801944
1.68, 38.74, 24.52, 949.74, 94, 84, 18813764
1.68, 40.04, 23.49, 940.63, 94, 84, 18825596
1.68, 40.36, 23.36, 942.83, 94, 84, 18837428
1.68, 40.36, 23.71, 956.99, 94, 84, 18849248
1.68, 39.39, 24.19, 952.96, 94, 84, 18861088
1.68, 39.06, 24.25, 947.19, 94, 84, 18872904
1.68, 40.04, 23.71, 949.27, 94, 84, 18884740
1.68, 40.04, 23.90, 956.83, 94, 84, 18896560
1.68, 39.06, 24.14, 942.97, 94, 84, 18908396
1.68, 39.71, 24.33, 966.19, 95, 84, 18920212
1.68, 39.39, 24.09, 948.71, 95, 84, 18932040
1.68, 39.71, 24.27, 964.04, 95, 84, 18943868
1.68, 39.71, 23.79, 944.76, 95, 84, 18955700
1.69, 40.04, 24.19, 968.71, 95, 84, 18967532
1.70, 41.67, 23.25, 968.75, 95, 84, 18979356
1.70, 41.34, 23.41, 967.87, 95, 84, 18991192
1.70, 41.02, 23.71, 972.42, 95, 84, 19003012
1.70, 40.04, 24.22, 969.79, 95, 84, 19014844
1.70, 41.67, 23.52, 979.99, 95, 84, 19026668
1.70, 41.02, 23.55, 965.78, 95, 84, 19038500
1.70, 40.04, 24.33, 974.11, 95, 84, 19050328
1.70, 41.02, 23.90, 980.16, 95, 84, 19062152
1.70, 41.67, 23.38, 974.37, 95, 84, 19073988
1.70, 39.71, 24.30, 965.12, 95, 84, 19085812
1.70, 40.36, 24.17, 975.49, 95, 84, 19097648
1.70, 40.69, 23.71, 964.70, 95, 84, 19109468
1.70, 40.69, 24.01, 976.78, 96, 84, 19121300
1.70, 41.67, 23.38, 974.37, 96, 84, 19133124
1.70, 40.36, 24.09, 972.23, 96, 84, 19144960
1.71, 41.02, 23.92, 981.27, 96, 84, 19156784
1.72, 41.34, 23.74, 981.25, 96, 84, 19168612
1.72, 41.67, 23.57, 982.24, 96, 84, 19180440
1.73, 42.32, 23.68, 1002.15, 96, 84, 19192268
1.73, 40.69, 24.03, 977.87, 96, 84, 19204100
1.73, 40.69, 24.09, 980.07, 96, 85, 19215920
1.73, 42.64, 23.30, 993.76, 96, 84, 19227756
1.73, 41.99, 23.71, 995.57, 96, 84, 19239580
1.73, 41.99, 23.68, 994.44, 96, 84, 19251412
1.73, 41.02, 24.03, 985.70, 96, 84, 19263248
1.73, 41.67, 24.06, 1002.47, 96, 84, 19275064
1.73, 41.02, 24.03, 985.70, 96, 84, 19286892
1.72, 41.34, 24.06, 994.63, 96, 84, 19298720
1.73, 41.67, 23.76, 990.10, 96, 84, 19310556
1.73, 41.34, 23.76, 982.37, 97, 84, 19322376
1.73, 42.32, 23.84, 1009.00, 97, 84, 19334212
1.73, 42.64, 23.71, 1011.01, 97, 84, 19346032
1.73, 41.99, 23.82, 1000.10, 97, 84, 19357864
1.74, 42.64, 23.41, 998.36, 97, 84, 19369684
1.74, 43.29, 23.74, 1027.61, 97, 84, 19381524
1.75, 42.32, 23.84, 1009.00, 97, 84, 19393344
1.75, 42.97, 23.55, 1011.77, 97, 84, 19405192
1.75, 41.99, 23.90, 1003.50, 97, 84, 19417012
1.75, 43.29, 23.57, 1020.61, 97, 84, 19428832
1.75, 43.62, 23.52, 1025.93, 97, 84, 19440664
1.75, 42.32, 23.82, 1007.86, 97, 84, 19452488
1.75, 41.99, 24.14, 1013.70, 97, 84, 19464324
1.75, 42.97, 23.65, 1016.41, 97, 84, 19476144
1.74, 42.97, 23.71, 1018.73, 97, 84, 19487980
1.75, 42.97, 23.82, 1023.36, 97, 84, 19499804
1.74, 42.64, 23.65, 1008.71, 97, 84, 19511628
1.75, 42.32, 24.11, 1020.41, 98, 84, 19523472
1.75, 43.29, 23.82, 1031.12, 98, 84, 19535280
1.75, 43.62, 23.49, 1024.75, 98, 84, 19547116
1.75, 42.97, 23.60, 1014.09, 98, 84, 19558940
1.76, 43.95, 23.57, 1035.95, 98, 84, 19570772
1.76, 43.95, 23.60, 1037.14, 98, 84, 19582592
1.76, 42.97, 23.92, 1028.00, 98, 84, 19594432
1.77, 43.62, 23.65, 1031.81, 98, 84, 19606256
1.76, 43.62, 23.63, 1030.63, 98, 84, 19618088
1.77, 42.97, 23.92, 1028.00, 98, 84, 19629912
1.76, 43.95, 23.52, 1033.58, 98, 84, 19641740
1.77, 43.95, 23.74, 1043.06, 98, 84, 19653572
1.76, 42.97, 23.79, 1022.20, 98, 84, 19665412
1.77, 43.29, 24.01, 1039.29, 98, 84, 19677232
1.77, 43.95, 23.74, 1043.06, 98, 84, 19689052
1.76, 44.27, 23.47, 1038.85, 98, 84, 19700888
1.76, 44.27, 23.52, 1041.24, 98, 84, 19712708
1.76, 43.95, 23.49, 1032.40, 99, 84, 19724540
1.76, 43.95, 23.60, 1037.14, 99, 84, 19736360
1.76, 43.62, 23.87, 1041.22, 99, 84, 19748188
1.78, 44.60, 23.49, 1047.69, 99, 84, 19760016
1.78, 44.92, 23.68, 1063.82, 99, 84, 19771840
1.78, 44.27, 23.60, 1044.82, 99, 84, 19783684
1.78, 43.95, 23.79, 1045.44, 99, 85, 19795496
1.78, 44.60, 23.65, 1054.91, 99, 84, 19807328
1.78, 44.27, 23.76, 1051.99, 99, 84, 19819152
1.78, 44.27, 23.63, 1046.01, 99, 84, 19830984
1.79, 44.60, 23.82, 1062.13, 99, 84, 19842800
1.78, 44.92, 23.68, 1063.82, 99, 84, 19854632
1.78, 44.60, 23.65, 1054.91, 99, 84, 19866452
1.78, 44.60, 23.57, 1051.30, 99, 84, 19878284
1.78, 44.27, 23.71, 1049.60, 99, 84, 19890120
1.78, 44.60, 23.68, 1056.11, 99, 84, 19901940
1.78, 45.25, 23.84, 1078.85, 99, 84, 19913776
1.78, 45.25, 23.49, 1062.99, 100, 84, 19925612
1.78, 45.25, 23.52, 1064.21, 100, 84, 19937432
1.78, 45.25, 23.79, 1076.41, 100, 84, 19949256
1.79, 45.25, 23.60, 1067.87, 100, 84, 19961088
1.79, 44.60, 23.74, 1058.52, 100, 84, 19972912
1.80, 45.25, 23.92, 1082.51, 100, 84, 19984740
1.80, 45.25, 23.74, 1073.97, 100, 84, 19996572
1.80, 45.25, 23.76, 1075.19, 100, 84, 20008400
1.80, 45.57, 23.55, 1073.09, 100, 84, 20020232
1.80, 45.57, 23.65, 1078.01, 100, 84, 20032056
1.80, 45.57, 23.68, 1079.24, 100, 84, 20043896
1.80, 45.57, 23.47, 1069.40, 100, 84, 20055716
1.80, 45.57, 23.65, 1078.01, 100, 84, 20067552
1.80, 45.57, 23.76, 1082.93, 100, 84, 20079372
1.80, 45.90, 23.74, 1089.42, 100, 84, 20091200
1.80, 44.92, 23.92, 1074.73, 100, 84, 20103032
1.80, 45.90, 23.79, 1091.90, 100, 84, 20114860
1.80, 45.90, 23.68, 1086.95, 100, 84, 20126692
1.79, 45.90, 23.65, 1085.71, 100, 84, 20138516
1.80, 45.57, 23.71, 1080.47, 100, 84, 20150348
1.79, 45.90, 23.52, 1079.52, 100, 84, 20162168
1.79, 45.90, 23.63, 1084.47, 100, 84, 20174000
1.79, 45.90, 23.63, 1084.47, 100, 84, 20185820
1.79, 45.57, 23.74, 1081.70, 100, 84, 20197656
1.79, 45.25, 23.74, 1073.97, 100, 84, 20209476
1.79, 45.57, 23.68, 1079.24, 100, 84, 20221308
1.79, 45.57, 23.65, 1078.01, 100, 84, 20233144
1.79, 45.57, 23.65, 1078.01, 100, 84, 20244968
1.79, 45.57, 23.74, 1081.70, 100, 84, 20256800
1.79, 45.57, 23.71, 1080.47, 100, 84, 20268620
1.79, 45.57, 23.63, 1076.78, 100, 84, 20280456
1.79, 45.90, 23.55, 1080.76, 100, 84, 20292280
1.79, 45.90, 23.71, 1088.19, 100, 84, 20304112
1.79, 45.90, 23.60, 1083.23, 100, 84, 20315936
1.79, 45.90, 23.55, 1080.76, 100, 84, 20327760
1.79, 45.57, 23.74, 1081.70, 100, 84, 20339584
1.79, 45.57, 23.79, 1084.16, 100, 84, 20351412
1.79, 44.92, 23.71, 1065.03, 100, 84, 20363244
1.79, 45.25, 23.60, 1067.87, 100, 84, 20375068
1.79, 45.90, 23.74, 1089.42, 100, 84, 20386896
1.79, 45.25, 23.76, 1075.19, 100, 84, 20398716
1.79, 45.57, 23.68, 1079.24, 100, 84, 20410552
1.78, 45.57, 23.65, 1078.01, 100, 84, 20422376
1.79, 45.57, 23.82, 1085.38, 100, 84, 20434208
1.78, 45.57, 23.65, 1078.01, 100, 84, 20446028
1.78, 45.90, 23.68, 1086.95, 100, 84, 20457860
1.78, 45.57, 23.60, 1075.55, 100, 84, 20469692
1.78, 44.92, 23.87, 1072.30, 100, 84, 20481516
1.78, 45.57, 23.74, 1081.70, 100, 84, 20493348
1.78, 44.60, 24.06, 1072.95, 100, 84, 20505168
1.78, 45.57, 23.74, 1081.70, 100, 84, 20517004
1.78, 45.25, 23.79, 1076.41, 100, 84, 20528820
1.78, 45.57, 23.71, 1080.47, 100, 84, 20540660
1.78, 45.57, 23.65, 1078.01, 100, 84, 20552480
1.78, 44.92, 23.60, 1060.19, 100, 84, 20564308
1.78, 45.57, 23.74, 1081.70, 100, 84, 20576140
1.78, 45.57, 23.71, 1080.47, 100, 84, 20587968
1.78, 45.25, 23.79, 1076.41, 100, 84, 20599800
1.78, 45.25, 23.74, 1073.97, 100, 84, 20611620
1.78, 45.25, 23.60, 1067.87, 100, 84, 20623468
1.78, 45.25, 23.68, 1071.53, 100, 84, 20635272
1.78, 45.25, 23.71, 1072.75, 100, 84, 20647108
1.78, 45.57, 23.63, 1076.78, 100, 84, 20658928
1.78, 45.25, 23.79, 1076.41, 100, 84, 20670756
1.77, 45.57, 23.63, 1076.78, 100, 84, 20682580
1.77, 45.25, 23.63, 1069.09, 100, 84, 20694408
1.77, 45.25, 23.68, 1071.53, 100, 84, 20706244
1.77, 45.25, 23.68, 1071.53, 100, 84, 20718064
1.77, 45.57, 23.68, 1079.24, 100, 84, 20729904
1.77, 45.90, 23.55, 1080.76, 100, 84, 20741724
1.77, 45.25, 23.74, 1073.97, 100, 84, 20753556
1.77, 45.25, 23.84, 1078.85, 100, 84, 20765380
1.77, 45.25, 23.71, 1072.75, 100, 84, 20777216
1.77, 44.92, 23.76, 1067.46, 100, 84, 20789040
1.77, 45.57, 23.55, 1073.09, 100, 84, 20800864
1.77, 45.57, 23.57, 1074.32, 100, 84, 20812696
1.77, 45.25, 23.57, 1066.65, 100, 84, 20824524
1.77, 45.25, 23.68, 1071.53, 100, 84, 20836356
1.77, 44.92, 23.63, 1061.40, 100, 84, 20848176
1.77, 44.92, 23.68, 1063.82, 100, 84, 20860008
1.76, 45.25, 23.55, 1065.43, 100, 84, 20871828
1.77, 44.60, 23.65, 1054.91, 100, 84, 20883680
1.76, 45.25, 23.71, 1072.75, 100, 84, 20895484
1.77, 45.25, 23.65, 1070.31, 100, 84, 20907316
1.76, 45.25, 23.65, 1070.31, 100, 84, 20919140
STOP
1.77, 42.97, 24.38, 1047.70, 0, 84, 20930964
1.73, 38.74, 24.22, 938.25, 0, 84, 20942796
1.42, 33.85, 24.01, 812.68, 0, 84, 20954620
0.91, 30.27, 24.52, 742.24, 0, 84, 20966452
0.59, 26.69, 24.44, 652.28, 0, 84, 20978276
0.33, 24.09, 24.65, 593.84, 0, 84, 20990108
0.17, 21.48, 24.57, 527.91, 0, 84, 21001928
0.06, 19.21, 24.60, 472.43, 0, 84, 21013760
0.00, 17.58, 24.60, 432.40, 0, 84, 21025584
-0.00, 15.63, 24.60, 384.35, 0, 84, 21037416
-0.01, 14.00, 24.60, 344.32, 0, 84, 21049240
-0.01, 12.70, 24.60, 312.29, 0, 84, 21061068
-0.02, 11.39, 24.60, 280.26, 0, 84, 21072904
-0.02, 10.42, 24.60, 256.24, 0, 84, 21084744
-0.01, 9.44, 24.60, 232.21, 0, 84, 21096564
-0.01, 8.46, 24.60, 208.19, 0, 84, 21108384
-0.01, 7.49, 24.60, 184.17, 0, 84, 21120216
-0.01, 6.84, 24.60, 168.15, 0, 84, 21132040
-0.01, 6.18, 24.63, 152.31, 0, 84, 21143884
-0.00, 5.53, 24.60, 136.13, 0, 84, 21155704
