START
0.00, -0.65, 24.81, -16.16, 1, 19, 512
0.00, -0.65, 24.79, -16.14, 1, 154, 7020
0.00, -0.65, 24.79, -16.14, 1, 84, 18836
0.00, -0.65, 24.79, -16.14, 1, 84, 30676
0.00, -0.65, 24.79, -16.14, 1, 84, 42496
0.00, -0.65, 24.79, -16.14, 1, 84, 54332
0.00, -0.65, 24.79, -16.14, 1, 84, 66156
0.00, -0.65, 24.79, -16.14, 1, 84, 77988
0.00, -0.65, 24.79, -16.14, 1, 84, 89812
0.00, -0.65, 24.79, -16.14, 1, 84, 101648
0.00, -0.65, 24.79, -16.14, 1, 84, 113468
0.00, -0.65, 24.79, -16.14, 1, 84, 125300
0.00, -0.65, 24.79, -16.14, 1, 84, 137128
0.00, -0.65, 24.79, -16.14, 1, 84, 148956
0.00, -0.65, 24.79, -16.14, 1, 84, 160792
0.00, -0.65, 24.79, -16.14, 1, 84, 172616
0.00, -0.65, 24.79, -16.14, 1, 84, 184448
0.00, -0.65, 24.79, -16.14, 1, 84, 196272
0.00, -0.65, 24.79, -16.14, 1, 84, 208108
0.00, -0.65, 24.79, -16.14, 2, 84, 219928
0.00, -0.65, 24.79, -16.14, 2, 84, 231756
0.00, -0.65, 24.79, -16.14, 2, 84, 243588
0.00, -0.65, 24.79, -16.14, 2, 84, 255416
0.00, -0.65, 24.79, -16.14, 2, 84, 267252
0.00, -0.65, 24.79, -16.14, 2, 84, 279072
0.00, -0.65, 24.79, -16.14, 2, 84, 290912
0.00, -0.65, 24.79, -16.14, 2, 84, 302736
0.00, -0.65, 24.79, -16.14, 2, 84, 314572
0.00, -0.65, 24.79, -16.14, 2, 84, 326400
0.00, -0.65, 24.79, -16.14, 2, 84, 338232
0.00, -0.65, 24.79, -16.14, 2, 84, 350060
0.00, -0.65, 24.79, -16.14, 2, 84, 361888
0.00, -0.65, 24.79, -16.14, 2, 84, 373724
0.00, -0.65, 24.79, -16.14, 2, 84, 385548
0.00, -0.65, 24.79, -16.14, 2, 84, 397384
0.00, -0.65, 24.79, -16.14, 2, 84, 409208
0.00, -0.65, 24.79, -16.14, 3, 84, 421048
0.00, -0.65, 24.79, -16.14, 3, 84, 432872
0.00, -0.65, 24.79, -16.14, 3, 84, 444708
0.00, -0.65, 24.79, -16.14, 3, 84, 456532
0.00, -0.65, 24.79, -16.14, 3, 84, 468360
0.00, -0.65, 24.79, -16.14, 3, 84, 480196
0.00, -0.65, 24.79, -16.14, 3, 84, 492016
0.00, -0.65, 24.79, -16.14, 3, 84, 503856
0.00, -0.65, 24.79, -16.14, 3, 84, 515680
0.00, -0.65, 24.79, -16.14, 3, 84, 527516
0.00, -0.65, 24.79, -16.14, 3, 84, 539340
0.00, -0.65, 24.79, -16.14, 3, 84, 551180
0.00, -0.65, 24.79, -16.14, 3, 84, 563000
0.00, -0.65, 24.79, -16.14, 3, 84, 574832
0.00, -0.65, 24.79, -16.14, 3, 84, 586660
0.00, -0.65, 24.79, -16.14, 3, 84, 598492
0.00, -0.65, 24.79, -16.14, 3, 84, 610324
0.00, -0.65, 24.79, -16.14, 4, 84, 622152
0.00, -0.65, 24.79, -16.14, 4, 84, 633984
0.00, -0.98, 24.81, -24.23, 4, 84, 645824
0.00, -0.65, 24.79, -16.14, 4, 85, 657644
0.00, -0.65, 24.79, -16.14, 4, 84, 669468
0.00, -0.65, 24.79, -16.14, 4, 84, 681296
0.00, -0.65, 24.79, -16.14, 4, 84, 693128
0.00, -0.65, 24.79, -16.14, 4, 84, 704960
0.00, -0.65, 24.79, -16.14, 4, 84, 716796
0.00, -0.65, 24.79, -16.14, 4, 84, 728620
0.00, -0.65, 24.79, -16.14, 4, 84, 740456
0.00, -0.65, 24.79, -16.14, 4, 84, 752280
0.00, -0.65, 24.79, -16.14, 4, 84, 764116
0.00, -0.65, 24.79, -16.14, 4, 84, 775940
0.00, -0.65, 24.79, -16.14, 4, 84, 787780
0.00, -0.65, 24.79, -16.14, 4, 84, 799608
0.00, -0.65, 24.79, -16.14, 4, 84, 811432
0.00, -0.65, 24.79, -16.14, 5, 84, 823272
0.00, -0.65, 24.79, -16.14, 5, 84, 835096
0.00, -0.65, 24.79, -16.14, 5, 84, 846948
0.00, -0.65, 24.79, -16.14, 5, 84, 858748
0.00, -0.65, 24.79, -16.14, 5, 84, 870584
0.00, -0.65, 24.79, -16.14, 5, 84, 882416
0.00, -0.65, 24.79, -16.14, 5, 84, 894252
0.00, -0.98, 24.79, -24.21, 5, 84, 906088
0.00, -0.65, 24.79, -16.14, 5, 84, 917904
0.00, -0.65, 24.79, -16.14, 5, 84, 929744
0.00, -0.65, 24.79, -16.14, 5, 84, 941568
0.00, -0.65, 24.79, -16.14, 5, 84, 953400
0.00, -0.65, 24.79, -16.14, 5, 84, 965228
0.00, -0.65, 24.79, -16.14, 5, 84, 977064
0.00, -0.65, 24.79, -16.14, 5, 84, 988888
0.00, -0.65, 24.79, -16.14, 5, 84, 1000724
0.00, -0.65, 24.79, -16.14, 5, 84, 1012548
0.00, -0.65, 24.79, -16.14, 6, 84, 1024376
0.00, -0.65, 24.79, -16.14, 6, 84, 1036216
0.00, -0.65, 24.79, -16.14, 6, 84, 1048040
0.00, -0.65, 24.79, -16.14, 6, 84, 1059872
0.00, -0.65, 24.79, -16.14, 6, 84, 1071696
0.00, -0.65, 24.79, -16.14, 6, 84, 1083528
0.00, -0.65, 24.79, -16.14, 6, 84, 1095352
0.00, -0.65, 24.79, -16.14, 6, 84, 1107204
0.00, -0.65, 24.79, -16.14, 6, 84, 1119012
0.00, -0.65, 24.79, -16.14, 6, 84, 1130844
0.00, -0.65, 24.79, -16.14, 6, 84, 1142676
0.00, -0.65, 24.79, -16.14, 6, 84, 1154504
0.00, -0.65, 24.79, -16.14, 6, 84, 1166336
0.00, -0.65, 24.79, -16.14, 6, 85, 1178160
0.00, -0.65, 24.79, -16.14, 6, 84, 1190000
0.00, -0.65, 24.79, -16.14, 6, 84, 1201820
0.00, -0.65, 24.79, -16.14, 6, 84, 1213660
0.00, -0.65, 24.79, -16.14, 7, 84, 1225476
0.00, -0.65, 24.79, -16.14, 7, 84, 1237316
0.00, -0.65, 24.79, -16.14, 7, 84, 1249132
0.00, -0.65, 24.79, -16.14, 7, 84, 1260968
0.00, -0.65, 24.79, -16.14, 7, 84, 1272800
0.00, -0.65, 24.79, -16.14, 7, 84, 1284624
0.00, -0.65, 24.79, -16.14, 7, 84, 1296460
0.00, -0.65, 24.79, -16.14, 7, 84, 1308276
0.00, -0.65, 24.79, -16.14, 7, 84, 1320116
0.00, -0.65, 24.79, -16.14, 7, 84, 1331940
0.00, -0.65, 24.79, -16.14, 7, 84, 1343776
0.00, -0.65, 24.79, -16.14, 7, 84, 1355600
0.00, -0.65, 24.79, -16.14, 7, 84, 1367424
0.00, -0.65, 24.79, -16.14, 7, 84, 1379260
0.00, -0.65, 24.79, -16.14, 7, 84, 1391088
0.00, -0.65, 24.79, -16.14, 7, 84, 1402916
0.00, -0.65, 24.79, -16.14, 7, 84, 1414740
0.00, -0.65, 24.79, -16.14, 8, 84, 1426576
0.00, -0.65, 24.79, -16.14, 8, 84, 1438400
0.00, -0.65, 24.79, -16.14, 8, 84, 1450232
0.00, -0.65, 24.76, -16.12, 8, 84, 1462056
0.00, -0.65, 24.79, -16.14, 8, 84, 1473888
0.00, -0.65, 24.79, -16.14, 8, 84, 1485716
0.01, -0.65, 24.79, -16.14, 8, 84, 1497548
0.01, -0.65, 24.79, -16.14, 8, 84, 1509384
0.01, -0.65, 24.76, -16.12, 8, 84, 1521208
0.01, -0.65, 24.79, -16.14, 8, 84, 1533048
0.01, -0.65, 24.79, -16.14, 8, 84, 1544872
0.01, -0.65, 24.79, -16.14, 8, 84, 1556708
0.01, -0.65, 24.79, -16.14, 8, 84, 1568532
0.01, -0.65, 24.76, -16.12, 8, 84, 1580360
0.01, -0.65, 24.79, -16.14, 8, 84, 1592192
0.01, -0.65, 24.79, -16.14, 8, 84, 1604024
0.01, -0.65, 24.79, -16.14, 8, 84, 1615860
0.01, -0.65, 24.76, -16.12, 9, 84, 1627684
0.01, -0.65, 24.79, -16.14, 9, 84, 1639520
0.01, -0.65, 24.76, -16.12, 9, 84, 1651340
0.01, -0.65, 24.76, -16.12, 9, 84, 1663180
0.01, -0.65, 24.76, -16.12, 9, 84, 1675000
0.01, -0.65, 24.76, -16.12, 9, 84, 1686832
0.01, -0.65, 24.76, -16.12, 9, 84, 1698656
0.01, -0.65, 24.79, -16.14, 9, 84, 1710484
0.01, -0.65, 24.76, -16.12, 9, 84, 1722320
0.01, -0.65, 24.76, -16.12, 9, 84, 1734140
0.01, -0.65, 24.79, -16.14, 9, 84, 1745992
0.01, -0.65, 24.79, -16.14, 9, 85, 1757800
0.01, -0.65, 24.79, -16.14, 9, 84, 1769636
0.01, -0.65, 24.79, -16.14, 9, 84, 1781456
0.01, -0.65, 24.76, -16.12, 9, 84, 1793296
0.01, -0.65, 24.76, -16.12, 9, 84, 1805120
0.01, -0.65, 24.76, -16.12, 9, 84, 1816948
0.01, -0.65, 24.76, -16.12, 10, 84, 1828776
0.01, -0.65, 24.76, -16.12, 10, 84, 1840608
0.01, -0.65, 24.76, -16.12, 10, 84, 1852444
0.02, -0.33, 24.79, -8.07, 10, 84, 1864268
0.01, -0.65, 24.76, -16.12, 10, 84, 1876108
0.02, -0.65, 24.76, -16.12, 10, 84, 1887928
0.02, -0.65, 24.79, -16.14, 10, 84, 1899768
0.02, -0.33, 24.79, -8.07, 10, 84, 1911592
0.02, -0.65, 24.76, -16.12, 10, 84, 1923420
0.02, -0.33, 24.76, -8.06, 10, 84, 1935256
0.02, -0.33, 24.79, -8.07, 10, 84, 1947084
0.02, -0.33, 24.76, -8.06, 10, 84, 1958920
0.02, -0.65, 24.76, -16.12, 10, 84, 1970744
0.02, -0.33, 24.79, -8.07, 10, 84, 1982584
0.02, -0.65, 24.76, -16.12, 10, 84, 1994408
0.02, -0.65, 24.79, -16.14, 10, 84, 2006256
0.02, -0.65, 24.76, -16.12, 10, 84, 2018064
0.02, -0.33, 24.76, -8.06, 11, 84, 2029896
0.02, -0.65, 24.76, -16.12, 11, 84, 2041724
0.02, -0.33, 24.76, -8.06, 11, 84, 2053552
0.02, -0.33, 24.79, -8.07, 11, 84, 2065392
0.02, -0.33, 24.79, -8.07, 11, 84, 2077212
0.03, -0.33, 24.79, -8.07, 11, 84, 2089048
0.03, -0.33, 24.76, -8.06, 11, 84, 2100872
0.03, -0.33, 24.76, -8.06, 11, 84, 2112708
0.03, -0.33, 24.79, -8.07, 11, 84, 2124528
0.03, -0.33, 24.76, -8.06, 11, 84, 2136364
0.03, -0.33, 24.76, -8.06, 11, 84, 2148184
0.03, -0.33, 24.79, -8.07, 11, 84, 2160016
0.03, -0.33, 24.76, -8.06, 11, 84, 2171852
0.03, -0.33, 24.76, -8.06, 11, 84, 2183672
0.03, -0.33, 24.79, -8.07, 11, 84, 2195508
0.03, -0.33, 24.79, -8.07, 11, 84, 2207348
0.03, -0.33, 24.76, -8.06, 11, 84, 2219164
0.03, -0.33, 24.76, -8.06, 12, 84, 2230988
0.03, -0.33, 24.76, -8.06, 12, 84, 2242824
0.03, -0.33, 24.79, -8.07, 12, 84, 2254644
0.03, -0.65, 24.76, -16.12, 12, 84, 2266476
0.03, -0.33, 24.76, -8.06, 12, 84, 2278304
0.03, -0.33, 24.76, -8.06, 12, 84, 2290136
0.03, -0.33, 24.76, -8.06, 12, 84, 2301972
0.03, -0.33, 24.76, -8.06, 12, 84, 2313792
0.03, -0.33, 24.79, -8.07, 12, 84, 2325632
0.03, -0.33, 24.79, -8.07, 12, 84, 2337456
0.03, -0.33, 24.76, -8.06, 12, 84, 2349288
0.03, -0.33, 24.76, -8.06, 12, 84, 2361112
0.03, -0.33, 24.79, -8.07, 12, 84, 2372940
0.03, -0.33, 24.79, -8.07, 12, 84, 2384772
0.03, -0.33, 24.79, -8.07, 12, 84, 2396600
0.03, -0.33, 24.79, -8.07, 12, 84, 2408436
0.04, -0.33, 24.79, -8.07, 12, 84, 2420264
0.04, -0.33, 24.76, -8.06, 13, 84, 2432100
0.04, -0.33, 24.76, -8.06, 13, 84, 2443920
0.04, -0.33, 24.79, -8.07, 13, 84, 2455764
0.04, -0.33, 24.73, -8.05, 13, 84, 2467600
0.04, -0.33, 24.76, -8.06, 13, 84, 2479420
0.04, -0.33, 24.76, -8.06, 13, 84, 2491248
0.04, -0.33, 24.79, -8.07, 13, 84, 2503076
0.04, -0.33, 24.73, -8.05, 13, 84, 2514912
0.04, -0.33, 24.79, -8.07, 13, 84, 2526736
0.04, -0.33, 24.79, -8.07, 13, 84, 2538576
0.04, -0.33, 24.76, -8.06, 13, 84, 2550396
0.04, -0.33, 24.79, -8.07, 13, 84, 2562236
0.04, -0.33, 24.76, -8.06, 13, 84, 2574060
0.04, -0.33, 24.81, -8.08, 13, 84, 2585896
0.04, -0.33, 24.73, -8.05, 13, 84, 2597724
0.04, -0.33, 24.76, -8.06, 13, 84, 2609552
0.04, -0.33, 24.79, -8.07, 13, 84, 2621392
0.04, -0.33, 24.76, -8.06, 14, 84, 2633216
0.04, -0.33, 24.76, -8.06, 14, 84, 2645056
0.05, -0.33, 24.79, -8.07, 14, 84, 2656880
0.05, -0.33, 24.76, -8.06, 14, 84, 2668716
0.05, -0.33, 24.76, -8.06, 14, 84, 2680544
0.05, -0.33, 24.79, -8.07, 14, 84, 2692380
0.05, -0.33, 24.76, -8.06, 14, 84, 2704200
0.05, -0.33, 24.76, -8.06, 14, 84, 2716028
0.05, -0.33, 24.79, -8.07, 14, 84, 2727864
0.05, -0.33, 24.79, -8.07, 14, 84, 2739688
0.05, -0.33, 24.76, -8.06, 14, 84, 2751524
0.05, -0.33, 24.76, -8.06, 14, 84, 2763344
0.05, -0.33, 24.79, -8.07, 14, 84, 2775176
0.05, -0.33, 24.79, -8.07, 14, 84, 2787004
0.05, -0.33, 24.76, -8.06, 14, 84, 2798840
0.05, -0.33, 24.76, -8.06, 14, 84, 2810668
0.05, -0.33, 24.79, -8.07, 14, 84, 2822500
0.05, -0.33, 24.79, -8.07, 15, 84, 2834328
0.05, -0.33, 24.79, -8.07, 15, 84, 2846176
0.06, -0.33, 24.76, -8.06, 15, 84, 2857996
0.06, -0.33, 24.79, -8.07, 15, 84, 2869816
0.06, -0.33, 24.73, -8.05, 15, 84, 2881652
0.06, -0.33, 24.76, -8.06, 15, 84, 2893476
0.06, -0.00, 24.76, -0.00, 15, 84, 2905312
0.06, -0.33, 24.79, -8.07, 15, 84, 2917132
0.06, -0.00, 24.76, -0.00, 15, 84, 2928968
0.06, -0.33, 24.73, -8.05, 15, 84, 2940788
0.07, -0.00, 24.79, -0.00, 15, 84, 2952620
0.06, -0.33, 24.79, -8.07, 15, 84, 2964452
0.06, -0.00, 24.79, -0.00, 15, 84, 2976276
0.06, -0.33, 24.76, -8.06, 15, 84, 2988112
0.07, -0.00, 24.76, -0.00, 15, 84, 2999936
0.07, -0.33, 24.76, -8.06, 15, 84, 3011768
0.07, -0.33, 24.79, -8.07, 15, 84, 3023592
0.07, -0.33, 24.73, -8.05, 16, 84, 3035424
0.07, -0.00, 24.76, -0.00, 16, 84, 3047248
0.07, -0.00, 24.79, -0.00, 16, 84, 3059076
0.07, -0.00, 24.76, -0.00, 16, 84, 3070912
0.07, -0.00, 24.73, -0.00, 16, 84, 3082736
0.07, -0.00, 24.79, -0.00, 16, 84, 3094568
0.08, -0.33, 24.79, -8.07, 16, 84, 3106408
0.08, -0.00, 24.73, -0.00, 16, 85, 3118228
0.08, -0.00, 24.76, -0.00, 16, 84, 3130052
0.08, -0.00, 24.76, -0.00, 16, 84, 3141884
0.08, -0.00, 24.79, -0.00, 16, 84, 3153708
0.08, -0.00, 24.76, -0.00, 16, 84, 3165536
0.08, -0.00, 24.73, -0.00, 16, 84, 3177364
0.08, -0.00, 24.79, -0.00, 16, 84, 3189196
0.08, -0.00, 24.79, -0.00, 16, 84, 3201028
0.08, -0.00, 24.79, -0.00, 16, 84, 3212852
0.08, -0.00, 24.76, -0.00, 16, 84, 3224692
0.08, -0.00, 24.79, -0.00, 17, 84, 3236516
0.08, -0.00, 24.79, -0.00, 17, 84, 3248352
0.08, -0.00, 24.73, -0.00, 17, 84, 3260180
0.08, -0.00, 24.76, -0.00, 17, 84, 3272008
0.08, -0.00, 24.79, -0.00, 17, 84, 3283836
0.08, -0.00, 24.73, -0.00, 17, 84, 3295668
0.09, -0.00, 24.79, -0.00, 17, 84, 3307520
0.09, -0.00, 24.76, -0.00, 17, 84, 3319324
0.09, -0.00, 24.79, -0.00, 17, 84, 3331160
0.09, -0.00, 24.79, -0.00, 17, 84, 3342984
0.09, -0.00, 24.76, -0.00, 17, 84, 3354816
0.09, -0.00, 24.79, -0.00, 17, 84, 3366640
0.09, -0.00, 24.73, -0.00, 17, 84, 3378480
0.09, -0.00, 24.73, -0.00, 17, 84, 3390304
0.09, -0.00, 24.79, -0.00, 17, 84, 3402136
0.09, -0.00, 24.76, -0.00, 17, 84, 3413972
0.09, -0.00, 24.76, -0.00, 17, 84, 3425796
0.09, -0.00, 24.79, -0.00, 18, 84, 3437636
0.09, -0.00, 24.76, -0.00, 18, 84, 3449460
0.09, -0.00, 24.71, -0.00, 18, 84, 3461296
0.09, -0.00, 24.76, -0.00, 18, 84, 3473116
0.09, -0.00, 24.79, -0.00, 18, 84, 3484956
0.10, -0.00, 24.73, -0.00, 18, 84, 3496780
0.10, 0.33, 24.73, 8.05, 18, 84, 3508604
0.10, -0.00, 24.79, -0.00, 18, 84, 3520444
0.10, 0.33, 24.79, 8.07, 18, 84, 3532264
0.10, -0.00, 24.73, -0.00, 18, 84, 3544104
0.10, 0.33, 24.76, 8.06, 18, 84, 3555924
0.10, 0.33, 24.71, 8.04, 18, 84, 3567776
0.10, -0.00, 24.73, -0.00, 18, 84, 3579588
0.10, 0.33, 24.76, 8.06, 18, 84, 3591424
0.10, 0.33, 24.76, 8.06, 18, 84, 3603244
0.10, -0.00, 24.73, -0.00, 18, 84, 3615076
0.10, 0.33, 24.76, 8.06, 18, 84, 3626908
0.10, 0.33, 24.76, 8.06, 19, 84, 3638736
0.10, -0.00, 24.71, -0.00, 19, 84, 3650576
0.10, 0.33, 24.73, 8.05, 19, 84, 3662400
0.10, 0.33, 24.76, 8.06, 19, 84, 3674240
0.11, 0.33, 24.81, 8.08, 19, 84, 3686064
0.11, 0.33, 24.73, 8.05, 19, 84, 3697900
0.11, 0.33, 24.76, 8.06, 19, 84, 3709728
0.11, 0.33, 24.76, 8.06, 19, 84, 3721560
0.11, 0.33, 24.73, 8.05, 19, 84, 3733388
0.12, 0.33, 24.76, 8.06, 19, 84, 3745224
0.12, 0.33, 24.79, 8.07, 19, 84, 3757056
0.11, 0.33, 24.79, 8.07, 19, 84, 3768880
0.12, 0.33, 24.76, 8.06, 19, 84, 3780716
0.12, 0.33, 24.79, 8.07, 19, 84, 3792544
0.12, 0.33, 24.71, 8.04, 19, 84, 3804380
0.12, 0.33, 24.73, 8.05, 19, 84, 3816208
0.12, 0.33, 24.73, 8.05, 19, 84, 3828040
0.12, 0.33, 24.76, 8.06, 20, 84, 3839868
0.12, 0.33, 24.73, 8.05, 20, 84, 3851700
0.12, 0.33, 24.79, 8.07, 20, 84, 3863540
0.12, 0.33, 24.76, 8.06, 20, 84, 3875364
0.12, 0.33, 24.79, 8.07, 20, 84, 3887200
0.13, 0.33, 24.79, 8.07, 20, 84, 3899028
0.13, 0.33, 24.73, 8.05, 20, 84, 3910864
0.13, 0.33, 24.73, 8.05, 20, 84, 3922688
0.13, 0.33, 24.76, 8.06, 20, 84, 3934528
0.13, 0.33, 24.73, 8.05, 20, 84, 3946368
0.13, 0.33, 24.71, 8.04, 20, 84, 3958180
0.13, 0.33, 24.79, 8.07, 20, 84, 3970020
0.13, 0.33, 24.79, 8.07, 20, 84, 3981840
0.13, 0.33, 24.73, 8.05, 20, 84, 3993680
0.13, 0.33, 24.79, 8.07, 20, 84, 4005504
0.13, 0.33, 24.73, 8.05, 20, 84, 4017336
0.13, 0.65, 24.73, 16.10, 20, 84, 4029164
0.13, 0.33, 24.76, 8.06, 21, 84, 4041000
0.13, 0.65, 24.76, 16.12, 21, 84, 4052824
0.13, 0.65, 24.73, 16.10, 21, 84, 4064652
0.13, 0.65, 24.68, 16.07, 21, 84, 4076488
0.14, 0.65, 24.76, 16.12, 21, 84, 4088316
0.14, 0.65, 24.79, 16.14, 21, 84, 4100148
0.14, 0.65, 24.73, 16.10, 21, 84, 4111976
0.14, 0.65, 24.73, 16.10, 21, 84, 4123808
0.14, 0.65, 24.79, 16.14, 21, 84, 4135636
0.14, 0.65, 24.73, 16.10, 21, 84, 4147472
0.14, 0.65, 24.73, 16.10, 21, 84, 4159296
0.14, 0.65, 24.79, 16.14, 21, 84, 4171124
0.14, 0.65, 24.79, 16.14, 21, 84, 4182952
0.14, 0.65, 24.79, 16.14, 21, 84, 4194784
0.14, 0.33, 24.81, 8.08, 21, 84, 4206636
0.14, 0.65, 24.76, 16.12, 21, 85, 4218440
0.14, 0.65, 24.79, 16.14, 21, 84, 4230280
0.14, 0.65, 24.73, 16.10, 22, 84, 4242104
0.14, 0.65, 24.73, 16.10, 22, 84, 4253940
0.15, 0.65, 24.71, 16.08, 22, 84, 4265768
0.15, 0.65, 24.73, 16.10, 22, 84, 4277596
0.15, 0.65, 24.76, 16.12, 22, 84, 4289432
0.15, 0.65, 24.81, 16.16, 22, 84, 4301264
0.16, 0.65, 24.65, 16.05, 22, 84, 4313104
0.16, 0.65, 24.76, 16.12, 22, 84, 4324932
0.16, 0.65, 24.73, 16.10, 22, 84, 4336768
0.16, 0.65, 24.71, 16.08, 22, 84, 4348596
0.16, 0.65, 24.73, 16.10, 22, 84, 4360432
0.16, 0.65, 24.79, 16.14, 22, 84, 4372260
0.16, 0.65, 24.68, 16.07, 22, 84, 4384092
0.16, 0.98, 24.76, 24.18, 22, 84, 4395924
0.16, 0.65, 24.68, 16.07, 22, 84, 4407772
0.16, 0.65, 24.73, 16.10, 22, 84, 4419592
0.16, 0.98, 24.76, 24.18, 22, 84, 4431416
0.16, 0.65, 24.79, 16.14, 23, 84, 4443252
0.16, 0.65, 24.73, 16.10, 23, 84, 4455080
0.16, 0.65, 24.76, 16.12, 23, 84, 4466916
0.16, 0.65, 24.76, 16.12, 23, 84, 4478740
0.17, 0.65, 24.73, 16.10, 23, 84, 4490568
0.17, 0.98, 24.73, 24.15, 23, 84, 4502404
0.17, 0.98, 24.73, 24.15, 23, 84, 4514232
0.17, 0.98, 24.68, 24.10, 23, 84, 4526064
0.18, 0.98, 24.68, 24.10, 23, 84, 4537892
0.18, 0.98, 24.73, 24.15, 23, 84, 4549728
0.18, 0.98, 24.73, 24.15, 23, 84, 4561556
0.18, 0.98, 24.68, 24.10, 23, 84, 4573388
0.18, 0.98, 24.76, 24.18, 23, 84, 4585216
0.18, 0.98, 24.73, 24.15, 23, 84, 4597052
0.18, 0.98, 24.65, 24.07, 23, 84, 4608876
0.18, 0.98, 24.73, 24.15, 23, 84, 4620708
0.18, 0.98, 24.71, 24.13, 23, 84, 4632548
0.18, 0.98, 24.68, 24.10, 24, 84, 4644372
0.18, 0.98, 24.76, 24.18, 24, 84, 4656212
0.18, 0.98, 24.71, 24.13, 24, 84, 4668048
0.18, 0.98, 24.68, 24.10, 24, 84, 4679872
0.18, 0.98, 24.71, 24.13, 24, 84, 4691696
0.19, 0.98, 24.71, 24.13, 24, 84, 4703532
0.19, 0.98, 24.73, 24.15, 24, 84, 4715352
0.19, 0.98, 24.73, 24.15, 24, 84, 4727188
0.19, 0.98, 24.76, 24.18, 24, 84, 4739024
0.19, 0.98, 24.73, 24.15, 24, 84, 4750852
0.19, 1.30, 24.71, 32.17, 24, 84, 4762688
0.19, 0.98, 24.79, 24.21, 24, 84, 4774516
0.19, 0.98, 24.71, 24.13, 24, 84, 4786352
0.19, 1.30, 24.73, 32.21, 24, 84, 4798180
0.19, 0.98, 24.79, 24.21, 24, 84, 4810020
0.19, 1.30, 24.68, 32.13, 24, 84, 4821844
0.19, 0.98, 24.79, 24.21, 24, 84, 4833680
0.19, 0.98, 24.79, 24.21, 25, 84, 4845520
0.19, 1.30, 24.68, 32.13, 25, 84, 4857344
0.19, 1.30, 24.76, 32.24, 25, 84, 4869184
0.20, 0.98, 24.79, 24.21, 25, 84, 4881008
0.20, 1.30, 24.73, 32.21, 25, 84, 4892844
0.20, 1.30, 24.76, 32.24, 25, 84, 4904672
0.20, 1.30, 24.68, 32.13, 25, 84, 4916516
0.20, 1.30, 24.73, 32.21, 25, 84, 4928340
0.21, 1.30, 24.76, 32.24, 25, 84, 4940172
0.21, 1.30, 24.71, 32.17, 25, 84, 4952012
0.21, 1.30, 24.68, 32.13, 25, 84, 4963840
0.21, 1.30, 24.73, 32.21, 25, 84, 4975680
0.21, 1.30, 24.65, 32.10, 25, 84, 4987500
0.21, 1.30, 24.76, 32.24, 25, 84, 4999336
0.21, 1.30, 24.81, 32.31, 25, 84, 5011164
0.21, 1.30, 24.65, 32.10, 25, 84, 5023000
0.21, 1.30, 24.73, 32.21, 25, 84, 5034828
0.21, 1.30, 24.68, 32.13, 26, 84, 5046668
0.21, 1.30, 24.63, 32.06, 26, 84, 5058492
0.21, 1.63, 24.71, 40.21, 26, 84, 5070316
0.21, 1.30, 24.81, 32.31, 26, 84, 5082156
0.22, 1.30, 24.71, 32.17, 26, 84, 5093984
0.22, 1.63, 24.76, 40.30, 26, 84, 5105816
0.22, 1.30, 24.79, 32.28, 26, 84, 5117640
0.22, 1.63, 24.71, 40.21, 26, 84, 5129476
0.22, 1.63, 24.63, 40.08, 26, 84, 5141304
0.23, 1.30, 24.76, 32.24, 26, 84, 5153132
0.22, 1.30, 24.79, 32.28, 26, 84, 5164964
0.22, 1.63, 24.65, 40.12, 26, 84, 5176796
0.23, 1.63, 24.73, 40.26, 26, 84, 5188632
0.23, 1.30, 24.76, 32.24, 26, 84, 5200456
0.23, 1.63, 24.65, 40.12, 26, 84, 5212292
0.23, 1.63, 24.63, 40.08, 26, 84, 5224116
0.23, 1.30, 24.81, 32.31, 26, 84, 5235952
0.22, 1.30, 24.81, 32.31, 27, 84, 5247776
0.22, 1.63, 24.68, 40.17, 27, 84, 5259608
0.22, 1.63, 24.73, 40.26, 27, 84, 5271436
0.23, 1.63, 24.81, 40.39, 27, 84, 5283268
0.23, 1.95, 24.71, 48.25, 27, 84, 5295112
0.23, 1.30, 24.81, 32.31, 27, 84, 5306952
0.24, 1.63, 24.68, 40.17, 27, 84, 5318772
0.24, 1.63, 24.68, 40.17, 27, 84, 5330600
0.24, 1.63, 24.76, 40.30, 27, 84, 5342436
0.24, 1.63, 24.63, 40.08, 27, 84, 5354268
0.24, 1.63, 24.73, 40.26, 27, 84, 5366096
0.24, 1.95, 24.71, 48.25, 27, 84, 5377928
0.24, 1.63, 24.79, 40.34, 27, 84, 5389760
0.24, 1.95, 24.76, 48.36, 27, 84, 5401596
0.24, 1.95, 24.68, 48.20, 27, 84, 5413424
0.24, 1.63, 24.60, 40.04, 27, 84, 5425260
0.24, 1.63, 24.68, 40.17, 27, 84, 5437084
0.24, 1.95, 24.71, 48.25, 28, 84, 5448920
0.24, 1.63, 24.76, 40.30, 28, 84, 5460744
0.24, 1.63, 24.68, 40.17, 28, 84, 5472580
0.25, 1.95, 24.71, 48.25, 28, 84, 5484408
0.25, 1.63, 24.73, 40.26, 28, 84, 5496236
0.25, 1.95, 24.71, 48.25, 28, 84, 5508092
0.25, 1.95, 24.68, 48.20, 28, 84, 5519900
0.25, 1.95, 24.73, 48.31, 28, 84, 5531736
0.25, 1.95, 24.79, 48.41, 28, 84, 5543560
0.25, 1.95, 24.65, 48.15, 28, 84, 5555396
0.26, 1.95, 24.73, 48.31, 28, 84, 5567220
0.26, 1.95, 24.65, 48.15, 28, 84, 5579060
0.26, 1.95, 24.60, 48.04, 28, 84, 5590884
0.26, 1.95, 24.73, 48.31, 28, 84, 5602716
0.26, 1.63, 24.81, 40.39, 28, 84, 5614552
0.26, 1.63, 24.68, 40.17, 28, 84, 5626376
0.26, 1.95, 24.73, 48.31, 28, 84, 5638216
0.26, 1.95, 24.76, 48.36, 29, 84, 5650040
0.26, 1.95, 24.49, 47.83, 29, 84, 5661876
0.26, 2.28, 24.65, 56.17, 29, 84, 5673700
0.26, 1.95, 24.81, 48.47, 29, 84, 5685536
0.27, 1.95, 24.81, 48.47, 29, 85, 5697360
0.27, 2.28, 24.63, 56.11, 29, 84, 5709188
0.27, 1.95, 24.73, 48.31, 29, 84, 5721032
0.27, 1.95, 24.81, 48.47, 29, 84, 5732856
0.27, 2.28, 24.68, 56.24, 29, 84, 5744696
0.27, 2.28, 24.79, 56.48, 29, 84, 5756524
0.28, 2.28, 24.68, 56.24, 29, 84, 5768360
0.28, 2.28, 24.71, 56.30, 29, 84, 5780184
0.28, 1.95, 24.79, 48.41, 29, 84, 5792028
0.28, 2.28, 24.60, 56.05, 29, 84, 5803852
0.28, 2.28, 24.71, 56.30, 29, 84, 5815680
0.28, 1.95, 24.81, 48.47, 29, 84, 5827516
0.28, 1.95, 24.76, 48.36, 29, 84, 5839340
0.28, 2.28, 24.73, 56.36, 30, 84, 5851180
0.28, 2.28, 24.73, 56.36, 30, 84, 5863000
0.28, 2.28, 24.57, 55.99, 30, 84, 5874844
0.29, 2.28, 24.76, 56.42, 30, 84, 5886680
0.29, 2.28, 24.73, 56.36, 30, 84, 5898500
0.29, 2.28, 24.84, 56.60, 30, 84, 5910328
0.29, 2.60, 24.63, 64.13, 30, 84, 5922156
0.30, 2.60, 24.73, 64.41, 30, 84, 5933984
0.30, 2.28, 24.81, 56.54, 30, 84, 5945820
0.30, 2.60, 24.54, 63.92, 30, 84, 5957652
0.30, 2.28, 24.60, 56.05, 30, 84, 5969476
0.30, 2.28, 24.81, 56.54, 30, 84, 5981316
0.30, 2.28, 24.71, 56.30, 30, 84, 5993140
0.30, 2.60, 24.73, 64.41, 30, 84, 6004980
0.30, 2.60, 24.71, 64.34, 30, 84, 6016800
0.30, 2.28, 24.76, 56.42, 30, 84, 6028632
0.30, 2.60, 24.60, 64.06, 30, 84, 6040460
0.30, 2.60, 24.65, 64.20, 31, 84, 6052292
0.30, 2.28, 24.81, 56.54, 31, 84, 6064132
0.30, 2.28, 24.71, 56.30, 31, 84, 6075956
0.30, 2.60, 24.63, 64.13, 31, 84, 6087788
0.31, 2.93, 24.63, 72.15, 31, 84, 6099616
0.31, 2.60, 24.79, 64.55, 31, 84, 6111452
0.31, 2.60, 24.63, 64.13, 31, 84, 6123280
0.31, 2.60, 24.76, 64.48, 31, 84, 6135116
0.32, 2.60, 24.63, 64.13, 31, 84, 6146960
0.32, 2.93, 24.54, 71.91, 31, 85, 6158776
0.32, 2.93, 24.73, 72.46, 31, 84, 6170616
0.32, 2.60, 24.76, 64.48, 31, 84, 6182440
0.32, 2.60, 24.52, 63.85, 31, 84, 6194276
0.32, 2.60, 24.65, 64.20, 31, 84, 6206100
0.32, 2.60, 24.81, 64.62, 31, 84, 6217940
0.32, 2.60, 24.76, 64.48, 31, 84, 6229768
0.32, 2.60, 24.76, 64.48, 31, 84, 6241608
0.32, 2.60, 24.84, 64.69, 32, 84, 6253436
0.32, 2.93, 24.54, 71.91, 32, 84, 6265268
0.32, 2.93, 24.68, 72.30, 32, 84, 6277104
0.32, 2.93, 24.81, 72.70, 32, 84, 6288932
0.33, 2.93, 24.54, 71.91, 32, 84, 6300768
0.33, 2.93, 24.60, 72.07, 32, 84, 6312596
0.33, 2.60, 24.76, 64.48, 32, 84, 6324436
0.33, 2.93, 24.52, 71.83, 32, 84, 6336260
0.33, 2.93, 24.60, 72.07, 32, 84, 6348116
0.33, 2.93, 24.76, 72.54, 32, 85, 6359924
0.33, 2.93, 24.63, 72.15, 32, 84, 6371756
0.34, 3.26, 24.73, 80.51, 32, 84, 6383596
0.34, 2.93, 24.76, 72.54, 32, 84, 6395424
0.33, 2.93, 24.54, 71.91, 32, 84, 6407256
0.33, 3.26, 24.65, 80.25, 32, 84, 6419088
0.34, 2.60, 24.79, 64.55, 32, 84, 6430924
0.33, 2.93, 24.71, 72.38, 32, 84, 6442748
0.34, 2.93, 24.79, 72.62, 33, 84, 6454584
0.34, 3.26, 24.79, 80.69, 33, 84, 6466412
0.34, 2.93, 24.73, 72.46, 33, 84, 6478248
0.34, 3.26, 24.68, 80.34, 33, 84, 6490084
0.35, 3.26, 24.71, 80.42, 33, 84, 6501912
0.35, 3.26, 24.54, 79.90, 33, 84, 6513748
0.35, 3.58, 24.57, 87.98, 33, 84, 6525576
0.35, 2.93, 24.79, 72.62, 33, 84, 6537412
0.35, 3.26, 24.71, 80.42, 33, 84, 6549236
0.35, 3.26, 24.79, 80.69, 33, 84, 6561076
0.35, 3.26, 24.68, 80.34, 33, 84, 6572900
0.35, 3.26, 24.52, 79.81, 33, 84, 6584736
0.35, 3.58, 24.71, 88.47, 33, 84, 6596572
0.35, 3.26, 24.71, 80.42, 33, 84, 6608416
0.35, 3.26, 24.54, 79.90, 33, 84, 6620240
0.35, 3.58, 24.60, 88.08, 33, 84, 6632064
0.35, 2.93, 24.65, 72.22, 33, 84, 6643904
0.35, 3.26, 24.54, 79.90, 34, 84, 6655732
0.35, 3.26, 24.71, 80.42, 34, 84, 6667568
0.36, 3.26, 24.79, 80.69, 34, 84, 6679392
0.37, 3.58, 24.63, 88.18, 34, 84, 6691224
0.37, 3.91, 24.71, 96.51, 34, 84, 6703068
0.37, 3.58, 24.71, 88.47, 34, 84, 6714892
0.37, 3.26, 24.71, 80.42, 34, 84, 6726728
0.37, 3.91, 24.57, 95.98, 34, 84, 6738552
0.37, 3.58, 24.71, 88.47, 34, 84, 6750388
0.37, 3.26, 24.79, 80.69, 34, 84, 6762216
0.37, 3.91, 24.54, 95.88, 34, 84, 6774052
0.37, 3.58, 24.65, 88.27, 34, 84, 6785876
0.38, 3.58, 24.76, 88.66, 34, 84, 6797704
0.38, 3.58, 24.73, 88.56, 34, 84, 6809544
0.38, 3.91, 24.65, 96.30, 34, 84, 6821368
0.38, 3.91, 24.71, 96.51, 34, 84, 6833208
0.38, 3.58, 24.73, 88.56, 34, 84, 6845032
0.38, 3.58, 24.52, 87.79, 35, 84, 6856868
0.38, 3.58, 24.54, 87.89, 35, 84, 6868696
0.38, 3.26, 24.76, 80.60, 35, 84, 6880532
0.38, 3.58, 24.79, 88.76, 35, 84, 6892360
0.39, 3.91, 24.54, 95.88, 35, 84, 6904188
0.39, 3.91, 24.73, 96.62, 35, 84, 6916028
0.39, 3.91, 24.84, 97.04, 35, 84, 6927852
0.40, 3.91, 24.60, 96.09, 35, 84, 6939692
0.40, 3.91, 24.68, 96.40, 35, 84, 6951520
0.40, 3.58, 24.79, 88.76, 35, 84, 6963360
0.40, 3.91, 24.63, 96.19, 35, 84, 6975184
0.40, 3.58, 24.84, 88.95, 35, 84, 6987036
0.40, 3.91, 24.79, 96.83, 35, 84, 6998848
0.40, 3.91, 24.52, 95.77, 35, 84, 7010676
0.40, 4.23, 24.68, 104.44, 35, 84, 7022508
0.40, 4.23, 24.65, 104.32, 35, 84, 7034340
0.40, 3.91, 24.79, 96.83, 35, 84, 7046176
0.40, 3.91, 24.60, 96.09, 36, 84, 7058000
0.40, 4.23, 24.68, 104.44, 36, 84, 7069836
0.40, 3.91, 24.73, 96.62, 36, 84, 7081664
0.41, 3.91, 24.41, 95.35, 36, 84, 7093500
0.41, 4.56, 24.71, 112.59, 36, 84, 7105328
0.42, 4.23, 24.65, 104.32, 36, 84, 7117160
0.42, 3.91, 24.81, 96.93, 36, 84, 7128992
0.42, 4.56, 24.44, 111.37, 36, 84, 7140824
0.42, 4.23, 24.73, 104.67, 36, 84, 7152664
0.43, 4.23, 24.73, 104.67, 36, 84, 7164492
0.43, 4.56, 24.57, 111.98, 36, 84, 7176328
0.43, 4.23, 24.68, 104.44, 36, 84, 7188156
0.43, 4.23, 24.76, 104.78, 36, 84, 7199992
0.43, 4.23, 24.41, 103.30, 36, 84, 7211820
0.43, 4.23, 24.73, 104.67, 36, 84, 7223652
0.43, 3.91, 24.81, 96.93, 36, 84, 7235480
0.43, 4.23, 24.52, 103.75, 36, 84, 7247316
0.43, 4.56, 24.65, 112.35, 37, 84, 7259148
0.43, 4.56, 24.68, 112.47, 37, 84, 7270972
0.43, 4.56, 24.65, 112.35, 37, 84, 7282812
0.43, 4.56, 24.57, 111.98, 37, 84, 7294636
0.43, 4.56, 24.73, 112.72, 37, 84, 7306476
0.44, 4.56, 24.76, 112.84, 37, 84, 7318300
0.44, 4.56, 24.54, 111.86, 37, 84, 7330132
0.44, 4.56, 24.52, 111.73, 37, 84, 7341968
0.44, 4.56, 24.79, 112.96, 37, 84, 7353800
0.45, 4.56, 24.54, 111.86, 37, 84, 7365640
0.45, 4.88, 24.60, 120.11, 37, 84, 7377468
0.45, 4.23, 24.87, 105.24, 37, 84, 7389304
0.45, 4.88, 24.68, 120.51, 37, 84, 7401132
0.45, 5.21, 24.54, 127.84, 37, 84, 7412972
0.45, 5.21, 24.65, 128.40, 37, 84, 7424796
0.45, 4.56, 24.63, 112.23, 37, 84, 7436624
0.45, 4.88, 24.49, 119.58, 37, 84, 7448472
0.45, 4.88, 24.46, 119.45, 38, 84, 7460288
0.45, 4.88, 24.76, 120.90, 38, 84, 7472128
0.44, 4.56, 24.79, 112.96, 38, 84, 7483948
0.45, 5.21, 24.22, 126.15, 38, 84, 7495788
0.46, 4.88, 24.46, 119.45, 38, 84, 7507608
0.46, 5.21, 24.63, 128.26, 38, 84, 7519448
0.46, 4.88, 24.68, 120.51, 38, 84, 7531272
0.46, 5.21, 24.57, 127.98, 38, 84, 7543108
0.47, 5.21, 24.49, 127.56, 38, 84, 7554932
0.47, 5.21, 24.71, 128.68, 38, 84, 7566764
0.47, 5.21, 24.57, 127.98, 38, 84, 7578604
0.47, 5.21, 24.36, 126.85, 38, 84, 7590428
0.47, 5.21, 24.73, 128.82, 38, 84, 7602268
0.47, 5.21, 24.79, 129.10, 38, 84, 7614092
0.47, 5.21, 24.46, 127.42, 38, 84, 7625932
0.47, 5.53, 24.46, 135.38, 38, 84, 7637756
0.47, 5.21, 24.65, 128.40, 38, 84, 7649596
0.47, 4.88, 24.73, 120.77, 39, 84, 7661424
0.47, 5.21, 24.36, 126.85, 39, 84, 7673256
0.47, 5.53, 24.68, 136.57, 39, 84, 7685096
0.47, 5.21, 24.81, 129.24, 39, 84, 7696920
0.48, 5.53, 24.73, 136.87, 39, 84, 7708772
0.48, 5.53, 24.63, 136.27, 39, 84, 7720584
0.49, 5.21, 24.79, 129.10, 39, 84, 7732424
0.49, 5.53, 24.52, 135.68, 39, 84, 7744252
0.49, 5.53, 24.79, 137.17, 39, 84, 7756088
0.49, 5.53, 24.71, 136.72, 39, 84, 7767912
0.49, 5.53, 24.68, 136.57, 39, 85, 7779744
0.49, 5.53, 24.36, 134.78, 39, 84, 7791584
0.49, 5.86, 24.38, 142.87, 39, 84, 7803408
0.49, 5.53, 24.73, 136.87, 39, 84, 7815244
0.49, 5.53, 24.36, 134.78, 39, 84, 7827084
0.49, 5.86, 24.54, 143.82, 39, 84, 7838908
0.49, 5.53, 24.52, 135.68, 39, 84, 7850732
0.49, 5.86, 24.65, 144.45, 40, 84, 7862568
0.49, 5.86, 24.65, 144.45, 40, 84, 7874388
0.49, 5.86, 24.46, 143.34, 40, 84, 7886224
0.50, 6.18, 24.38, 150.81, 40, 84, 7898056
0.50, 5.86, 24.52, 143.66, 40, 84, 7909884
0.51, 5.86, 24.65, 144.45, 40, 84, 7921720
0.51, 5.53, 24.79, 137.17, 40, 84, 7933544
0.52, 5.86, 24.44, 143.18, 40, 84, 7945380
0.52, 5.86, 24.49, 143.50, 40, 84, 7957204
0.52, 5.86, 24.84, 145.55, 40, 84, 7969040
0.52, 5.53, 24.79, 137.17, 40, 84, 7980868
0.52, 6.18, 24.44, 151.14, 40, 84, 7992696
0.52, 6.18, 24.63, 152.31, 40, 84, 8004536
0.52, 6.18, 24.68, 152.64, 40, 84, 8016356
0.52, 5.53, 24.63, 136.27, 40, 84, 8028196
0.52, 6.18, 24.44, 151.14, 40, 84, 8040020
0.52, 6.18, 24.65, 152.47, 40, 84, 8051856
0.52, 6.18, 24.79, 153.31, 41, 84, 8063684
0.52, 6.18, 24.41, 150.97, 41, 84, 8075524
0.52, 6.18, 24.73, 152.97, 41, 84, 8087360
0.52, 6.18, 24.81, 153.47, 41, 84, 8099180
0.53, 6.18, 24.71, 152.81, 41, 84, 8111012
0.53, 6.18, 24.65, 152.47, 41, 84, 8122844
0.54, 6.84, 24.54, 167.79, 41, 84, 8134684
0.54, 6.84, 24.68, 168.71, 41, 84, 8146512
0.54, 6.18, 24.71, 152.81, 41, 84, 8158348
0.54, 6.18, 24.52, 151.64, 41, 84, 8170172
0.54, 6.84, 24.49, 167.42, 41, 84, 8182008
0.54, 6.51, 24.63, 160.32, 41, 84, 8193832
0.54, 6.18, 24.71, 152.81, 41, 84, 8205664
0.54, 6.18, 24.73, 152.97, 41, 84, 8217492
0.54, 6.51, 24.30, 158.22, 41, 84, 8229324
0.54, 6.84, 24.63, 168.34, 41, 84, 8241160
0.54, 6.18, 24.73, 152.97, 41, 84, 8252988
0.54, 6.51, 24.41, 158.92, 42, 84, 8264828
0.54, 6.84, 24.44, 167.05, 42, 84, 8276652
0.54, 6.51, 24.46, 159.27, 42, 84, 8288508
0.55, 6.51, 24.84, 161.73, 42, 84, 8300316
0.55, 7.16, 24.38, 174.62, 42, 84, 8312148
0.56, 7.16, 24.46, 175.20, 42, 84, 8323980
0.56, 6.84, 24.68, 168.71, 42, 84, 8335808
0.56, 6.51, 24.81, 161.55, 42, 84, 8347644
0.56, 6.84, 24.60, 168.15, 42, 84, 8359472
0.56, 7.16, 24.60, 176.16, 42, 84, 8371308
0.56, 7.16, 24.60, 176.16, 42, 84, 8383132
0.56, 6.84, 24.49, 167.42, 42, 84, 8394972
0.56, 6.51, 24.46, 159.27, 42, 84, 8406792
0.56, 6.51, 24.76, 161.20, 42, 84, 8418632
0.56, 7.16, 24.71, 176.93, 42, 84, 8430456
0.56, 6.51, 24.87, 161.90, 42, 84, 8442288
0.56, 6.84, 24.49, 167.42, 42, 84, 8454124
0.56, 7.16, 24.63, 176.36, 43, 84, 8465948
0.56, 6.84, 24.73, 169.08, 43, 84, 8477784
0.56, 6.51, 24.57, 159.97, 43, 84, 8489612
0.57, 7.16, 24.44, 175.00, 43, 84, 8501444
0.57, 7.49, 24.52, 183.56, 43, 84, 8513272
0.58, 6.84, 24.44, 167.05, 43, 84, 8525112
0.58, 7.16, 24.30, 174.04, 43, 84, 8536940
0.58, 6.84, 24.76, 169.26, 43, 84, 8548784
0.58, 6.84, 24.73, 169.08, 43, 84, 8560608
0.58, 7.16, 24.57, 175.97, 43, 84, 8572436
0.58, 7.49, 24.60, 184.17, 43, 84, 8584276
0.58, 7.49, 24.54, 183.77, 43, 84, 8596104
0.58, 7.49, 24.57, 183.97, 43, 84, 8607940
0.58, 7.49, 24.38, 182.55, 43, 84, 8619764
0.58, 7.16, 24.81, 177.71, 43, 84, 8631604
0.58, 7.49, 24.52, 183.56, 43, 84, 8643428
0.58, 7.49, 24.73, 185.18, 43, 84, 8655256
0.58, 7.16, 24.44, 175.00, 44, 84, 8667096
0.58, 7.49, 24.22, 181.34, 44, 84, 8678916
0.58, 7.49, 24.68, 184.78, 44, 84, 8690756
0.59, 7.49, 24.81, 185.78, 44, 84, 8702580
0.60, 7.49, 24.57, 183.97, 44, 84, 8714412
0.60, 7.49, 24.63, 184.37, 44, 84, 8726236
0.60, 7.81, 24.38, 190.49, 44, 84, 8738068
0.60, 8.14, 24.52, 199.53, 44, 84, 8749892
0.60, 7.81, 24.65, 192.60, 44, 84, 8761720
0.60, 7.81, 24.65, 192.60, 44, 84, 8773544
0.60, 7.81, 24.73, 193.23, 44, 84, 8785372
0.60, 7.49, 24.68, 184.78, 44, 84, 8797208
0.60, 7.49, 24.57, 183.97, 44, 84, 8809028
0.60, 8.14, 24.33, 197.99, 44, 84, 8820860
0.60, 8.14, 24.44, 198.87, 44, 84, 8832684
0.60, 8.14, 24.73, 201.28, 44, 84, 8844516
0.60, 7.81, 24.71, 193.02, 44, 84, 8856336
0.61, 7.81, 24.46, 191.12, 45, 84, 8868172
0.61, 7.81, 24.57, 191.97, 45, 84, 8879992
0.61, 7.81, 24.49, 191.33, 45, 84, 8891820
0.62, 8.14, 24.33, 197.99, 45, 84, 8903652
0.62, 8.46, 24.36, 206.14, 45, 84, 8915476
0.62, 7.81, 24.79, 193.65, 45, 84, 8927324
0.63, 8.46, 24.41, 206.59, 45, 84, 8939128
0.63, 7.81, 24.73, 193.23, 45, 84, 8950964
0.63, 7.81, 24.81, 193.86, 45, 84, 8962784
0.62, 8.46, 24.30, 205.68, 45, 84, 8974620
0.63, 8.46, 24.30, 205.68, 45, 84, 8986444
0.63, 8.46, 24.57, 207.96, 45, 84, 8998268
0.63, 8.46, 24.65, 208.65, 45, 84, 9010104
0.62, 7.81, 24.73, 193.23, 45, 84, 9021932
0.63, 8.46, 24.27, 205.45, 45, 84, 9033764
0.62, 8.46, 24.22, 205.00, 45, 84, 9045584
0.62, 8.79, 24.49, 215.25, 45, 84, 9057420
0.63, 8.46, 24.38, 206.37, 46, 84, 9069240
0.63, 8.46, 24.73, 209.33, 46, 84, 9081076
0.63, 8.79, 24.63, 216.44, 46, 84, 9092896
0.64, 8.14, 24.52, 199.53, 46, 84, 9104724
0.64, 8.14, 24.76, 201.50, 46, 84, 9116552
0.65, 8.46, 24.54, 207.73, 46, 84, 9128380
0.64, 9.11, 24.46, 222.98, 46, 84, 9140216
0.65, 8.79, 24.71, 217.15, 46, 84, 9152040
0.65, 8.46, 24.68, 208.88, 46, 84, 9163876
0.64, 8.46, 24.49, 207.28, 46, 84, 9175700
0.64, 8.46, 24.73, 209.33, 46, 84, 9187548
0.64, 9.11, 24.33, 221.75, 46, 84, 9199356
0.65, 8.46, 24.79, 209.79, 46, 84, 9211192
0.64, 9.11, 24.63, 224.45, 46, 84, 9223016
0.64, 8.14, 24.79, 201.72, 46, 84, 9234848
0.64, 8.46, 24.44, 206.82, 46, 84, 9246680
0.65, 8.79, 24.36, 214.07, 46, 84, 9258504
0.65, 9.44, 24.60, 232.21, 47, 84, 9270336
0.65, 9.44, 24.38, 230.18, 47, 84, 9282160
0.65, 8.46, 24.79, 209.79, 47, 84, 9293996
0.65, 9.11, 24.71, 225.19, 47, 84, 9305816
0.66, 9.11, 24.30, 221.50, 47, 84, 9317648
0.66, 9.44, 24.19, 228.39, 47, 84, 9329472
0.67, 9.44, 24.49, 231.20, 47, 84, 9341300
0.67, 9.44, 24.52, 231.45, 47, 84, 9353128
0.67, 9.44, 24.68, 232.98, 47, 84, 9364952
0.67, 8.79, 24.79, 217.86, 47, 84, 9376792
0.67, 9.11, 24.71, 225.19, 47, 84, 9388612
0.67, 9.11, 24.46, 222.98, 47, 84, 9400448
0.67, 8.79, 24.60, 216.20, 47, 84, 9412268
0.67, 9.44, 24.30, 229.41, 47, 84, 9424104
0.67, 9.77, 24.27, 237.06, 47, 84, 9435928
0.67, 9.11, 24.76, 225.68, 47, 84, 9447752
0.67, 9.77, 24.65, 240.75, 47, 85, 9459580
0.67, 9.44, 24.71, 233.23, 48, 84, 9471408
0.67, 8.79, 24.76, 217.62, 48, 84, 9483240
0.68, 9.11, 24.60, 224.21, 48, 84, 9495064
0.68, 9.77, 24.27, 237.06, 48, 84, 9506896
0.69, 9.77, 24.27, 237.06, 48, 84, 9518720
0.69, 10.09, 24.73, 249.59, 48, 84, 9530556
0.70, 9.77, 24.76, 241.80, 48, 84, 9542376
0.70, 9.11, 24.79, 225.93, 48, 84, 9554208
0.70, 9.77, 24.60, 240.22, 48, 84, 9566032
0.70, 9.44, 24.63, 232.47, 48, 84, 9577856
0.70, 9.77, 24.22, 236.53, 48, 84, 9589692
0.70, 9.77, 24.25, 236.80, 48, 84, 9601516
0.70, 10.09, 24.44, 246.60, 48, 84, 9613348
0.70, 10.09, 24.38, 246.05, 48, 84, 9625168
0.70, 10.09, 24.71, 249.32, 48, 84, 9637000
0.70, 9.44, 24.68, 232.98, 48, 84, 9648840
0.70, 9.44, 24.71, 233.23, 48, 84, 9660660
0.70, 9.77, 24.63, 240.48, 49, 84, 9672480
0.70, 9.77, 24.30, 237.32, 49, 84, 9684308
0.70, 9.77, 24.63, 240.48, 49, 84, 9696132
0.71, 10.09, 24.27, 244.96, 49, 84, 9707964
0.72, 10.42, 24.33, 253.43, 49, 84, 9719800
0.72, 10.74, 24.30, 261.06, 49, 84, 9731620
0.72, 10.09, 24.65, 248.77, 49, 84, 9743460
0.72, 9.77, 24.57, 239.96, 49, 84, 9755280
0.72, 10.09, 24.30, 245.23, 49, 84, 9767112
0.72, 9.77, 24.81, 242.33, 49, 84, 9778936
0.72, 10.42, 24.60, 256.24, 49, 84, 9790772
0.72, 10.42, 24.46, 254.83, 49, 84, 9802592
0.72, 10.74, 24.49, 263.08, 49, 84, 9814420
0.72, 10.42, 24.90, 259.33, 49, 84, 9826256
0.72, 9.77, 24.71, 241.27, 49, 84, 9838080
0.72, 10.09, 24.54, 247.68, 49, 84, 9849912
0.73, 10.09, 24.54, 247.68, 49, 84, 9861732
0.73, 10.42, 24.17, 251.74, 50, 84, 9873568
0.73, 10.42, 24.49, 255.11, 50, 84, 9885392
0.73, 10.74, 24.33, 261.35, 50, 84, 9897224
0.74, 10.42, 24.76, 257.92, 50, 84, 9909060
0.74, 10.74, 24.90, 267.43, 50, 84, 9920868
0.74, 11.39, 24.49, 279.03, 50, 84, 9932696
0.74, 11.07, 24.60, 272.25, 50, 84, 9944524
0.75, 10.09, 24.54, 247.68, 50, 84, 9956360
0.75, 10.09, 24.68, 249.04, 50, 84, 9968180
0.75, 11.07, 24.11, 266.88, 50, 84, 9980016
0.75, 10.74, 24.44, 262.50, 50, 84, 9991836
0.75, 11.72, 24.22, 283.84, 50, 84, 10003668
0.75, 11.39, 24.38, 277.80, 50, 84, 10015492
0.75, 10.74, 24.65, 264.82, 50, 84, 10027324
0.75, 11.72, 24.33, 285.10, 50, 84, 10039144
0.75, 10.74, 24.73, 265.69, 50, 84, 10050972
0.75, 10.42, 24.60, 256.24, 50, 84, 10062804
0.75, 10.42, 25.00, 260.45, 51, 84, 10074628
0.75, 11.39, 24.25, 276.26, 51, 84, 10086464
0.75, 10.74, 24.41, 262.21, 51, 84, 10098284
0.76, 11.72, 24.11, 282.58, 51, 84, 10110120
0.77, 11.39, 24.30, 276.88, 51, 84, 10121940
0.77, 11.72, 24.54, 287.63, 51, 84, 10133772
0.77, 11.72, 24.65, 288.90, 51, 84, 10145596
0.77, 10.74, 24.52, 263.37, 51, 84, 10157428
0.77, 11.72, 24.44, 286.37, 51, 84, 10169276
0.77, 11.07, 24.60, 272.25, 51, 85, 10181084
0.77, 11.72, 24.25, 284.16, 51, 84, 10192920
0.77, 12.04, 24.25, 292.05, 51, 84, 10204748
0.77, 11.72, 24.46, 286.68, 51, 84, 10216584
0.77, 11.72, 24.49, 287.00, 51, 84, 10228404
0.77, 10.74, 24.63, 264.53, 51, 84, 10240240
0.77, 11.72, 24.65, 288.90, 51, 84, 10252064
0.77, 12.04, 24.01, 289.13, 51, 84, 10263892
0.77, 11.72, 24.22, 283.84, 52, 84, 10275724
0.77, 12.04, 24.65, 296.92, 52, 84, 10287568
0.78, 12.04, 24.73, 297.90, 52, 84, 10299388
0.79, 12.37, 24.41, 301.94, 52, 84, 10311208
0.79, 11.07, 24.73, 273.74, 52, 84, 10323044
0.80, 11.39, 24.65, 280.87, 52, 84, 10334868
0.80, 11.72, 24.30, 284.79, 52, 84, 10346704
0.80, 12.04, 24.11, 290.43, 52, 84, 10358528
0.80, 12.04, 24.71, 297.57, 52, 84, 10370364
0.81, 12.37, 24.60, 304.28, 52, 84, 10382188
0.81, 12.37, 24.60, 304.28, 52, 84, 10394012
0.81, 12.04, 24.63, 296.60, 52, 84, 10405848
0.80, 12.04, 24.81, 298.87, 52, 84, 10417668
0.80, 12.04, 24.36, 293.35, 52, 84, 10429508
0.80, 11.72, 24.41, 286.05, 52, 84, 10441328
0.80, 12.37, 24.33, 300.94, 52, 84, 10453160
0.80, 12.04, 24.41, 294.00, 52, 84, 10464984
0.80, 12.37, 24.06, 297.61, 53, 84, 10476816
0.80, 12.70, 24.30, 308.52, 53, 84, 10488640
0.81, 12.70, 24.41, 309.89, 53, 84, 10500464
0.82, 13.02, 24.52, 319.24, 53, 84, 10512292
0.82, 13.02, 24.46, 318.54, 53, 84, 10524120
0.82, 12.70, 24.73, 314.00, 53, 84, 10535952
0.82, 12.04, 24.49, 294.97, 53, 84, 10547788
0.83, 12.04, 24.68, 297.25, 53, 84, 10559608
0.83, 12.70, 24.68, 313.31, 53, 84, 10571428
0.83, 12.37, 24.54, 303.61, 53, 84, 10583264
0.83, 12.04, 24.49, 294.97, 53, 84, 10595084
0.83, 13.02, 24.14, 314.32, 53, 84, 10606920
0.83, 12.70, 24.30, 308.52, 53, 84, 10618740
0.83, 13.02, 24.17, 314.68, 53, 84, 10630572
0.83, 13.02, 24.22, 315.38, 53, 84, 10642408
0.83, 13.35, 24.36, 325.06, 53, 84, 10654228
0.83, 13.35, 24.44, 326.14, 53, 84, 10666064
0.83, 13.35, 24.41, 325.78, 54, 84, 10677884
0.83, 13.02, 24.54, 319.59, 54, 84, 10689716
0.83, 13.35, 24.63, 328.66, 54, 84, 10701540
0.83, 12.37, 24.60, 304.28, 54, 84, 10713376
0.84, 12.37, 24.68, 305.28, 54, 84, 10725200
0.85, 13.02, 24.33, 316.78, 54, 84, 10737028
0.85, 12.70, 24.44, 310.23, 54, 84, 10748864
0.85, 13.35, 24.01, 320.38, 54, 84, 10760692
0.85, 13.67, 24.11, 329.67, 54, 84, 10772524
0.86, 13.67, 24.06, 328.93, 54, 84, 10784344
0.86, 14.00, 24.36, 340.92, 54, 84, 10796184
0.86, 14.00, 24.19, 338.65, 54, 84, 10808004
0.86, 13.35, 24.57, 327.94, 54, 84, 10819840
0.86, 13.67, 24.68, 337.42, 54, 84, 10831668
0.85, 13.35, 24.65, 329.02, 54, 84, 10843496
0.85, 13.02, 24.68, 321.35, 54, 84, 10855324
0.85, 12.70, 24.63, 312.63, 54, 84, 10867152
0.86, 13.02, 24.25, 315.73, 55, 84, 10878992
0.85, 13.35, 24.33, 324.70, 55, 84, 10890812
0.85, 13.35, 24.01, 320.38, 55, 84, 10902644
0.86, 13.35, 24.36, 325.06, 55, 84, 10914472
0.87, 14.32, 24.09, 344.98, 55, 84, 10926304
0.87, 14.32, 24.03, 344.21, 55, 84, 10938124
0.88, 14.00, 24.41, 341.67, 55, 84, 10949960
0.88, 14.32, 24.14, 345.76, 55, 84, 10961780
0.88, 14.32, 24.03, 344.21, 55, 84, 10973608
0.88, 14.32, 24.68, 353.48, 55, 84, 10985440
0.88, 14.32, 24.63, 352.71, 55, 84, 10997268
0.88, 14.00, 24.36, 340.92, 55, 84, 11009116
0.88, 14.32, 24.60, 352.32, 55, 84, 11020924
0.89, 13.67, 24.76, 338.52, 55, 84, 11032756
0.88, 14.32, 24.81, 355.41, 55, 84, 11044580
0.88, 13.67, 24.71, 337.78, 55, 84, 11056416
0.88, 13.67, 24.52, 335.20, 55, 84, 11068244
0.88, 13.67, 24.36, 332.99, 56, 84, 11080072
0.88, 14.32, 23.92, 342.67, 56, 84, 11091908
0.88, 14.65, 24.09, 352.82, 56, 84, 11103732
0.88, 14.97, 24.03, 359.86, 56, 84, 11115564
0.89, 14.65, 24.01, 351.64, 56, 84, 11127388
0.90, 14.97, 24.27, 363.49, 56, 84, 11139224
0.90, 14.65, 24.30, 355.99, 56, 84, 11151044
0.90, 14.97, 24.30, 363.90, 56, 84, 11162880
0.90, 15.30, 24.36, 372.63, 56, 84, 11174708
0.91, 14.97, 24.49, 366.72, 56, 84, 11186536
0.90, 14.97, 24.01, 359.45, 56, 85, 11198360
0.91, 15.30, 24.33, 372.22, 56, 84, 11210188
0.90, 14.65, 24.71, 361.91, 56, 84, 11222024
0.90, 14.97, 24.41, 365.51, 56, 84, 11233848
0.91, 15.30, 24.65, 377.17, 56, 84, 11245680
0.91, 15.63, 24.57, 383.93, 56, 84, 11257504
0.91, 15.30, 24.14, 369.33, 56, 84, 11269356
0.91, 14.32, 24.68, 353.48, 57, 84, 11281164
0.92, 14.97, 24.01, 359.45, 57, 84, 11293000
0.91, 13.67, 24.27, 331.88, 57, 84, 11304820
0.91, 14.65, 24.19, 354.40, 57, 84, 11316652
0.92, 14.97, 23.98, 359.05, 57, 84, 11328484
0.92, 14.65, 24.17, 354.01, 57, 84, 11340304
0.92, 15.63, 24.33, 380.14, 57, 84, 11352140
0.93, 14.97, 24.19, 362.28, 57, 84, 11363960
0.93, 15.30, 23.98, 366.85, 57, 84, 11375796
0.93, 15.63, 24.44, 381.82, 57, 84, 11387636
0.93, 15.95, 23.84, 380.31, 57, 84, 11399456
0.93, 15.63, 23.87, 372.97, 57, 84, 11411280
0.93, 15.30, 24.68, 377.58, 57, 84, 11423104
0.93, 15.95, 24.33, 388.06, 57, 84, 11434940
0.93, 16.28, 24.09, 392.03, 57, 84, 11446760
0.93, 15.95, 24.11, 384.62, 57, 84, 11458596
0.93, 16.28, 24.19, 393.78, 57, 84, 11470420
0.93, 15.95, 24.54, 391.50, 58, 84, 11482252
0.93, 15.30, 23.98, 366.85, 58, 84, 11494072
0.93, 16.28, 24.19, 393.78, 58, 84, 11505908
0.93, 15.95, 23.84, 380.31, 58, 84, 11517728
0.94, 15.63, 24.33, 380.14, 58, 84, 11529572
0.95, 16.28, 24.06, 391.59, 58, 84, 11541388
0.96, 16.60, 24.03, 398.97, 58, 84, 11553216
0.96, 16.60, 24.17, 401.21, 58, 84, 11565052
0.96, 16.93, 24.17, 409.08, 58, 84, 11576876
0.96, 16.60, 24.68, 409.72, 58, 84, 11588712
0.96, 16.28, 24.09, 392.03, 58, 84, 11600536
0.96, 16.93, 24.30, 411.36, 58, 84, 11612368
0.96, 16.60, 23.92, 397.18, 58, 84, 11624192
0.96, 16.28, 24.49, 398.61, 58, 84, 11636028
0.96, 15.63, 24.63, 384.77, 58, 84, 11647864
0.96, 16.60, 23.92, 397.18, 58, 85, 11659676
0.96, 16.60, 24.17, 401.21, 58, 84, 11671512
0.96, 16.93, 24.11, 408.16, 59, 84, 11683332
0.96, 16.93, 24.03, 406.80, 59, 84, 11695164
0.96, 15.63, 24.38, 380.98, 59, 84, 11706988
0.96, 16.93, 23.60, 399.49, 59, 84, 11718820
0.97, 17.25, 24.06, 415.08, 59, 84, 11730644
0.98, 17.58, 23.79, 418.17, 59, 84, 11742480
0.98, 16.60, 23.76, 394.49, 59, 84, 11754300
0.98, 17.25, 23.98, 413.69, 59, 84, 11766132
0.99, 15.95, 24.22, 386.34, 59, 84, 11777960
0.99, 16.60, 24.19, 401.66, 59, 84, 11789788
0.99, 16.60, 24.14, 400.76, 59, 84, 11801624
0.99, 15.95, 24.22, 386.34, 59, 84, 11813444
0.99, 16.60, 24.60, 408.38, 59, 84, 11825276
0.98, 16.60, 24.63, 408.82, 59, 84, 11837096
0.98, 16.28, 24.44, 397.73, 59, 84, 11848932
0.98, 17.25, 24.90, 429.51, 59, 85, 11860752
0.98, 16.93, 24.57, 415.93, 59, 84, 11872588
0.99, 18.23, 24.27, 442.51, 60, 84, 11884408
0.99, 17.58, 24.68, 433.82, 60, 84, 11896236
0.99, 15.63, 24.17, 377.61, 60, 84, 11908084
0.99, 17.25, 23.98, 413.69, 60, 84, 11919896
1.00, 17.58, 24.09, 423.39, 60, 84, 11931728
1.01, 17.58, 23.98, 421.49, 60, 84, 11943552
1.01, 18.55, 23.76, 440.91, 60, 84, 11955384
1.01, 17.90, 24.06, 430.75, 60, 84, 11967208
1.01, 18.23, 23.74, 432.68, 60, 84, 11979040
1.01, 16.93, 24.22, 409.99, 60, 84, 11990860
1.01, 17.58, 24.49, 430.50, 60, 84, 12002688
1.01, 17.58, 24.09, 423.39, 60, 84, 12014524
1.01, 16.93, 24.33, 411.82, 60, 84, 12026348
1.01, 16.93, 24.54, 415.47, 60, 84, 12038184
1.01, 17.25, 24.84, 428.58, 60, 84, 12050008
1.01, 16.93, 24.71, 418.21, 60, 84, 12061844
1.01, 17.58, 24.76, 435.24, 60, 84, 12073668
1.01, 17.90, 24.57, 439.92, 61, 84, 12085504
1.01, 18.23, 24.49, 446.45, 61, 84, 12097328
1.01, 17.25, 24.44, 421.60, 61, 84, 12109156
1.02, 18.23, 23.76, 433.17, 61, 84, 12120984
1.03, 18.88, 24.17, 456.28, 61, 84, 12132812
1.03, 18.88, 24.27, 458.32, 61, 84, 12144648
1.04, 18.88, 23.76, 448.64, 61, 84, 12156476
1.04, 18.23, 23.57, 429.73, 61, 84, 12168308
1.04, 18.88, 24.09, 454.75, 61, 84, 12180132
1.04, 17.58, 24.49, 430.50, 61, 84, 12191968
1.04, 17.58, 24.36, 428.13, 61, 84, 12203792
1.04, 18.55, 23.87, 442.91, 61, 84, 12215628
1.04, 18.55, 24.22, 449.41, 61, 84, 12227448
1.04, 18.23, 24.22, 441.53, 61, 84, 12239276
1.04, 19.53, 24.06, 469.91, 61, 84, 12251112
1.04, 19.53, 24.17, 472.01, 61, 84, 12262932
1.04, 18.55, 23.92, 443.91, 61, 84, 12274768
1.04, 17.90, 24.09, 431.23, 62, 84, 12286588
1.04, 18.23, 24.27, 442.51, 62, 84, 12298420
1.05, 18.88, 24.46, 461.88, 62, 84, 12310244
1.05, 18.88, 24.57, 463.92, 62, 84, 12322076
1.06, 19.21, 24.87, 477.61, 62, 84, 12333900
1.07, 19.53, 24.01, 468.85, 62, 84, 12345728
1.07, 19.21, 23.98, 460.52, 62, 84, 12357560
1.07, 19.86, 24.38, 484.16, 62, 84, 12369400
1.07, 19.21, 23.74, 455.86, 62, 84, 12381224
1.07, 18.23, 24.09, 439.07, 62, 84, 12393044
1.07, 20.18, 23.92, 482.85, 62, 84, 12404880
1.07, 18.88, 24.44, 461.37, 62, 84, 12416704
1.07, 18.55, 24.25, 449.91, 62, 84, 12428540
1.07, 18.88, 24.27, 458.32, 62, 84, 12440360
1.07, 18.23, 24.41, 444.97, 62, 84, 12452192
1.07, 19.86, 24.38, 484.16, 62, 84, 12464024
1.07, 19.86, 24.25, 481.49, 62, 84, 12475848
1.08, 19.21, 24.84, 477.10, 63, 84, 12487688
1.08, 19.21, 24.03, 461.56, 63, 84, 12499512
1.08, 20.51, 23.55, 482.89, 63, 84, 12511344
1.09, 18.88, 24.52, 462.90, 63, 84, 12523168
1.09, 19.53, 24.41, 476.75, 63, 84, 12535008
1.10, 19.21, 24.76, 475.54, 63, 84, 12546828
1.10, 19.21, 23.76, 456.38, 63, 84, 12558664
1.10, 19.86, 24.60, 488.45, 63, 84, 12570488
1.10, 20.51, 24.46, 501.70, 63, 84, 12582316
1.10, 20.51, 23.74, 486.76, 63, 84, 12594152
1.10, 19.86, 23.76, 471.85, 63, 84, 12605976
1.10, 19.86, 23.84, 473.45, 63, 84, 12617808
1.10, 20.83, 23.92, 498.42, 63, 84, 12629648
1.11, 19.21, 24.06, 462.07, 63, 84, 12641468
1.10, 20.51, 24.68, 506.12, 63, 84, 12653288
1.10, 20.51, 24.44, 501.15, 63, 84, 12665120
1.10, 19.86, 23.92, 475.06, 63, 84, 12676940
1.10, 20.83, 23.65, 492.80, 64, 84, 12688768
1.10, 19.86, 24.14, 479.34, 64, 84, 12700604
1.11, 21.16, 24.57, 519.91, 64, 84, 12712424
1.11, 20.51, 24.92, 511.10, 64, 84, 12724260
1.12, 20.18, 24.09, 486.11, 64, 84, 12736080
1.12, 20.18, 25.08, 506.26, 64, 84, 12747928
1.13, 19.53, 24.33, 475.17, 64, 84, 12759732
1.13, 21.16, 24.52, 518.77, 64, 84, 12771564
1.13, 20.83, 24.06, 501.23, 64, 84, 12783388
1.13, 21.16, 24.27, 513.63, 64, 84, 12795216
1.13, 21.16, 23.90, 505.64, 64, 84, 12807048
1.13, 20.83, 23.92, 498.42, 64, 84, 12818876
1.13, 19.53, 24.33, 475.17, 64, 84, 12830712
1.13, 21.16, 24.38, 515.91, 64, 84, 12842536
1.13, 20.51, 24.14, 495.06, 64, 84, 12854368
1.13, 21.48, 24.06, 516.90, 64, 84, 12866192
1.13, 21.48, 23.68, 508.78, 64, 84, 12878024
1.13, 21.16, 24.01, 507.92, 65, 84, 12889864
1.13, 21.48, 23.82, 511.68, 65, 84, 12901684
1.14, 21.81, 24.87, 542.38, 65, 84, 12913500
1.15, 22.46, 24.06, 540.39, 65, 84, 12925328
1.15, 22.14, 23.74, 525.40, 65, 84, 12937164
1.16, 20.83, 24.27, 505.73, 65, 84, 12948984
1.16, 20.83, 24.17, 503.48, 65, 84, 12960820
1.16, 21.48, 24.14, 518.63, 65, 84, 12972640
1.16, 22.14, 23.82, 527.19, 65, 84, 12984472
1.16, 21.16, 24.22, 512.49, 65, 84, 12996296
1.16, 22.46, 23.84, 535.55, 65, 84, 13008144
1.16, 22.79, 24.19, 551.30, 65, 84, 13019952
1.16, 21.81, 24.09, 525.32, 65, 84, 13031784
1.16, 22.14, 23.44, 518.83, 65, 84, 13043608
1.16, 21.16, 24.22, 512.49, 65, 84, 13055440
1.16, 22.46, 24.06, 540.39, 65, 84, 13067272
1.16, 21.81, 24.11, 525.90, 65, 85, 13079096
1.16, 23.11, 24.17, 558.55, 66, 84, 13090932
1.16, 21.48, 24.25, 520.95, 66, 84, 13102752
1.16, 21.16, 24.06, 509.06, 66, 84, 13114584
1.17, 22.46, 24.81, 557.35, 66, 84, 13126408
1.18, 22.14, 24.79, 548.68, 66, 84, 13138240
1.18, 22.46, 24.36, 547.06, 66, 84, 13150060
1.19, 22.14, 24.65, 545.69, 66, 84, 13161884
1.19, 21.81, 24.95, 544.14, 66, 84, 13173720
1.19, 23.11, 23.87, 551.69, 66, 84, 13185540
1.18, 22.46, 23.76, 533.73, 66, 84, 13197380
1.19, 21.48, 24.06, 516.90, 66, 84, 13209196
1.19, 22.46, 24.38, 547.66, 66, 84, 13221028
1.19, 22.79, 23.60, 537.78, 66, 84, 13232852
1.18, 23.11, 23.65, 546.70, 66, 84, 13244692
1.19, 22.46, 23.95, 537.97, 66, 84, 13256512
1.19, 22.14, 24.41, 540.32, 66, 84, 13268344
1.19, 22.79, 24.54, 559.29, 66, 84, 13280172
1.19, 22.79, 24.01, 546.99, 67, 84, 13291996
1.19, 22.79, 24.19, 551.30, 67, 84, 13303828
1.19, 22.14, 24.25, 536.74, 67, 84, 13315648
1.20, 23.11, 24.19, 559.17, 67, 84, 13327484
1.21, 22.46, 24.46, 549.48, 67, 84, 13339304
1.21, 22.79, 24.63, 561.13, 67, 84, 13351136
1.21, 22.79, 24.79, 564.82, 67, 84, 13362960
1.21, 22.79, 24.25, 552.53, 67, 84, 13374792
1.21, 22.79, 23.82, 542.69, 67, 84, 13386620
1.21, 23.44, 24.98, 585.38, 67, 84, 13398448
1.21, 23.44, 24.60, 576.53, 67, 84, 13410284
1.22, 23.76, 23.90, 567.87, 67, 84, 13422104
1.22, 22.46, 23.82, 534.94, 67, 84, 13433940
1.22, 23.76, 24.49, 581.97, 67, 84, 13445760
1.22, 23.76, 24.54, 583.26, 67, 84, 13457596
1.21, 23.44, 24.17, 566.42, 67, 84, 13469420
1.21, 22.14, 24.11, 533.75, 67, 84, 13481256
1.21, 23.44, 24.17, 566.42, 68, 84, 13493076
1.21, 23.76, 24.22, 575.56, 68, 84, 13504904
1.22, 24.09, 23.87, 575.00, 68, 84, 13516736
1.22, 23.44, 24.54, 575.27, 68, 84, 13528564
1.23, 23.76, 24.76, 588.38, 68, 84, 13540396
1.24, 24.09, 23.84, 574.35, 68, 84, 13552220
1.24, 23.11, 24.22, 559.80, 68, 84, 13564052
1.24, 24.09, 24.68, 594.49, 68, 84, 13575876
1.24, 23.44, 24.38, 571.47, 68, 84, 13587716
1.24, 23.11, 23.95, 553.56, 68, 85, 13599536
1.24, 23.11, 23.98, 554.19, 68, 84, 13611364
1.24, 23.44, 24.79, 580.96, 68, 84, 13623196
1.24, 24.09, 23.52, 566.56, 68, 84, 13635024
1.24, 24.09, 24.17, 582.15, 68, 84, 13646860
1.24, 23.76, 24.14, 573.64, 68, 84, 13658680
1.24, 24.41, 24.17, 590.02, 68, 84, 13670516
1.24, 24.09, 23.95, 576.95, 68, 84, 13682340
1.24, 23.11, 23.79, 549.82, 69, 84, 13694172
1.24, 24.74, 23.92, 591.88, 69, 84, 13705996
1.25, 25.39, 23.84, 605.40, 69, 84, 13717832
1.26, 24.41, 24.60, 600.55, 69, 84, 13729648
1.26, 25.39, 23.71, 601.97, 69, 84, 13741480
1.26, 24.41, 23.82, 581.46, 69, 84, 13753312
1.26, 24.09, 24.33, 586.05, 69, 84, 13765132
1.27, 24.74, 24.06, 595.21, 69, 84, 13776964
1.27, 23.76, 24.49, 581.97, 69, 84, 13788784
1.27, 24.09, 24.27, 584.75, 69, 84, 13800620
1.27, 24.74, 23.90, 591.21, 69, 84, 13812440
1.27, 25.39, 23.92, 607.45, 69, 84, 13824276
1.27, 24.74, 24.60, 608.56, 69, 84, 13836096
1.27, 25.72, 23.95, 615.93, 69, 84, 13847924
1.27, 25.07, 24.38, 611.16, 69, 84, 13859752
1.27, 25.39, 24.63, 625.26, 69, 84, 13871580
1.27, 25.39, 24.11, 612.25, 69, 84, 13883420
1.27, 24.09, 24.25, 584.10, 70, 84, 13895240
1.27, 24.74, 24.57, 607.89, 70, 84, 13907076
1.27, 25.72, 24.09, 619.40, 70, 84, 13918896
1.28, 24.74, 23.74, 587.21, 70, 84, 13930732
1.29, 25.72, 24.27, 624.26, 70, 84, 13942556
1.29, 26.69, 23.74, 633.57, 70, 84, 13954380
1.29, 25.72, 24.38, 627.03, 70, 84, 13966208
1.29, 26.04, 23.63, 615.30, 70, 84, 13978036
1.29, 26.37, 23.84, 628.68, 70, 84, 13989884
1.29, 26.04, 23.57, 613.90, 70, 85, 14001688
1.29, 26.37, 23.60, 622.28, 70, 84, 14013524
1.29, 25.72, 24.33, 625.65, 70, 84, 14025348
1.29, 26.37, 24.25, 639.35, 70, 84, 14037180
1.29, 25.07, 24.14, 605.07, 70, 84, 14049004
1.29, 25.72, 24.27, 624.26, 70, 84, 14060836
1.29, 25.39, 23.87, 606.08, 70, 84, 14072660
1.29, 25.07, 23.92, 599.67, 70, 84, 14084492
1.29, 26.69, 23.79, 635.01, 71, 84, 14096324
1.29, 26.37, 23.49, 619.44, 71, 84, 14108164
1.30, 26.69, 24.57, 655.88, 71, 84, 14119984
1.31, 26.04, 24.03, 625.84, 71, 84, 14131800
1.31, 26.04, 24.57, 639.89, 71, 84, 14143636
1.31, 27.02, 24.03, 649.31, 71, 84, 14155456
1.31, 25.72, 24.38, 627.03, 71, 84, 14167288
1.31, 27.02, 23.68, 639.83, 71, 84, 14179112
1.32, 25.72, 24.01, 617.32, 71, 84, 14190944
1.32, 27.99, 23.76, 665.23, 71, 84, 14202772
1.32, 26.04, 23.76, 618.81, 71, 84, 14214600
1.31, 26.37, 24.41, 643.62, 71, 84, 14226436
1.31, 25.72, 24.06, 618.71, 71, 84, 14238256
1.31, 26.69, 24.09, 642.92, 71, 84, 14250108
1.31, 26.69, 23.36, 623.49, 71, 84, 14261916
1.31, 26.37, 24.25, 639.35, 71, 84, 14273752
1.31, 27.34, 23.14, 632.79, 71, 84, 14285576
1.31, 26.37, 23.68, 624.42, 72, 84, 14297408
1.31, 25.39, 23.90, 606.77, 72, 84, 14309232
1.32, 26.37, 24.01, 632.95, 72, 84, 14321060
1.33, 26.69, 23.95, 639.32, 72, 84, 14332896
1.33, 26.69, 23.76, 634.29, 72, 84, 14344716
1.34, 26.37, 23.92, 630.82, 72, 84, 14356556
1.34, 27.02, 23.84, 644.21, 72, 84, 14368392
1.34, 26.37, 24.30, 640.77, 72, 84, 14380208
1.34, 27.67, 23.60, 653.01, 72, 84, 14392028
1.34, 26.37, 24.22, 638.64, 72, 84, 14403860
1.33, 27.34, 23.71, 648.28, 72, 84, 14415688
1.34, 27.67, 23.71, 656.00, 72, 84, 14427512
1.34, 27.34, 24.14, 660.08, 72, 84, 14439336
1.34, 27.02, 24.68, 666.80, 72, 84, 14451164
1.34, 27.34, 24.03, 657.13, 72, 84, 14463000
1.35, 27.67, 24.57, 679.88, 72, 84, 14474820
1.34, 27.34, 23.95, 654.92, 72, 84, 14486652
1.34, 28.97, 24.19, 700.93, 73, 84, 14498472
1.34, 28.65, 23.63, 676.83, 73, 84, 14510308
1.34, 27.02, 24.30, 656.60, 73, 84, 14522128
1.35, 27.67, 23.63, 653.76, 73, 84, 14533960
1.35, 28.65, 23.44, 671.42, 73, 84, 14545780
1.36, 27.34, 23.79, 650.49, 73, 84, 14557608
1.36, 27.34, 24.27, 663.77, 73, 84, 14569440
1.36, 27.02, 23.65, 639.11, 73, 84, 14581264
1.36, 28.65, 23.87, 683.79, 73, 84, 14593100
1.36, 27.67, 23.98, 663.46, 73, 84, 14604920
1.37, 27.99, 23.90, 669.00, 73, 84, 14616756
1.37, 27.67, 24.09, 666.45, 73, 84, 14628580
1.37, 28.32, 23.65, 669.91, 73, 84, 14640412
1.36, 27.34, 24.17, 660.82, 73, 84, 14652236
1.36, 28.65, 24.06, 689.20, 73, 84, 14664060
1.36, 28.32, 24.27, 687.47, 73, 84, 14675892
1.37, 27.67, 23.84, 659.73, 73, 84, 14687716
1.36, 28.32, 24.22, 685.95, 74, 84, 14699552
1.36, 27.67, 24.03, 664.95, 74, 84, 14711376
1.36, 28.65, 24.03, 688.42, 74, 84, 14723208
1.36, 27.34, 24.33, 665.24, 74, 84, 14735028
1.38, 28.97, 24.25, 702.50, 74, 84, 14746856
1.38, 27.99, 24.36, 681.84, 74, 84, 14758680
1.38, 29.62, 24.03, 711.89, 74, 84, 14770508
1.39, 28.97, 24.14, 699.37, 74, 84, 14782336
1.39, 28.32, 23.84, 675.25, 74, 84, 14794164
1.39, 28.97, 24.27, 703.28, 74, 84, 14805996
1.39, 27.34, 24.14, 660.08, 74, 84, 14817820
1.39, 29.30, 23.98, 702.49, 74, 84, 14829652
1.38, 28.65, 24.19, 693.06, 74, 84, 14841472
1.38, 28.97, 24.19, 700.93, 74, 84, 14853304
1.38, 29.30, 24.14, 707.23, 74, 84, 14865128
1.38, 27.99, 23.98, 671.27, 74, 84, 14876956
1.39, 29.95, 23.87, 714.87, 74, 84, 14888776
1.38, 28.32, 24.30, 688.24, 75, 84, 14900604
1.38, 30.27, 23.79, 720.19, 75, 84, 14912436
1.38, 29.62, 24.09, 713.49, 75, 84, 14924256
1.38, 28.65, 23.98, 686.88, 75, 84, 14936092
1.39, 29.62, 23.84, 706.30, 75, 84, 14947912
1.40, 29.30, 24.44, 715.92, 75, 84, 14959744
1.40, 28.32, 24.09, 682.13, 75, 84, 14971568
1.41, 29.62, 23.74, 703.10, 75, 84, 14983396
1.40, 29.62, 23.95, 709.49, 75, 84, 14995220
1.41, 30.92, 23.82, 736.51, 75, 84, 15007052
1.40, 30.60, 23.60, 722.16, 75, 84, 15018872
1.40, 29.30, 24.65, 722.24, 75, 84, 15030700
1.40, 30.27, 23.76, 719.37, 75, 84, 15042536
1.40, 30.92, 24.09, 744.85, 75, 84, 15054356
1.40, 28.97, 24.01, 695.46, 75, 84, 15066192
1.40, 31.25, 23.49, 734.15, 75, 84, 15078016
1.40, 29.30, 23.63, 692.22, 75, 84, 15089852
1.40, 29.30, 24.17, 708.02, 76, 84, 15101672
1.40, 29.95, 24.81, 743.14, 76, 84, 15113504
1.40, 28.97, 24.11, 698.59, 76, 84, 15125332
1.41, 30.60, 24.19, 740.31, 76, 84, 15137160
1.42, 30.60, 24.38, 746.09, 76, 84, 15148992
1.42, 29.62, 24.01, 711.09, 76, 84, 15160816
1.42, 30.92, 23.28, 719.83, 76, 84, 15172644
1.42, 30.60, 24.11, 737.84, 76, 84, 15184468
1.42, 28.97, 23.82, 689.99, 76, 84, 15196300
1.42, 28.97, 24.52, 710.31, 76, 84, 15208120
1.42, 30.60, 23.87, 730.41, 76, 84, 15219956
1.42, 30.60, 24.25, 741.96, 76, 84, 15231776
1.42, 30.27, 24.01, 726.72, 76, 84, 15243604
1.42, 30.92, 23.68, 732.34, 76, 84, 15255432
1.42, 30.92, 23.84, 737.34, 76, 84, 15267256
1.42, 29.62, 24.01, 711.09, 76, 84, 15279088
1.42, 30.27, 23.92, 724.27, 76, 84, 15290908
1.42, 31.58, 23.98, 757.13, 77, 84, 15302740
1.42, 30.27, 24.49, 741.42, 77, 84, 15314564
1.42, 29.95, 23.47, 702.75, 77, 84, 15326400
1.42, 31.25, 23.79, 743.42, 77, 84, 15338220
1.43, 30.92, 23.76, 734.84, 77, 84, 15350072
1.43, 30.92, 24.11, 745.69, 77, 85, 15361880
1.44, 31.25, 23.98, 749.32, 77, 84, 15373708
1.44, 31.25, 24.27, 758.59, 77, 84, 15385544
1.43, 31.25, 24.41, 762.81, 77, 84, 15397364
1.43, 29.62, 23.95, 709.49, 77, 84, 15409200
1.43, 31.90, 23.52, 750.30, 77, 84, 15421024
1.44, 31.58, 24.22, 764.79, 77, 84, 15432856
1.44, 30.92, 24.36, 753.19, 77, 84, 15444680
1.44, 32.23, 23.79, 766.65, 77, 84, 15456512
1.44, 30.92, 24.22, 749.02, 77, 84, 15468348
1.44, 30.27, 24.11, 729.99, 77, 84, 15480160
1.44, 31.90, 23.98, 764.93, 77, 84, 15491988
1.44, 30.60, 24.25, 741.96, 78, 84, 15503816
1.44, 31.90, 23.63, 753.75, 78, 84, 15515648
1.44, 32.23, 24.09, 776.21, 78, 84, 15527468
1.45, 31.25, 23.82, 744.26, 78, 84, 15539300
1.45, 31.25, 23.92, 747.64, 78, 84, 15551120
1.46, 32.88, 23.57, 775.05, 78, 84, 15562960
1.46, 32.23, 23.84, 768.39, 78, 84, 15574780
1.46, 31.25, 23.76, 742.58, 78, 84, 15586612
1.46, 31.58, 24.22, 764.79, 78, 84, 15598432
1.46, 33.20, 23.14, 768.39, 78, 84, 15610276
1.46, 31.90, 23.06, 735.68, 78, 84, 15622096
1.46, 32.55, 23.74, 772.64, 78, 84, 15633912
1.46, 32.55, 24.36, 792.83, 78, 84, 15645748
1.46, 31.90, 24.30, 775.26, 78, 84, 15657568
1.46, 30.92, 23.98, 741.52, 78, 84, 15669400
1.46, 32.23, 23.65, 762.31, 78, 84, 15681220
1.47, 33.20, 23.17, 769.29, 78, 84, 15693056
1.46, 32.55, 24.09, 784.05, 79, 84, 15704876
1.46, 31.58, 24.38, 769.90, 79, 84, 15716700
1.46, 32.88, 23.82, 783.03, 79, 84, 15728544
1.46, 31.90, 23.84, 760.63, 79, 84, 15740356
1.48, 32.88, 23.71, 779.48, 79, 84, 15752188
1.48, 33.53, 23.60, 791.30, 79, 84, 15764012
1.48, 32.23, 24.19, 779.69, 79, 84, 15775848
1.48, 33.20, 23.55, 781.82, 79, 84, 15787668
1.48, 31.25, 24.27, 758.59, 79, 84, 15799504
1.48, 31.90, 23.76, 758.05, 79, 84, 15811324
1.48, 34.18, 23.74, 811.27, 79, 84, 15823160
1.48, 33.20, 23.71, 787.20, 79, 84, 15834980
1.48, 33.53, 23.52, 788.59, 79, 84, 15846808
1.48, 33.20, 24.30, 806.90, 79, 84, 15858640
1.48, 32.55, 23.65, 770.01, 79, 84, 15870476
1.48, 32.88, 23.87, 784.80, 79, 84, 15882296
1.48, 31.90, 24.14, 770.09, 79, 84, 15894116
1.48, 32.55, 23.74, 772.64, 80, 84, 15905948
1.48, 32.23, 22.90, 737.97, 80, 84, 15917768
1.48, 33.53, 23.38, 784.06, 80, 84, 15929604
1.49, 34.83, 23.09, 804.18, 80, 84, 15941424
1.50, 34.18, 24.25, 828.79, 80, 84, 15953252
1.50, 33.85, 23.76, 804.46, 80, 84, 15965076
1.50, 34.51, 24.79, 855.30, 80, 84, 15976900
1.50, 34.18, 23.82, 814.04, 80, 84, 15988756
1.50, 32.23, 23.65, 762.31, 80, 85, 16000560
1.50, 34.51, 23.41, 807.83, 80, 84, 16012396
1.50, 34.18, 23.14, 790.99, 80, 84, 16024216
1.50, 33.85, 23.98, 811.76, 80, 84, 16036056
1.49, 34.83, 24.14, 840.82, 80, 84, 16047876
1.50, 33.20, 24.38, 809.59, 80, 84, 16059708
1.50, 32.88, 24.17, 794.56, 80, 84, 16071532
1.49, 33.85, 24.22, 819.98, 80, 84, 16083356
1.49, 33.85, 23.68, 801.72, 80, 84, 16095188
1.49, 33.20, 24.17, 802.42, 81, 84, 16107012
1.49, 32.55, 23.52, 765.62, 81, 84, 16118844
1.49, 34.83, 23.41, 815.45, 81, 84, 16130668
1.50, 33.20, 23.55, 781.82, 81, 84, 16142496
1.51, 33.53, 23.49, 787.68, 81, 84, 16154320
1.52, 34.51, 23.68, 817.14, 81, 84, 16166152
1.52, 34.51, 23.65, 816.21, 81, 84, 16177972
1.51, 34.83, 23.22, 808.88, 81, 84, 16189800
1.51, 34.83, 23.36, 813.57, 81, 84, 16201628
1.51, 34.83, 23.36, 813.57, 81, 84, 16213452
1.51, 35.48, 23.82, 845.05, 81, 84, 16225284
1.51, 35.48, 23.01, 816.34, 81, 84, 16237108
1.51, 35.48, 23.98, 850.79, 81, 84, 16248940
1.51, 35.48, 23.71, 841.22, 81, 84, 16260760
1.51, 34.51, 23.71, 818.07, 81, 84, 16272600
1.51, 34.51, 23.60, 814.35, 81, 84, 16284420
1.51, 33.85, 24.17, 818.16, 81, 84, 16296252
1.51, 34.18, 24.38, 833.40, 82, 84, 16308080
1.51, 35.48, 24.63, 873.76, 82, 84, 16319904
1.52, 35.48, 24.14, 856.53, 82, 84, 16331740
1.52, 34.18, 23.98, 819.57, 82, 84, 16343560
1.53, 34.51, 24.17, 833.89, 82, 84, 16355400
1.53, 34.83, 24.19, 842.70, 82, 84, 16367220
1.53, 35.48, 23.92, 848.88, 82, 84, 16379052
1.53, 35.16, 24.17, 849.62, 82, 84, 16390872
1.53, 35.81, 24.30, 870.19, 82, 84, 16402708
1.53, 35.81, 24.01, 859.56, 82, 84, 16414528
1.53, 35.48, 23.98, 850.79, 82, 84, 16426356
1.53, 35.48, 24.60, 872.80, 82, 84, 16438188
1.53, 35.16, 23.92, 841.09, 82, 84, 16450016
1.54, 34.83, 24.14, 840.82, 82, 84, 16461852
1.54, 35.48, 23.95, 849.83, 82, 84, 16473676
1.53, 34.51, 23.68, 817.14, 82, 84, 16485508
1.53, 36.78, 23.95, 881.02, 82, 84, 16497332
1.53, 36.13, 23.68, 855.68, 83, 84, 16509168
1.53, 35.48, 23.25, 824.95, 83, 84, 16520988
1.53, 36.78, 23.38, 860.19, 83, 84, 16532820
1.54, 35.81, 23.36, 836.38, 83, 84, 16544648
1.55, 35.48, 23.68, 840.26, 83, 84, 16556476
1.56, 35.81, 24.30, 870.19, 83, 84, 16568312
1.56, 34.18, 23.44, 801.13, 83, 85, 16580136
1.56, 36.46, 23.84, 869.29, 83, 84, 16591972
1.57, 35.16, 24.27, 853.42, 83, 84, 16603792
1.57, 35.81, 23.84, 853.77, 83, 84, 16615628
1.57, 35.81, 23.44, 839.28, 83, 84, 16627448
1.56, 36.46, 23.76, 866.34, 83, 84, 16639288
1.56, 35.48, 23.57, 836.44, 83, 84, 16651108
1.56, 37.11, 24.41, 905.83, 83, 84, 16662936
1.56, 35.48, 24.03, 852.71, 83, 84, 16674772
1.56, 36.46, 24.17, 881.09, 83, 84, 16686596
1.55, 35.48, 23.52, 834.52, 83, 84, 16698432
1.56, 37.43, 23.06, 863.29, 84, 84, 16710252
1.56, 35.81, 23.22, 831.55, 84, 84, 16722088
1.56, 36.13, 23.41, 845.94, 84, 84, 16733908
1.57, 36.13, 23.84, 861.53, 84, 84, 16745744
1.57, 37.11, 23.63, 876.81, 84, 84, 16757568
1.58, 37.11, 23.47, 870.80, 84, 84, 16769396
1.58, 37.76, 23.22, 876.91, 84, 84, 16781224
1.58, 36.46, 23.63, 861.42, 84, 84, 16793052
1.58, 38.74, 23.92, 926.76, 84, 84, 16804884
1.58, 36.78, 23.52, 865.15, 84, 84, 16816704
1.58, 36.78, 23.55, 866.14, 84, 84, 16828552
1.58, 38.09, 24.49, 932.75, 84, 84, 16840356
1.57, 37.43, 23.49, 879.45, 84, 84, 16852192
1.58, 37.43, 23.25, 870.36, 84, 84, 16864012
1.58, 37.76, 23.47, 886.08, 84, 84, 16875844
1.58, 35.48, 24.14, 856.53, 84, 84, 16887668
1.58, 37.76, 24.38, 920.71, 84, 84, 16899492
1.57, 36.46, 24.33, 886.99, 85, 84, 16911328
1.58, 36.78, 22.98, 845.30, 85, 84, 16923152
1.58, 38.74, 23.47, 908.99, 85, 84, 16934988
1.59, 37.11, 23.82, 883.81, 85, 84, 16946812
1.59, 37.43, 23.90, 894.59, 85, 84, 16958644
1.60, 36.78, 23.55, 866.14, 85, 84, 16970484
1.60, 38.41, 24.63, 945.91, 85, 84, 16982304
1.60, 38.74, 23.22, 899.59, 85, 84, 16994128
1.60, 37.43, 23.25, 870.36, 85, 84, 17005956
1.60, 37.43, 23.60, 883.49, 85, 84, 17017788
1.60, 36.78, 24.17, 888.96, 85, 84, 17029612
1.59, 37.76, 24.63, 929.87, 85, 84, 17041440
1.60, 37.76, 23.22, 876.91, 85, 84, 17053264
1.60, 38.09, 23.76, 905.02, 85, 84, 17065096
1.60, 37.76, 24.17, 912.56, 85, 84, 17076920
1.60, 36.46, 23.52, 857.49, 85, 84, 17088768
1.59, 37.76, 23.57, 890.15, 85, 84, 17100576
1.60, 38.09, 23.33, 888.58, 86, 84, 17112404
1.59, 38.74, 24.41, 945.56, 86, 84, 17124232
1.60, 38.09, 24.03, 915.29, 86, 84, 17136060
1.60, 37.76, 23.76, 897.28, 86, 84, 17147892
1.61, 38.09, 23.41, 891.66, 86, 85, 17159712
1.61, 37.76, 23.49, 887.10, 86, 84, 17171548
1.62, 39.71, 23.82, 945.83, 86, 84, 17183372
1.62, 39.71, 23.36, 927.63, 86, 84, 17195208
1.62, 38.74, 23.63, 915.26, 86, 84, 17207032
1.62, 38.74, 23.12, 895.41, 86, 84, 17218868
1.62, 37.43, 23.82, 891.57, 86, 84, 17230708
1.62, 40.04, 23.65, 947.11, 86, 84, 17242520
1.62, 38.74, 23.28, 901.68, 86, 84, 17254356
1.62, 37.76, 23.82, 899.32, 86, 84, 17266176
1.62, 39.39, 24.01, 945.52, 86, 84, 17278012
1.62, 39.06, 23.82, 930.33, 86, 84, 17289836
1.62, 38.41, 24.11, 926.22, 86, 84, 17301672
1.62, 38.09, 23.68, 901.93, 87, 84, 17313496
1.62, 39.71, 23.33, 926.55, 87, 84, 17325328
1.62, 38.09, 23.63, 899.88, 87, 84, 17337148
1.63, 38.09, 23.90, 910.15, 87, 84, 17348980
1.64, 39.39, 22.79, 897.71, 87, 84, 17360804
1.65, 39.06, 23.22, 907.15, 87, 84, 17372636
1.65, 39.06, 23.92, 934.54, 87, 84, 17384472
1.66, 40.36, 24.25, 978.76, 87, 84, 17396296
1.66, 39.39, 23.20, 913.65, 87, 84, 17408128
1.66, 38.74, 24.03, 930.94, 87, 84, 17419952
1.66, 41.02, 23.47, 962.46, 87, 84, 17431784
1.66, 38.74, 23.17, 897.50, 87, 84, 17443608
1.66, 39.06, 23.90, 933.49, 87, 84, 17455436
1.66, 40.69, 23.95, 974.58, 87, 84, 17467264
1.66, 39.71, 23.20, 921.20, 87, 84, 17479092
1.66, 38.74, 23.57, 913.17, 87, 84, 17490920
1.66, 40.04, 23.87, 955.75, 87, 84, 17502748
1.66, 40.04, 24.14, 966.55, 88, 84, 17514576
1.66, 40.04, 24.01, 961.15, 88, 84, 17526400
1.66, 40.04, 24.03, 962.23, 88, 84, 17538232
1.67, 39.39, 23.41, 922.15, 88, 84, 17550052
1.68, 40.04, 23.17, 927.67, 88, 84, 17561888
1.68, 41.02, 23.49, 963.57, 88, 84, 17573708
1.68, 41.99, 23.60, 991.04, 88, 84, 17585536
1.68, 40.04, 23.49, 940.63, 88, 84, 17597372
1.68, 41.02, 23.57, 966.89, 88, 84, 17609188
1.69, 40.36, 23.84, 962.43, 88, 84, 17621020
1.68, 40.36, 23.79, 960.25, 88, 84, 17632844
1.68, 39.06, 23.52, 918.74, 88, 84, 17644672
1.68, 40.69, 23.71, 964.70, 88, 84, 17656496
1.68, 40.36, 23.60, 952.63, 88, 84, 17668332
1.68, 41.02, 23.63, 969.10, 88, 84, 17680152
1.68, 40.69, 23.30, 948.24, 88, 84, 17691980
1.68, 40.04, 23.60, 944.95, 88, 84, 17703812
1.68, 40.69, 23.36, 950.44, 89, 84, 17715640
1.68, 40.36, 23.06, 930.86, 89, 84, 17727476
1.69, 41.67, 23.95, 997.97, 89, 84, 17739300
1.69, 40.36, 23.65, 954.81, 89, 84, 17751128
1.70, 41.02, 23.71, 972.42, 89, 84, 17762952
1.70, 41.67, 23.60, 983.36, 89, 84, 17774784
1.70, 41.02, 23.82, 976.85, 89, 84, 17786604
1.70, 40.36, 23.57, 951.54, 89, 84, 17798440
1.70, 40.04, 24.01, 961.15, 89, 84, 17810260
1.70, 41.67, 23.44, 976.62, 89, 84, 17822084
1.70, 41.02, 23.76, 974.63, 89, 84, 17833920
1.71, 40.36, 23.57, 951.54, 89, 84, 17845740
1.70, 41.67, 23.63, 984.48, 89, 84, 17857576
1.70, 41.02, 23.57, 966.89, 89, 84, 17869396
1.70, 41.67, 24.09, 1003.59, 89, 84, 17881236
1.70, 41.34, 23.38, 966.76, 89, 84, 17893060
1.70, 40.69, 23.82, 969.09, 89, 84, 17904892
1.70, 41.34, 23.68, 979.02, 90, 84, 17916716
1.70, 41.99, 23.74, 996.71, 90, 84, 17928540
1.70, 41.02, 23.76, 974.63, 90, 84, 17940372
1.71, 42.32, 23.47, 993.02, 90, 84, 17952200
1.72, 41.02, 23.76, 974.63, 90, 84, 17964032
1.72, 42.97, 23.47, 1008.30, 90, 84, 17975852
1.72, 42.32, 24.03, 1016.99, 90, 84, 17987684
1.72, 41.67, 23.47, 977.74, 90, 84, 17999504
1.72, 41.99, 23.71, 995.57, 90, 84, 18011340
1.72, 42.32, 23.68, 1002.15, 90, 84, 18023160
1.73, 42.32, 23.92, 1012.42, 90, 84, 18034992
1.72, 42.97, 23.55, 1011.77, 90, 84, 18046812
1.72, 42.32, 23.60, 998.73, 90, 84, 18058644
1.72, 42.32, 24.06, 1018.13, 90, 84, 18070476
1.72, 42.64, 23.36, 996.06, 90, 84, 18082300
1.72, 42.32, 23.60, 998.73, 90, 84, 18094136
1.72, 42.32, 23.82, 1007.86, 90, 84, 18105960
1.72, 43.29, 23.76, 1028.78, 91, 84, 18117792
1.73, 43.62, 23.68, 1032.99, 91, 84, 18129616
1.73, 43.29, 23.44, 1014.77, 91, 84, 18141452
1.74, 42.64, 23.74, 1012.16, 91, 84, 18153276
1.74, 43.29, 23.47, 1015.93, 91, 84, 18165104
1.75, 42.64, 23.65, 1008.71, 91, 84, 18176928
1.75, 42.97, 23.52, 1010.61, 91, 84, 18188768
1.75, 43.29, 23.41, 1013.60, 91, 84, 18200592
1.75, 43.95, 23.30, 1024.10, 91, 84, 18212412
1.75, 43.29, 23.65, 1024.11, 91, 84, 18224244
1.75, 43.62, 23.74, 1035.34, 91, 84, 18236064
1.75, 43.29, 23.65, 1024.11, 91, 84, 18247896
1.75, 43.62, 23.79, 1037.69, 91, 84, 18259716
1.74, 42.97, 23.25, 999.02, 91, 84, 18271552
1.75, 44.60, 23.41, 1044.08, 91, 84, 18283372
1.75, 42.97, 23.52, 1010.61, 91, 84, 18295200
1.75, 43.95, 23.57, 1035.95, 91, 84, 18307036
1.75, 43.62, 23.38, 1020.04, 92, 84, 18318856
1.75, 42.97, 23.60, 1014.09, 92, 84, 18330704
1.75, 43.29, 23.76, 1028.78, 92, 84, 18342508
1.75, 44.27, 23.14, 1024.52, 92, 84, 18354344
1.76, 44.27, 23.63, 1046.01, 92, 84, 18366164
1.77, 44.27, 23.44, 1037.66, 92, 84, 18377996
1.77, 43.62, 23.92, 1043.57, 92, 84, 18389820
1.77, 43.62, 23.57, 1028.28, 92, 84, 18401648
1.77, 43.62, 23.57, 1028.28, 92, 84, 18413472
1.77, 44.60, 23.41, 1044.08, 92, 84, 18425300
1.77, 44.27, 23.33, 1032.88, 92, 84, 18437136
1.78, 43.95, 23.84, 1047.81, 92, 84, 18448976
1.78, 43.95, 23.92, 1051.36, 92, 84, 18460796
1.78, 44.27, 23.74, 1050.79, 92, 84, 18472620
1.77, 44.60, 23.47, 1046.49, 92, 84, 18484456
1.77, 44.27, 23.20, 1026.91, 92, 84, 18496276
1.77, 45.25, 23.57, 1066.65, 92, 84, 18508104
1.78, 43.95, 23.57, 1035.95, 93, 85, 18519928
1.78, 44.60, 23.52, 1048.89, 93, 84, 18531756
1.77, 44.27, 23.68, 1048.40, 93, 84, 18543588
1.78, 44.92, 23.60, 1060.19, 93, 84, 18555412
1.79, 44.92, 23.60, 1060.19, 93, 84, 18567244
1.79, 44.92, 23.60, 1060.19, 93, 84, 18579068
1.80, 45.25, 23.60, 1067.87, 93, 84, 18590920
1.80, 44.92, 23.74, 1066.24, 93, 84, 18602724
1.80, 44.92, 23.38, 1050.49, 93, 84, 18614560
1.80, 45.57, 23.38, 1065.72, 93, 84, 18626380
1.80, 45.57, 24.06, 1096.45, 93, 84, 18638212
1.80, 44.60, 24.19, 1078.97, 93, 84, 18650044
1.80, 45.25, 23.06, 1043.46, 93, 84, 18661868
1.80, 45.90, 23.41, 1074.57, 93, 84, 18673700
1.80, 45.57, 23.41, 1066.95, 93, 84, 18685520
1.80, 45.90, 23.65, 1085.71, 93, 84, 18697352
1.79, 45.90, 23.20, 1064.66, 93, 84, 18709192
1.79, 45.57, 23.63, 1076.78, 94, 84, 18721008
1.79, 45.25, 23.49, 1062.99, 94, 84, 18732832
1.79, 46.22, 23.82, 1100.89, 94, 84, 18744664
1.80, 46.55, 23.55, 1096.09, 94, 84, 18756492
1.81, 46.22, 23.52, 1087.18, 94, 84, 18768320
1.81, 45.90, 23.22, 1065.90, 94, 84, 18780152
1.81, 45.90, 23.76, 1090.66, 94, 84, 18791976
1.82, 46.22, 23.49, 1085.93, 94, 84, 18803812
1.82, 46.22, 23.17, 1070.97, 94, 84, 18815632
1.82, 46.22, 23.49, 1085.93, 94, 84, 18827464
1.82, 46.55, 23.63, 1099.85, 94, 84, 18839288
1.82, 46.55, 23.71, 1103.62, 94, 84, 18851136
1.82, 45.57, 23.65, 1078.01, 94, 85, 18862940
1.82, 47.20, 23.36, 1102.51, 94, 84, 18874764
1.82, 46.88, 23.25, 1089.84, 94, 84, 18886600
1.81, 46.55, 23.03, 1072.23, 94, 84, 18898420
1.81, 46.22, 23.82, 1100.89, 94, 84, 18910256
1.81, 46.22, 23.82, 1100.89, 95, 84, 18922076
1.81, 46.55, 23.49, 1093.58, 95, 84, 18933908
1.81, 46.88, 23.52, 1102.49, 95, 84, 18945728
1.81, 46.88, 23.36, 1094.90, 95, 84, 18957560
1.82, 46.88, 23.25, 1089.84, 95, 84, 18969384
1.83, 47.53, 23.09, 1097.29, 95, 84, 18981212
1.83, 46.88, 23.63, 1107.55, 95, 84, 18993036
1.83, 46.55, 23.55, 1096.09, 95, 84, 19004868
1.83, 46.88, 23.49, 1101.22, 95, 84, 19016700
1.83, 47.53, 23.30, 1107.55, 95, 84, 19028524
1.83, 47.20, 23.17, 1093.59, 95, 84, 19040360
1.83, 47.85, 23.63, 1130.62, 95, 84, 19052180
1.83, 47.20, 23.60, 1113.96, 95, 84, 19064016
1.83, 47.53, 23.14, 1099.85, 95, 84, 19075836
1.83, 47.20, 23.41, 1105.05, 95, 84, 19087672
1.83, 47.53, 23.47, 1115.24, 95, 84, 19099492
1.83, 48.18, 23.60, 1137.01, 95, 84, 19111324
1.83, 47.85, 23.55, 1126.75, 96, 84, 19123160
1.83, 47.85, 23.71, 1134.49, 96, 84, 19134980
1.83, 48.18, 23.36, 1125.32, 96, 84, 19146816
1.83, 47.85, 23.63, 1130.62, 96, 84, 19158640
1.84, 48.18, 23.30, 1122.72, 96, 84, 19170476
1.85, 47.85, 23.22, 1111.26, 96, 84, 19182296
1.85, 47.53, 23.33, 1108.83, 96, 84, 19194132
1.85, 47.53, 23.71, 1126.77, 96, 84, 19205956
1.85, 48.18, 23.55, 1134.41, 96, 84, 19217780
1.85, 48.18, 23.20, 1117.52, 96, 84, 19229612
1.85, 48.18, 23.33, 1124.02, 96, 84, 19241440
1.86, 47.53, 23.63, 1122.93, 96, 84, 19253276
1.85, 48.50, 23.49, 1139.46, 96, 84, 19265096
1.85, 48.18, 23.49, 1131.81, 96, 84, 19276936
1.85, 48.50, 23.20, 1125.07, 96, 84, 19288756
1.85, 48.18, 23.20, 1117.52, 96, 84, 19300588
1.85, 48.50, 23.36, 1132.92, 96, 84, 19312408
1.85, 48.18, 23.47, 1130.51, 97, 84, 19324236
1.85, 48.83, 22.98, 1122.08, 97, 84, 19336064
1.85, 49.48, 23.44, 1159.73, 97, 84, 19347896
1.85, 49.15, 23.17, 1138.85, 97, 84, 19359732
1.86, 49.15, 22.98, 1129.57, 97, 84, 19371552
1.86, 49.48, 23.41, 1158.40, 97, 84, 19383388
1.86, 49.48, 23.14, 1145.05, 97, 84, 19395208
1.86, 49.80, 23.28, 1159.30, 97, 84, 19407044
1.87, 48.83, 23.30, 1137.89, 97, 84, 19418868
1.87, 49.48, 23.36, 1155.73, 97, 84, 19430700
1.87, 49.80, 23.47, 1168.71, 97, 84, 19442520
1.87, 49.48, 23.36, 1155.73, 97, 84, 19454348
1.87, 48.83, 23.63, 1153.69, 97, 84, 19466184
1.87, 50.13, 23.25, 1165.53, 97, 84, 19478004
1.87, 48.50, 23.74, 1151.23, 97, 84, 19489840
1.87, 49.48, 23.47, 1161.07, 97, 84, 19501660
1.87, 48.83, 23.57, 1151.06, 97, 84, 19513500
1.87, 48.83, 23.65, 1155.01, 98, 84, 19525320
1.87, 49.48, 23.12, 1143.72, 98, 84, 19537156
1.87, 49.15, 23.44, 1152.10, 98, 84, 19548996
1.87, 49.48, 23.49, 1162.40, 98, 84, 19560808
1.87, 50.46, 23.44, 1182.62, 98, 84, 19572640
1.88, 49.80, 23.44, 1167.36, 98, 84, 19584468
1.88, 50.46, 23.22, 1171.74, 98, 84, 19596300
1.89, 49.48, 23.52, 1163.74, 98, 84, 19608120
1.89, 50.13, 23.28, 1166.88, 98, 84, 19619956
1.89, 50.13, 23.55, 1180.40, 98, 84, 19631776
1.89, 49.80, 23.65, 1178.11, 98, 84, 19643608
1.89, 50.46, 23.33, 1177.18, 98, 84, 19655432
1.89, 50.46, 23.12, 1166.29, 98, 84, 19667268
1.89, 50.13, 23.36, 1170.94, 98, 84, 19679088
1.89, 50.46, 23.09, 1164.93, 98, 84, 19690916
1.89, 49.80, 23.52, 1171.39, 98, 84, 19702748
1.89, 50.78, 23.41, 1188.88, 98, 84, 19714572
1.88, 50.46, 23.71, 1196.23, 99, 84, 19726404
1.89, 50.78, 23.30, 1183.40, 99, 84, 19738224
1.88, 50.46, 23.36, 1178.54, 99, 84, 19750056
1.89, 50.78, 23.65, 1201.21, 99, 84, 19761876
1.89, 50.78, 23.63, 1199.84, 99, 84, 19773712
1.90, 51.11, 23.44, 1197.88, 99, 84, 19785536
1.90, 51.11, 23.38, 1195.13, 99, 84, 19797360
1.90, 51.43, 23.33, 1199.96, 99, 84, 19809212
1.90, 50.78, 23.52, 1194.36, 99, 85, 19821016
1.90, 50.78, 23.41, 1188.88, 99, 84, 19832848
1.91, 51.11, 23.44, 1197.88, 99, 84, 19844672
1.90, 51.11, 23.41, 1196.50, 99, 84, 19856504
1.90, 52.08, 23.01, 1198.30, 99, 84, 19868324
1.90, 51.11, 23.14, 1182.72, 99, 84, 19880152
1.90, 51.76, 23.25, 1203.37, 99, 84, 19891976
1.90, 51.43, 23.20, 1193.03, 99, 84, 19903808
1.90, 50.78, 23.49, 1192.99, 99, 84, 19915628
1.90, 50.78, 23.57, 1197.10, 100, 84, 19927456
1.89, 51.11, 23.49, 1200.64, 100, 84, 19939292
1.90, 51.11, 23.38, 1195.13, 100, 84, 19951132
1.91, 51.76, 23.20, 1200.58, 100, 84, 19962948
1.91, 51.76, 23.30, 1206.16, 100, 84, 19974772
1.92, 51.43, 23.28, 1197.19, 100, 84, 19986612
1.92, 51.76, 23.22, 1201.97, 100, 84, 19998432
1.92, 51.43, 23.36, 1201.35, 100, 84, 20010268
1.92, 52.73, 23.28, 1227.50, 100, 84, 20022088
1.92, 51.43, 23.47, 1206.90, 100, 84, 20033920
1.92, 51.76, 23.44, 1213.14, 100, 84, 20045752
1.91, 52.08, 23.36, 1216.56, 100, 84, 20057576
1.92, 52.41, 23.44, 1228.40, 100, 84, 20069424
1.91, 52.08, 23.52, 1224.99, 100, 84, 20081236
1.91, 52.41, 23.47, 1229.82, 100, 84, 20093068
1.91, 52.08, 23.52, 1224.99, 100, 84, 20104888
1.91, 52.08, 23.30, 1213.75, 100, 84, 20116724
1.91, 51.76, 23.49, 1215.93, 100, 84, 20128548
1.91, 52.41, 23.30, 1221.33, 100, 84, 20140380
1.91, 52.41, 23.33, 1222.75, 100, 84, 20152208
1.91, 52.08, 23.14, 1205.32, 100, 84, 20164036
1.91, 52.08, 23.25, 1210.94, 100, 84, 20175872
1.92, 52.08, 23.28, 1212.34, 100, 84, 20187692
1.91, 52.08, 23.33, 1215.15, 100, 84, 20199528
1.91, 52.41, 23.44, 1228.40, 100, 84, 20211368
1.92, 52.41, 23.20, 1215.68, 100, 84, 20223188
1.92, 52.41, 23.17, 1214.27, 100, 84, 20235012
1.92, 51.76, 23.55, 1218.73, 100, 84, 20246844
1.92, 52.73, 23.30, 1228.92, 100, 84, 20258668
1.91, 52.08, 23.47, 1222.18, 100, 84, 20270500
1.91, 52.41, 23.30, 1221.33, 100, 84, 20282336
1.91, 51.76, 23.38, 1210.35, 100, 84, 20294160
1.91, 52.08, 23.30, 1213.75, 100, 84, 20305996
1.91, 52.08, 23.38, 1217.96, 100, 84, 20317816
1.91, 52.41, 23.33, 1222.75, 100, 84, 20329648
1.91, 52.41, 23.06, 1208.61, 100, 84, 20341472
1.90, 52.08, 23.25, 1210.94, 100, 84, 20353312
1.91, 51.76, 23.30, 1206.16, 100, 84, 20365132
1.90, 52.41, 23.22, 1217.09, 100, 84, 20376960
1.91, 52.41, 22.90, 1200.13, 100, 84, 20388792
1.90, 52.41, 23.36, 1224.16, 100, 85, 20400616
1.90, 51.76, 23.47, 1214.54, 100, 84, 20412452
1.90, 52.08, 23.17, 1206.72, 100, 84, 20424276
1.90, 52.41, 23.25, 1218.51, 100, 84, 20436108
1.90, 51.76, 23.33, 1207.56, 100, 84, 20447936
1.90, 52.08, 23.25, 1210.94, 100, 84, 20459764
1.90, 52.08, 23.47, 1222.18, 100, 84, 20471588
1.90, 51.43, 23.25, 1195.80, 100, 84, 20483416
1.90, 51.76, 23.49, 1215.93, 100, 84, 20495244
1.90, 52.08, 23.38, 1217.96, 100, 84, 20507072
1.90, 51.76, 23.41, 1211.75, 100, 84, 20518900
1.90, 51.76, 23.28, 1204.77, 100, 84, 20530728
1.90, 51.76, 23.12, 1196.39, 100, 84, 20542560
1.90, 51.76, 23.09, 1194.99, 100, 84, 20554376
1.90, 52.08, 23.36, 1216.56, 100, 84, 20566216
1.89, 51.76, 23.17, 1199.18, 100, 84, 20578036
1.90, 52.08, 23.25, 1210.94, 100, 84, 20589868
1.90, 51.76, 23.41, 1211.75, 100, 84, 20601688
1.90, 51.76, 23.38, 1210.35, 100, 84, 20613512
1.90, 52.08, 23.12, 1203.91, 100, 84, 20625352
1.90, 51.76, 23.17, 1199.18, 100, 84, 20637168
1.90, 51.43, 23.41, 1204.13, 100, 84, 20649004
1.90, 51.43, 23.41, 1204.13, 100, 84, 20660828
1.90, 52.08, 23.28, 1212.34, 100, 84, 20672660
1.89, 51.76, 23.44, 1213.14, 100, 84, 20684480
1.90, 51.76, 23.17, 1199.18, 100, 84, 20696312
1.89, 52.08, 23.28, 1212.34, 100, 84, 20708132
1.89, 51.76, 23.22, 1201.97, 100, 84, 20719960
1.89, 51.76, 23.38, 1210.35, 100, 84, 20731792
1.89, 51.76, 23.33, 1207.56, 100, 84, 20743616
1.89, 52.08, 23.28, 1212.34, 100, 84, 20755452
1.89, 51.43, 23.33, 1199.96, 100, 84, 20767268
1.89, 52.08, 23.38, 1217.96, 100, 84, 20779104
1.89, 51.11, 23.22, 1186.85, 100, 84, 20790928
1.89, 51.11, 23.55, 1203.40, 100, 84, 20802760
1.89, 52.08, 23.09, 1202.51, 100, 84, 20814580
1.89, 51.43, 23.49, 1208.29, 100, 84, 20826412
1.89, 50.78, 23.47, 1191.62, 100, 84, 20838232
1.89, 51.11, 23.28, 1189.61, 100, 84, 20850060
1.89, 51.76, 23.09, 1194.99, 100, 84, 20861892
1.89, 51.43, 23.33, 1199.96, 100, 84, 20873716
1.89, 51.11, 23.41, 1196.50, 100, 84, 20885548
1.89, 52.08, 23.30, 1213.75, 100, 84, 20897364
1.89, 51.76, 23.25, 1203.37, 100, 84, 20909212
1.88, 52.08, 23.20, 1208.13, 100, 84, 20921024
STOP
1.89, 50.46, 24.06, 1213.92, 0, 84, 20932856
1.87, 46.88, 24.11, 1130.30, 0, 84, 20944676
1.68, 40.69, 24.33, 989.95, 0, 84, 20956504
1.16, 35.81, 24.01, 859.56, 0, 84, 20968332
0.77, 31.90, 24.60, 784.72, 0, 84, 20980156
0.48, 28.97, 24.25, 702.50, 0, 84, 20991992
0.27, 26.04, 24.22, 630.76, 0, 84, 21003812
0.15, 23.44, 24.27, 568.94, 0, 84, 21015644
0.05, 21.16, 24.30, 514.20, 0, 84, 21027464
0.03, 19.21, 24.30, 466.74, 0, 84, 21039300
0.01, 17.25, 24.30, 419.27, 0, 84, 21051124
0.01, 15.30, 24.30, 371.81, 0, 84, 21062960
-0.01, 14.00, 24.30, 340.16, 0, 84, 21074780
-0.01, 12.70, 24.30, 308.52, 0, 84, 21086612
-0.01, 11.39, 24.30, 276.88, 0, 84, 21098444
0.00, 10.42, 24.30, 253.15, 0, 84, 21110288
-0.00, 9.11, 24.30, 221.50, 0, 84, 21122104
-0.00, 8.14, 24.33, 197.99, 0, 84, 21133928
-0.00, 7.49, 24.33, 182.15, 0, 84, 21145764
0.00, 6.84, 24.33, 166.31, 0, 84, 21157584
0.01, 5.86, 24.33, 142.55, 0, 84, 21169436
0.01, 5.53, 24.33, 134.63, 0, 84, 21181244
0.01, 4.88, 24.33, 118.79, 0, 84, 21193072
0.00, 4.56, 24.33, 110.87, 0, 84, 21204900
0.01, 3.91, 24.33, 95.03, 0, 84, 21216728
-0.00, 3.58, 24.33, 87.12, 0, 84, 21228560
-0.00, 3.26, 24.33, 79.20, 0, 84, 21240384
