START
0.00, -0.65, 24.49, -15.94, 1, 19, 512
-0.00, -0.33, 24.49, -7.97, 1, 144, 7488
0.00, -0.33, 24.49, -7.97, 1, 84, 19312
0.00, -0.33, 24.49, -7.97, 1, 84, 31136
0.00, -0.65, 24.49, -15.94, 1, 84, 42972
0.00, -0.65, 24.49, -15.94, 1, 84, 54792
-0.00, -0.65, 24.49, -15.94, 1, 84, 66628
-0.00, -0.65, 24.49, -15.94, 1, 84, 78444
-0.00, -0.65, 24.49, -15.94, 1, 84, 90276
-0.00, -0.65, 24.49, -15.94, 1, 84, 102104
0.00, -0.65, 24.49, -15.94, 1, 84, 113932
0.00, -0.65, 24.49, -15.94, 1, 84, 125756
0.00, -0.65, 24.49, -15.94, 1, 84, 137580
0.00, -0.65, 24.49, -15.94, 1, 84, 149412
0.00, -0.65, 24.49, -15.94, 1, 84, 161240
0.00, -0.65, 24.49, -15.94, 1, 84, 173076
0.00, -0.65, 24.52, -15.96, 1, 84, 184912
-0.00, -0.65, 24.49, -15.94, 1, 84, 196732
-0.00, -0.65, 24.49, -15.94, 1, 84, 208548
-0.00, -0.65, 24.49, -15.94, 2, 84, 220384
0.00, -0.65, 24.49, -15.94, 2, 84, 232204
0.00, -0.65, 24.49, -15.94, 2, 84, 244036
0.00, -0.65, 24.49, -15.94, 2, 84, 255852
0.00, -0.65, 24.49, -15.94, 2, 84, 267680
0.00, -0.65, 24.49, -15.94, 2, 84, 279516
0.00, -0.65, 24.49, -15.94, 2, 84, 291336
0.00, -0.65, 24.49, -15.94, 2, 84, 303168
-0.00, -0.65, 24.49, -15.94, 2, 84, 314988
0.00, -0.65, 24.49, -15.94, 2, 84, 326820
0.00, -0.65, 24.49, -15.94, 2, 84, 338640
-0.00, -0.65, 24.49, -15.94, 2, 84, 350476
-0.00, -0.65, 24.49, -15.94, 2, 84, 362296
-0.00, -0.65, 24.49, -15.94, 2, 84, 374124
0.00, -0.65, 24.49, -15.94, 2, 84, 385968
0.00, -0.65, 24.49, -15.94, 2, 85, 397776
0.00, -0.65, 24.49, -15.94, 2, 84, 409612
-0.00, -0.65, 24.49, -15.94, 3, 84, 421428
-0.00, -0.65, 24.49, -15.94, 3, 84, 433260
0.00, -0.65, 24.52, -15.96, 3, 84, 445104
0.00, -0.65, 24.49, -15.94, 3, 84, 456920
0.00, -0.65, 24.49, -15.94, 3, 84, 468744
0.00, -0.65, 24.49, -15.94, 3, 84, 480572
0.00, -0.65, 24.49, -15.94, 3, 84, 492392
0.00, -0.65, 24.49, -15.94, 3, 84, 504220
0.00, -0.65, 24.49, -15.94, 3, 84, 516052
-0.00, -0.65, 24.49, -15.94, 3, 84, 527872
0.00, -0.65, 24.49, -15.94, 3, 84, 539704
-0.00, -0.65, 24.49, -15.94, 3, 84, 551524
-0.00, -0.65, 24.49, -15.94, 3, 84, 563360
0.00, -0.65, 24.49, -15.94, 3, 84, 575180
0.00, -0.65, 24.49, -15.94, 3, 84, 587012
0.00, -0.65, 24.49, -15.94, 3, 84, 598832
0.00, -0.65, 24.49, -15.94, 3, 84, 610656
-0.00, -0.65, 24.49, -15.94, 4, 84, 622480
-0.00, -0.65, 24.49, -15.94, 4, 84, 634312
-0.00, -0.65, 24.49, -15.94, 4, 84, 646160
0.00, -0.65, 24.49, -15.94, 4, 85, 657960
0.00, -0.65, 24.49, -15.94, 4, 84, 669796
0.00, -0.65, 24.49, -15.94, 4, 84, 681612
0.00, -0.65, 24.49, -15.94, 4, 84, 693448
0.00, -0.65, 24.49, -15.94, 4, 84, 705284
0.00, -0.65, 24.49, -15.94, 4, 84, 717104
0.00, -0.65, 24.49, -15.94, 4, 84, 728924
0.00, -0.65, 24.49, -15.94, 4, 84, 740748
-0.00, -0.65, 24.49, -15.94, 4, 84, 752584
-0.00, -0.65, 24.49, -15.94, 4, 84, 764404
0.00, -0.65, 24.49, -15.94, 4, 84, 776236
-0.00, -0.65, 24.49, -15.94, 4, 84, 788060
-0.00, -0.65, 24.49, -15.94, 4, 84, 799888
-0.00, -0.65, 24.49, -15.94, 4, 84, 811708
-0.00, -0.65, 24.49, -15.94, 5, 84, 823544
-0.00, -0.65, 24.49, -15.94, 5, 84, 835364
0.00, -0.65, 24.46, -15.93, 5, 84, 847196
-0.00, -0.65, 24.49, -15.94, 5, 84, 859020
0.00, -0.65, 24.49, -15.94, 5, 84, 870848
0.00, -0.65, 24.49, -15.94, 5, 84, 882680
0.00, -0.65, 24.49, -15.94, 5, 84, 894508
0.00, -0.65, 24.49, -15.94, 5, 84, 906360
0.00, -0.65, 24.49, -15.94, 5, 84, 918164
0.00, -0.65, 24.49, -15.94, 5, 84, 930004
0.00, -0.65, 24.49, -15.94, 5, 84, 941824
0.00, -0.65, 24.49, -15.94, 5, 84, 953656
0.00, -0.65, 24.49, -15.94, 5, 84, 965480
0.00, -0.65, 24.49, -15.94, 5, 84, 977308
0.00, -0.65, 24.49, -15.94, 5, 84, 989144
0.00, -0.65, 24.49, -15.94, 5, 84, 1000964
0.00, -0.65, 24.49, -15.94, 5, 84, 1012804
0.00, -0.65, 24.49, -15.94, 6, 84, 1024620
0.00, -0.65, 24.49, -15.94, 6, 84, 1036456
0.00, -0.65, 24.49, -15.94, 6, 84, 1048276
0.00, -0.65, 24.49, -15.94, 6, 84, 1060108
0.00, -0.65, 24.49, -15.94, 6, 84, 1071932
0.00, -0.65, 24.49, -15.94, 6, 84, 1083752
0.00, -0.65, 24.49, -15.94, 6, 84, 1095584
0.00, -0.65, 24.49, -15.94, 6, 84, 1107412
0.00, -0.65, 24.49, -15.94, 6, 84, 1119248
0.00, -0.65, 24.49, -15.94, 6, 84, 1131068
0.00, -0.65, 24.49, -15.94, 6, 84, 1142904
0.00, -0.65, 24.49, -15.94, 6, 84, 1154724
0.00, -0.65, 24.49, -15.94, 6, 84, 1166560
0.00, -0.65, 24.49, -15.94, 6, 84, 1178384
0.00, -0.65, 24.49, -15.94, 6, 84, 1190216
0.00, -0.65, 24.49, -15.94, 6, 84, 1202044
0.00, -0.65, 24.49, -15.94, 6, 84, 1213868
0.00, -0.65, 24.49, -15.94, 7, 84, 1225708
0.00, -0.65, 24.49, -15.94, 7, 84, 1237528
0.00, -0.65, 24.49, -15.94, 7, 84, 1249364
0.00, -0.65, 24.49, -15.94, 7, 84, 1261188
0.00, -0.65, 24.49, -15.94, 7, 84, 1273020
0.00, -0.65, 24.49, -15.94, 7, 84, 1284844
0.00, -0.65, 24.46, -15.93, 7, 84, 1296680
0.00, -0.65, 24.49, -15.94, 7, 84, 1308500
0.00, -0.65, 24.49, -15.94, 7, 84, 1320328
0.00, -0.65, 24.49, -15.94, 7, 84, 1332164
0.00, -0.65, 24.49, -15.94, 7, 84, 1343988
0.00, -0.65, 24.49, -15.94, 7, 84, 1355820
0.00, -0.65, 24.49, -15.94, 7, 84, 1367644
0.00, -0.65, 24.49, -15.94, 7, 84, 1379476
0.00, -0.65, 24.49, -15.94, 7, 84, 1391292
0.00, -0.65, 24.49, -15.94, 7, 84, 1403132
0.00, -0.65, 24.49, -15.94, 7, 84, 1414952
0.00, -0.65, 24.46, -15.93, 8, 84, 1426780
0.00, -0.65, 24.49, -15.94, 8, 84, 1438608
0.00, -0.33, 24.49, -7.97, 8, 84, 1450436
0.00, -0.33, 24.49, -7.97, 8, 84, 1462268
0.01, -0.65, 24.49, -15.94, 8, 84, 1474088
0.01, -0.65, 24.49, -15.94, 8, 84, 1485920
0.01, -0.65, 24.46, -15.93, 8, 84, 1497740
0.01, -0.33, 24.49, -7.97, 8, 84, 1509576
0.01, -0.33, 24.49, -7.97, 8, 84, 1521396
0.01, -0.33, 24.46, -7.96, 8, 84, 1533228
0.01, -0.65, 24.49, -15.94, 8, 84, 1545064
0.01, -0.65, 24.49, -15.94, 8, 84, 1556876
0.01, -0.65, 24.49, -15.94, 8, 84, 1568712
0.01, -0.33, 24.49, -7.97, 8, 84, 1580528
0.01, -0.65, 24.46, -15.93, 8, 84, 1592360
0.01, -0.33, 24.49, -7.97, 8, 84, 1604180
0.01, -0.33, 24.49, -7.97, 8, 84, 1616012
0.01, -0.33, 24.46, -7.96, 9, 84, 1627832
0.01, -0.65, 24.49, -15.94, 9, 84, 1639668
0.01, -0.33, 24.46, -7.96, 9, 84, 1651488
0.01, -0.33, 24.46, -7.96, 9, 84, 1663312
0.01, -0.33, 24.46, -7.96, 9, 84, 1675140
0.01, -0.33, 24.49, -7.97, 9, 84, 1686968
0.01, -0.33, 24.46, -7.96, 9, 84, 1698800
0.01, -0.33, 24.49, -7.97, 9, 84, 1710620
0.01, -0.65, 24.49, -15.94, 9, 84, 1722448
0.01, -0.33, 24.46, -7.96, 9, 84, 1734272
0.01, -0.33, 24.46, -7.96, 9, 84, 1746104
0.01, -0.33, 24.46, -7.96, 9, 84, 1757924
0.01, -0.33, 24.49, -7.97, 9, 84, 1769756
0.02, -0.33, 24.46, -7.96, 9, 84, 1781580
0.01, -0.33, 24.46, -7.96, 9, 84, 1793404
0.02, -0.65, 24.49, -15.94, 9, 84, 1805252
0.01, -0.33, 24.46, -7.96, 9, 85, 1817060
0.02, -0.33, 24.46, -7.96, 10, 84, 1828892
0.02, -0.33, 24.46, -7.96, 10, 84, 1840716
0.02, -0.33, 24.49, -7.97, 10, 84, 1852552
0.02, -0.33, 24.46, -7.96, 10, 84, 1864376
0.02, -0.33, 24.49, -7.97, 10, 84, 1876208
0.02, -0.33, 24.46, -7.96, 10, 84, 1888032
0.02, -0.33, 24.46, -7.96, 10, 84, 1899856
0.02, -0.33, 24.46, -7.96, 10, 84, 1911688
0.02, -0.33, 24.46, -7.96, 10, 84, 1923516
0.02, -0.33, 24.46, -7.96, 10, 84, 1935352
0.02, -0.33, 24.46, -7.96, 10, 84, 1947172
0.02, -0.33, 24.46, -7.96, 10, 84, 1959008
0.02, -0.33, 24.46, -7.96, 10, 84, 1970828
0.02, -0.33, 24.49, -7.97, 10, 84, 1982660
0.02, -0.33, 24.49, -7.97, 10, 84, 1994480
0.02, -0.33, 24.49, -7.97, 10, 84, 2006328
0.02, -0.33, 24.46, -7.96, 10, 85, 2018136
0.02, -0.33, 24.49, -7.97, 11, 84, 2029964
0.02, -0.33, 24.46, -7.96, 11, 84, 2041796
0.02, -0.33, 24.49, -7.97, 11, 84, 2053620
0.03, -0.65, 24.49, -15.94, 11, 84, 2065472
0.03, -0.33, 24.46, -7.96, 11, 84, 2077276
0.03, -0.33, 24.49, -7.97, 11, 84, 2089108
0.03, -0.33, 24.49, -7.97, 11, 84, 2100932
0.03, -0.33, 24.46, -7.96, 11, 84, 2112760
0.03, -0.33, 24.49, -7.97, 11, 84, 2124580
0.03, -0.33, 24.46, -7.96, 11, 84, 2136408
0.03, -0.33, 24.46, -7.96, 11, 84, 2148236
0.03, -0.33, 24.46, -7.96, 11, 84, 2160064
0.03, -0.33, 24.49, -7.97, 11, 84, 2171900
0.03, -0.33, 24.49, -7.97, 11, 84, 2183720
0.03, -0.33, 24.46, -7.96, 11, 84, 2195556
0.03, -0.33, 24.49, -7.97, 11, 84, 2207380
0.03, -0.33, 24.49, -7.97, 11, 84, 2219212
0.03, -0.33, 24.46, -7.96, 12, 84, 2231032
0.03, -0.33, 24.46, -7.96, 12, 84, 2242864
0.03, -0.33, 24.49, -7.97, 12, 84, 2254692
0.04, -0.33, 24.49, -7.97, 12, 84, 2266532
0.04, -0.33, 24.46, -7.96, 12, 84, 2278356
0.04, -0.33, 24.46, -7.96, 12, 84, 2290176
0.04, -0.33, 24.46, -7.96, 12, 84, 2302008
0.04, -0.33, 24.46, -7.96, 12, 84, 2313832
0.04, -0.33, 24.49, -7.97, 12, 84, 2325664
0.04, -0.33, 24.46, -7.96, 12, 84, 2337488
0.04, -0.33, 24.46, -7.96, 12, 84, 2349320
0.04, -0.33, 24.46, -7.96, 12, 84, 2361140
0.04, -0.33, 24.46, -7.96, 12, 84, 2372972
0.04, -0.33, 24.49, -7.97, 12, 84, 2384796
0.04, -0.33, 24.46, -7.96, 12, 84, 2396624
0.04, -0.33, 24.46, -7.96, 12, 84, 2408460
0.04, -0.33, 24.49, -7.97, 12, 84, 2420280
0.04, -0.33, 24.49, -7.97, 13, 84, 2432112
0.04, -0.33, 24.46, -7.96, 13, 84, 2443936
0.04, -0.33, 24.46, -7.96, 13, 84, 2455768
0.05, -0.33, 24.49, -7.97, 13, 84, 2467584
0.05, -0.33, 24.46, -7.96, 13, 84, 2479420
0.05, -0.33, 24.46, -7.96, 13, 84, 2491240
0.05, -0.33, 24.46, -7.96, 13, 84, 2503068
0.05, -0.00, 24.46, -0.00, 13, 84, 2514904
0.05, -0.00, 24.46, -0.00, 13, 84, 2526740
0.05, -0.33, 24.46, -7.96, 13, 84, 2538564
0.05, -0.33, 24.46, -7.96, 13, 84, 2550384
0.05, -0.33, 24.46, -7.96, 13, 84, 2562216
0.05, -0.33, 24.46, -7.96, 13, 84, 2574040
0.05, -0.33, 24.49, -7.97, 13, 84, 2585876
0.05, -0.33, 24.46, -7.96, 13, 84, 2597696
0.05, -0.33, 24.46, -7.96, 13, 84, 2609524
0.05, -0.33, 24.49, -7.97, 13, 84, 2621352
0.05, -0.00, 24.46, -0.00, 14, 84, 2633180
0.05, -0.00, 24.49, -0.00, 14, 84, 2645012
0.05, -0.00, 24.49, -0.00, 14, 84, 2656836
0.06, -0.00, 24.49, -0.00, 14, 84, 2668668
0.06, -0.00, 24.44, -0.00, 14, 84, 2680492
0.06, -0.00, 24.46, -0.00, 14, 84, 2692324
0.06, -0.00, 24.49, -0.00, 14, 84, 2704144
0.06, -0.00, 24.49, -0.00, 14, 84, 2715976
0.06, -0.00, 24.44, -0.00, 14, 84, 2727800
0.07, -0.00, 24.49, -0.00, 14, 84, 2739624
0.07, -0.00, 24.46, -0.00, 14, 84, 2751456
0.07, -0.00, 24.44, -0.00, 14, 84, 2763276
0.07, -0.00, 24.46, -0.00, 14, 84, 2775112
0.07, -0.00, 24.49, -0.00, 14, 84, 2786932
0.07, -0.00, 24.49, -0.00, 14, 84, 2798768
0.07, -0.00, 24.44, -0.00, 14, 84, 2810588
0.07, -0.00, 24.49, -0.00, 14, 84, 2822420
0.06, -0.00, 24.46, -0.00, 15, 84, 2834240
0.07, -0.00, 24.46, -0.00, 15, 84, 2846068
0.07, -0.00, 24.49, -0.00, 15, 84, 2857896
0.07, -0.00, 24.46, -0.00, 15, 84, 2869720
0.07, -0.00, 24.46, -0.00, 15, 84, 2881556
0.07, -0.00, 24.49, -0.00, 15, 84, 2893372
0.08, -0.33, 24.52, -7.98, 15, 84, 2905208
0.08, -0.00, 24.44, -0.00, 15, 84, 2917028
0.08, -0.00, 24.46, -0.00, 15, 84, 2928860
0.08, -0.00, 24.46, -0.00, 15, 84, 2940680
0.08, -0.00, 24.49, -0.00, 15, 84, 2952512
0.08, -0.00, 24.44, -0.00, 15, 84, 2964332
0.08, -0.00, 24.49, -0.00, 15, 84, 2976160
0.08, -0.00, 24.46, -0.00, 15, 84, 2987996
0.08, -0.00, 24.46, -0.00, 15, 84, 2999820
0.08, -0.00, 24.44, -0.00, 15, 84, 3011656
0.08, -0.00, 24.46, -0.00, 15, 84, 3023476
0.08, -0.00, 24.46, -0.00, 16, 84, 3035308
0.08, -0.00, 24.44, -0.00, 16, 84, 3047132
0.08, -0.00, 24.44, -0.00, 16, 84, 3058964
0.08, -0.00, 24.49, -0.00, 16, 84, 3070788
0.08, -0.00, 24.49, -0.00, 16, 84, 3082612
0.09, -0.00, 24.46, -0.00, 16, 84, 3094444
0.09, -0.00, 24.44, -0.00, 16, 84, 3106272
0.09, -0.00, 24.49, -0.00, 16, 84, 3118108
0.09, -0.00, 24.46, -0.00, 16, 84, 3129928
0.09, -0.00, 24.46, -0.00, 16, 84, 3141764
0.09, -0.00, 24.46, -0.00, 16, 84, 3153580
0.09, -0.00, 24.46, -0.00, 16, 84, 3165428
0.09, -0.00, 24.44, -0.00, 16, 85, 3177232
0.09, -0.00, 24.46, -0.00, 16, 84, 3189064
0.09, -0.00, 24.46, -0.00, 16, 84, 3200888
0.09, -0.00, 24.46, -0.00, 16, 84, 3212716
0.09, -0.00, 24.46, -0.00, 16, 84, 3224548
0.09, -0.00, 24.44, -0.00, 17, 84, 3236372
0.09, -0.00, 24.49, -0.00, 17, 84, 3248204
0.09, 0.33, 24.44, 7.95, 17, 84, 3260024
0.09, -0.00, 24.44, -0.00, 17, 84, 3271856
0.10, -0.00, 24.49, -0.00, 17, 84, 3283676
0.10, 0.33, 24.46, 7.96, 17, 84, 3295512
0.10, 0.33, 24.44, 7.95, 17, 84, 3307332
0.11, 0.33, 24.44, 7.95, 17, 84, 3319164
0.11, 0.33, 24.46, 7.96, 17, 84, 3330992
0.11, 0.33, 24.46, 7.96, 17, 84, 3342816
0.11, 0.33, 24.46, 7.96, 17, 84, 3354652
0.11, 0.33, 24.44, 7.95, 17, 84, 3366472
0.11, 0.33, 24.49, 7.97, 17, 84, 3378308
0.11, 0.33, 24.46, 7.96, 17, 84, 3390132
0.11, 0.33, 24.46, 7.96, 17, 84, 3401964
0.11, 0.33, 24.46, 7.96, 17, 84, 3413784
0.11, -0.00, 24.46, -0.00, 17, 84, 3425632
0.11, 0.33, 24.49, 7.97, 18, 85, 3437444
0.11, 0.33, 24.41, 7.95, 18, 84, 3449272
0.11, 0.33, 24.49, 7.97, 18, 84, 3461104
0.11, 0.33, 24.46, 7.96, 18, 84, 3472924
0.11, 0.33, 24.46, 7.96, 18, 84, 3484752
0.12, 0.33, 24.46, 7.96, 18, 84, 3496576
0.12, 0.33, 24.46, 7.96, 18, 84, 3508408
0.12, 0.33, 24.44, 7.95, 18, 84, 3520232
0.12, 0.33, 24.44, 7.95, 18, 84, 3532068
0.12, 0.33, 24.46, 7.96, 18, 84, 3543884
0.12, 0.33, 24.46, 7.96, 18, 84, 3555716
0.12, 0.33, 24.46, 7.96, 18, 84, 3567552
0.12, 0.33, 24.46, 7.96, 18, 84, 3579372
0.12, 0.33, 24.49, 7.97, 18, 84, 3591208
0.12, 0.33, 24.49, 7.97, 18, 84, 3603028
0.12, 0.33, 24.44, 7.95, 18, 84, 3614864
0.13, 0.33, 24.44, 7.95, 18, 84, 3626696
0.13, 0.33, 24.49, 7.97, 19, 84, 3638516
0.13, 0.33, 24.44, 7.95, 19, 84, 3650336
0.12, 0.33, 24.41, 7.95, 19, 84, 3662164
0.13, 0.33, 24.46, 7.96, 19, 84, 3673992
0.13, 0.33, 24.46, 7.96, 19, 84, 3685824
0.13, 0.33, 24.46, 7.96, 19, 84, 3697660
0.14, 0.33, 24.44, 7.95, 19, 84, 3709480
0.14, 0.33, 24.49, 7.97, 19, 84, 3721312
0.14, 0.65, 24.46, 15.93, 19, 84, 3733140
0.14, 0.33, 24.46, 7.96, 19, 84, 3744968
0.14, 0.33, 24.41, 7.95, 19, 84, 3756792
0.14, 0.33, 24.44, 7.95, 19, 84, 3768628
0.14, 0.33, 24.49, 7.97, 19, 84, 3780448
0.14, 0.65, 24.46, 15.93, 19, 84, 3792276
0.14, 0.33, 24.41, 7.95, 19, 84, 3804112
0.14, 0.65, 24.44, 15.91, 19, 84, 3815936
0.14, 0.33, 24.46, 7.96, 19, 84, 3827768
0.14, 0.33, 24.46, 7.96, 20, 84, 3839588
0.14, 0.33, 24.44, 7.95, 20, 84, 3851424
0.14, 0.65, 24.46, 15.93, 20, 84, 3863248
0.14, 0.65, 24.49, 15.94, 20, 84, 3875084
0.15, 0.65, 24.46, 15.93, 20, 84, 3886920
0.15, 0.65, 24.41, 15.89, 20, 84, 3898736
0.15, 0.65, 24.49, 15.94, 20, 84, 3910564
0.16, 0.65, 24.46, 15.93, 20, 84, 3922388
0.16, 0.65, 24.41, 15.89, 20, 84, 3934220
0.16, 0.65, 24.46, 15.93, 20, 84, 3946040
0.16, 0.65, 24.49, 15.94, 20, 84, 3957880
0.16, 0.65, 24.44, 15.91, 20, 84, 3969700
0.16, 0.65, 24.41, 15.89, 20, 84, 3981536
0.16, 0.65, 24.49, 15.94, 20, 84, 3993356
0.16, 0.65, 24.44, 15.91, 20, 84, 4005192
0.16, 0.65, 24.44, 15.91, 20, 85, 4017012
0.16, 0.65, 24.44, 15.91, 20, 84, 4028844
0.16, 0.65, 24.49, 15.94, 21, 84, 4040676
0.16, 0.65, 24.46, 15.93, 21, 84, 4052500
0.16, 0.65, 24.44, 15.91, 21, 84, 4064332
0.16, 0.65, 24.49, 15.94, 21, 84, 4076152
0.17, 0.65, 24.46, 15.93, 21, 84, 4087988
0.17, 0.98, 24.46, 23.89, 21, 84, 4099812
0.17, 0.65, 24.41, 15.89, 21, 84, 4111648
0.17, 0.65, 24.49, 15.94, 21, 84, 4123468
0.18, 0.65, 24.46, 15.93, 21, 84, 4135296
0.18, 0.98, 24.46, 23.89, 21, 84, 4147132
0.18, 0.98, 24.41, 23.84, 21, 84, 4158952
0.18, 0.65, 24.49, 15.94, 21, 84, 4170784
0.18, 0.98, 24.46, 23.89, 21, 84, 4182608
0.18, 0.98, 24.44, 23.86, 21, 84, 4194436
0.18, 0.65, 24.46, 15.93, 21, 84, 4206256
0.18, 0.65, 24.49, 15.94, 21, 84, 4218092
0.18, 0.65, 24.41, 15.89, 21, 84, 4229908
0.18, 0.65, 24.44, 15.91, 22, 84, 4241736
0.18, 0.65, 24.49, 15.94, 22, 84, 4253560
0.18, 0.65, 24.49, 15.94, 22, 84, 4265392
0.18, 0.98, 24.44, 23.86, 22, 84, 4277228
0.18, 0.98, 24.52, 23.94, 22, 84, 4289044
0.19, 0.98, 24.46, 23.89, 22, 84, 4300880
0.19, 0.98, 24.38, 23.81, 22, 84, 4312700
0.19, 0.98, 24.38, 23.81, 22, 84, 4324536
0.19, 0.98, 24.49, 23.92, 22, 84, 4336360
0.19, 0.65, 24.49, 15.94, 22, 84, 4348196
0.20, 0.98, 24.41, 23.84, 22, 84, 4360016
0.20, 0.98, 24.41, 23.84, 22, 84, 4371844
0.20, 0.98, 24.46, 23.89, 22, 84, 4383676
0.20, 0.98, 24.46, 23.89, 22, 84, 4395500
0.20, 0.98, 24.44, 23.86, 22, 84, 4407336
0.20, 0.98, 24.41, 23.84, 22, 84, 4419160
0.20, 0.98, 24.49, 23.92, 22, 84, 4430992
0.20, 0.98, 24.46, 23.89, 23, 84, 4442816
0.20, 0.98, 24.44, 23.86, 23, 84, 4454648
0.20, 0.98, 24.49, 23.92, 23, 84, 4466472
0.20, 0.98, 24.41, 23.84, 23, 84, 4478300
0.20, 1.30, 24.44, 31.82, 23, 84, 4490132
0.21, 0.98, 24.41, 23.84, 23, 84, 4501960
0.21, 0.98, 24.38, 23.81, 23, 84, 4513788
0.21, 0.98, 24.41, 23.84, 23, 84, 4525628
0.21, 1.30, 24.46, 31.85, 23, 84, 4537448
0.21, 0.98, 24.46, 23.89, 23, 84, 4549264
0.22, 0.98, 24.46, 23.89, 23, 84, 4561100
0.21, 1.30, 24.46, 31.85, 23, 84, 4572920
0.21, 0.98, 24.46, 23.89, 23, 84, 4584752
0.21, 0.98, 24.49, 23.92, 23, 84, 4596572
0.21, 0.98, 24.46, 23.89, 23, 84, 4608400
0.21, 1.30, 24.44, 31.82, 23, 84, 4620232
0.21, 0.98, 24.38, 23.81, 23, 84, 4632052
0.21, 0.98, 24.49, 23.92, 24, 84, 4643884
0.21, 1.30, 24.46, 31.85, 24, 84, 4655704
0.21, 1.30, 24.41, 31.78, 24, 84, 4667540
0.22, 0.98, 24.44, 23.86, 24, 84, 4679364
0.22, 0.98, 24.49, 23.92, 24, 84, 4691192
0.22, 1.30, 24.41, 31.78, 24, 84, 4703016
0.23, 1.30, 24.41, 31.78, 24, 84, 4714844
0.23, 0.98, 24.49, 23.92, 24, 84, 4726676
0.23, 1.30, 24.41, 31.78, 24, 84, 4738504
0.23, 1.30, 24.44, 31.82, 24, 84, 4750332
0.23, 1.30, 24.38, 31.75, 24, 84, 4762156
0.23, 1.30, 24.52, 31.92, 24, 84, 4773988
0.23, 1.30, 24.54, 31.96, 24, 84, 4785820
0.24, 1.30, 24.33, 31.68, 24, 85, 4797640
0.23, 1.30, 24.49, 31.89, 24, 84, 4809460
0.23, 1.30, 24.46, 31.85, 24, 84, 4821288
0.24, 1.30, 24.36, 31.71, 24, 84, 4833116
0.24, 1.30, 24.44, 31.82, 25, 84, 4844944
0.24, 1.30, 24.44, 31.82, 25, 84, 4856776
0.24, 1.30, 24.38, 31.75, 25, 84, 4868596
0.24, 1.30, 24.33, 31.68, 25, 84, 4880432
0.24, 1.30, 24.46, 31.85, 25, 84, 4892252
0.25, 1.63, 24.46, 39.82, 25, 84, 4904088
0.25, 1.30, 24.41, 31.78, 25, 84, 4915904
0.25, 1.30, 24.46, 31.85, 25, 84, 4927740
0.25, 1.63, 24.46, 39.82, 25, 84, 4939560
0.25, 1.63, 24.41, 39.73, 25, 84, 4951388
0.25, 1.30, 24.52, 31.92, 25, 84, 4963216
0.25, 1.63, 24.44, 39.77, 25, 84, 4975040
0.26, 1.30, 24.52, 31.92, 25, 84, 4986892
0.26, 1.30, 24.49, 31.89, 25, 85, 4998696
0.26, 1.30, 24.49, 31.89, 25, 84, 5010528
0.26, 1.63, 24.38, 39.69, 25, 84, 5022352
0.26, 1.63, 24.41, 39.73, 25, 84, 5034188
0.26, 1.63, 24.44, 39.77, 26, 84, 5046028
0.26, 1.30, 24.44, 31.82, 26, 84, 5057844
0.26, 1.63, 24.36, 39.64, 26, 84, 5069664
0.26, 1.63, 24.41, 39.73, 26, 84, 5081496
0.26, 1.63, 24.41, 39.73, 26, 84, 5093328
0.27, 1.63, 24.38, 39.69, 26, 84, 5105148
0.27, 1.63, 24.36, 39.64, 26, 84, 5116980
0.27, 1.95, 24.44, 47.73, 26, 84, 5128800
0.27, 1.63, 24.46, 39.82, 26, 84, 5140636
0.27, 1.63, 24.38, 39.69, 26, 84, 5152456
0.27, 1.63, 24.49, 39.86, 26, 84, 5164288
0.27, 1.95, 24.44, 47.73, 26, 84, 5176104
0.27, 1.95, 24.38, 47.62, 26, 84, 5187932
0.27, 1.63, 24.41, 39.73, 26, 84, 5199764
0.27, 1.63, 24.46, 39.82, 26, 84, 5211588
0.27, 1.63, 24.46, 39.82, 26, 84, 5223428
0.27, 1.63, 24.33, 39.60, 26, 84, 5235248
0.28, 1.95, 24.44, 47.73, 27, 84, 5247100
0.28, 1.63, 24.46, 39.82, 27, 84, 5258904
0.28, 1.95, 24.44, 47.73, 27, 84, 5270740
0.28, 1.63, 24.36, 39.64, 27, 84, 5282556
0.28, 1.63, 24.38, 39.69, 27, 84, 5294392
0.29, 1.95, 24.46, 47.78, 27, 84, 5306212
0.29, 1.95, 24.36, 47.57, 27, 84, 5318040
0.29, 1.95, 24.33, 47.52, 27, 84, 5329876
0.29, 1.63, 24.49, 39.86, 27, 84, 5341696
0.29, 1.95, 24.41, 47.68, 27, 84, 5353536
0.29, 1.63, 24.38, 39.69, 27, 84, 5365356
0.29, 1.95, 24.38, 47.62, 27, 84, 5377192
0.29, 1.95, 24.44, 47.73, 27, 84, 5389012
0.29, 1.95, 24.44, 47.73, 27, 84, 5400848
0.30, 1.95, 24.41, 47.68, 27, 84, 5412668
0.30, 1.95, 24.38, 47.62, 27, 84, 5424496
0.30, 1.95, 24.44, 47.73, 27, 84, 5436324
0.29, 1.95, 24.44, 47.73, 28, 84, 5448156
0.30, 1.95, 24.36, 47.57, 28, 84, 5459988
0.30, 1.63, 24.52, 39.91, 28, 84, 5471812
0.30, 1.95, 24.49, 47.83, 28, 84, 5483644
0.30, 2.28, 24.38, 55.56, 28, 84, 5495468
0.31, 1.95, 24.41, 47.68, 28, 84, 5507312
0.31, 2.28, 24.46, 55.74, 28, 84, 5519116
0.31, 2.28, 24.41, 55.62, 28, 84, 5530956
0.31, 2.28, 24.33, 55.44, 28, 84, 5542772
0.31, 2.28, 24.46, 55.74, 28, 84, 5554596
0.31, 1.95, 24.33, 47.52, 28, 84, 5566432
0.31, 2.28, 24.30, 55.38, 28, 85, 5578256
0.31, 2.28, 24.33, 55.44, 28, 84, 5590088
0.32, 2.28, 24.46, 55.74, 28, 84, 5601912
0.32, 2.28, 24.44, 55.68, 28, 84, 5613744
0.32, 1.95, 24.33, 47.52, 28, 84, 5625568
0.32, 2.28, 24.30, 55.38, 28, 84, 5637408
0.32, 2.28, 24.41, 55.62, 29, 84, 5649224
0.32, 2.28, 24.49, 55.81, 29, 84, 5661052
0.32, 2.28, 24.41, 55.62, 29, 84, 5672892
0.32, 1.95, 24.49, 47.83, 29, 84, 5684708
0.33, 2.28, 24.52, 55.87, 29, 84, 5696544
0.33, 2.60, 24.38, 63.50, 29, 84, 5708368
0.33, 2.28, 24.41, 55.62, 29, 84, 5720204
0.33, 2.28, 24.46, 55.74, 29, 84, 5732024
0.33, 2.28, 24.52, 55.87, 29, 84, 5743860
0.34, 2.28, 24.33, 55.44, 29, 84, 5755680
0.34, 2.60, 24.33, 63.36, 29, 84, 5767508
0.34, 2.28, 24.49, 55.81, 29, 84, 5779336
0.34, 2.60, 24.44, 63.64, 29, 84, 5791164
0.34, 2.28, 24.38, 55.56, 29, 84, 5803000
0.34, 2.28, 24.41, 55.62, 29, 84, 5814824
0.34, 1.95, 24.52, 47.89, 29, 84, 5826656
0.34, 2.60, 24.38, 63.50, 29, 84, 5838480
0.34, 2.60, 24.41, 63.57, 30, 84, 5850312
0.34, 2.28, 24.49, 55.81, 30, 84, 5862136
0.34, 2.28, 24.41, 55.62, 30, 84, 5873968
0.35, 2.28, 24.52, 55.87, 30, 84, 5885804
0.35, 2.93, 24.33, 71.28, 30, 84, 5897616
0.35, 2.60, 24.49, 63.78, 30, 84, 5909448
0.36, 2.93, 24.44, 71.59, 30, 84, 5921272
0.36, 2.60, 24.41, 63.57, 30, 84, 5933104
0.36, 2.60, 24.33, 63.36, 30, 84, 5944928
0.36, 2.60, 24.33, 63.36, 30, 84, 5956764
0.36, 2.93, 24.44, 71.59, 30, 84, 5968584
0.36, 2.93, 24.41, 71.51, 30, 84, 5980420
0.36, 2.60, 24.30, 63.29, 30, 84, 5992236
0.36, 2.60, 24.36, 63.43, 30, 84, 6004068
0.36, 2.93, 24.44, 71.59, 30, 84, 6015896
0.36, 2.93, 24.41, 71.51, 30, 84, 6027724
0.36, 2.60, 24.36, 63.43, 30, 84, 6039556
0.36, 2.60, 24.52, 63.85, 31, 84, 6051376
0.36, 2.60, 24.49, 63.78, 31, 84, 6063212
0.37, 2.93, 24.33, 71.28, 31, 84, 6075032
0.37, 2.60, 24.30, 63.29, 31, 84, 6086872
0.38, 2.60, 24.44, 63.64, 31, 84, 6098688
0.38, 2.93, 24.38, 71.43, 31, 84, 6110524
0.38, 2.93, 24.25, 71.04, 31, 84, 6122344
0.39, 2.93, 24.33, 71.28, 31, 84, 6134168
0.39, 2.93, 24.30, 71.20, 31, 84, 6146020
0.39, 3.26, 24.33, 79.20, 31, 85, 6157824
0.39, 3.26, 24.33, 79.20, 31, 84, 6169656
0.39, 2.93, 24.49, 71.75, 31, 84, 6181480
0.39, 3.26, 24.41, 79.46, 31, 84, 6193308
0.39, 2.93, 24.36, 71.36, 31, 84, 6205128
0.39, 2.93, 24.33, 71.28, 31, 84, 6216964
0.39, 2.93, 24.46, 71.67, 31, 84, 6228788
0.39, 2.93, 24.44, 71.59, 31, 84, 6240616
0.39, 3.26, 24.25, 78.93, 32, 84, 6252444
0.39, 2.93, 24.41, 71.51, 32, 84, 6264272
0.39, 2.93, 24.46, 71.67, 32, 84, 6276108
0.40, 3.26, 24.44, 79.55, 32, 84, 6287932
0.40, 3.26, 24.33, 79.20, 32, 84, 6299764
0.40, 3.26, 24.44, 79.55, 32, 84, 6311588
0.41, 3.26, 24.44, 79.55, 32, 84, 6323420
0.41, 3.58, 24.38, 87.31, 32, 84, 6335240
0.41, 3.58, 24.33, 87.12, 32, 84, 6347076
0.41, 2.93, 24.54, 71.91, 32, 84, 6358900
0.41, 3.26, 24.46, 79.63, 32, 84, 6370732
0.41, 3.58, 24.41, 87.40, 32, 84, 6382564
0.41, 3.26, 24.27, 79.02, 32, 84, 6394384
0.41, 3.26, 24.36, 79.28, 32, 84, 6406236
0.42, 3.58, 24.44, 87.50, 32, 85, 6418044
0.42, 3.58, 24.41, 87.40, 32, 84, 6429876
0.42, 3.26, 24.27, 79.02, 32, 84, 6441700
0.42, 2.93, 24.52, 71.83, 33, 84, 6453532
0.41, 3.58, 24.41, 87.40, 33, 84, 6465352
0.42, 3.58, 24.46, 87.60, 33, 84, 6477184
0.42, 3.58, 24.22, 86.73, 33, 84, 6489016
0.43, 3.58, 24.46, 87.60, 33, 84, 6500836
0.43, 3.91, 24.38, 95.25, 33, 84, 6512668
0.43, 3.91, 24.25, 94.72, 33, 84, 6524492
0.44, 3.58, 24.33, 87.12, 33, 84, 6536320
0.44, 3.91, 24.36, 95.14, 33, 84, 6548140
0.44, 3.91, 24.38, 95.25, 33, 84, 6559972
0.44, 3.58, 24.41, 87.40, 33, 84, 6571796
0.44, 3.58, 24.36, 87.21, 33, 84, 6583628
0.44, 3.58, 24.27, 86.92, 33, 84, 6595448
0.44, 3.91, 24.41, 95.35, 33, 84, 6607292
0.44, 3.26, 24.49, 79.72, 33, 84, 6619112
0.44, 3.91, 24.41, 95.35, 33, 84, 6630932
0.44, 3.91, 24.41, 95.35, 33, 84, 6642768
0.44, 3.26, 24.30, 79.11, 34, 84, 6654592
0.44, 3.58, 24.30, 87.02, 34, 84, 6666428
0.45, 4.23, 24.36, 103.07, 34, 84, 6678248
0.45, 3.91, 24.33, 95.03, 34, 84, 6690080
0.46, 3.58, 24.46, 87.60, 34, 84, 6701904
0.46, 3.91, 24.38, 95.25, 34, 84, 6713732
0.46, 4.23, 24.44, 103.41, 34, 84, 6725568
0.46, 3.91, 24.22, 94.61, 34, 84, 6737388
0.47, 4.23, 24.22, 102.50, 34, 84, 6749228
0.46, 4.23, 24.38, 103.18, 34, 84, 6761048
0.46, 4.23, 24.41, 103.30, 34, 84, 6772880
0.46, 3.91, 24.38, 95.25, 34, 84, 6784700
0.46, 3.91, 24.36, 95.14, 34, 84, 6796536
0.46, 4.23, 24.41, 103.30, 34, 84, 6808360
0.46, 3.91, 24.36, 95.14, 34, 84, 6820188
0.46, 3.58, 24.49, 87.69, 34, 84, 6832016
0.46, 3.91, 24.38, 95.25, 34, 84, 6843844
0.46, 4.23, 24.44, 103.41, 35, 84, 6855676
0.46, 4.23, 24.36, 103.07, 35, 84, 6867516
0.46, 3.91, 24.38, 95.25, 35, 84, 6879332
0.47, 4.23, 24.25, 102.61, 35, 84, 6891152
0.47, 4.56, 24.36, 111.00, 35, 84, 6902988
0.48, 4.23, 24.27, 102.73, 35, 84, 6914812
0.48, 4.23, 24.30, 102.84, 35, 84, 6926648
0.49, 4.56, 24.41, 111.24, 35, 84, 6938464
0.49, 4.23, 24.22, 102.50, 35, 84, 6950296
0.49, 4.23, 24.44, 103.41, 35, 84, 6962128
0.49, 4.23, 24.33, 102.95, 35, 84, 6973948
0.49, 4.23, 24.36, 103.07, 35, 84, 6985784
0.49, 4.23, 24.44, 103.41, 35, 84, 6997604
0.49, 4.23, 24.52, 103.75, 35, 84, 7009440
0.49, 4.56, 24.33, 110.87, 35, 84, 7021260
0.49, 4.56, 24.25, 110.51, 35, 84, 7033096
0.49, 4.23, 24.49, 103.64, 35, 84, 7044916
0.49, 4.23, 24.46, 103.53, 36, 84, 7056744
0.49, 4.56, 24.30, 110.75, 36, 84, 7068572
0.49, 4.23, 24.44, 103.41, 36, 84, 7080400
0.50, 4.23, 24.54, 103.87, 36, 84, 7092232
0.50, 4.88, 24.36, 118.93, 36, 84, 7104056
0.51, 4.56, 24.17, 110.14, 36, 84, 7115888
0.51, 5.21, 24.22, 126.15, 36, 84, 7127728
0.52, 4.56, 24.52, 111.73, 36, 85, 7139544
0.52, 4.88, 24.33, 118.79, 36, 84, 7151368
0.52, 4.88, 24.41, 119.19, 36, 84, 7163200
0.53, 4.56, 24.49, 111.61, 36, 84, 7175024
0.53, 4.56, 24.44, 111.37, 36, 84, 7186852
0.53, 5.21, 24.38, 126.99, 36, 84, 7198688
0.53, 4.88, 24.25, 118.40, 36, 84, 7210508
0.53, 4.56, 24.44, 111.37, 36, 84, 7222344
0.53, 4.88, 24.44, 119.32, 36, 84, 7234168
0.53, 4.56, 24.46, 111.49, 36, 84, 7246016
0.53, 4.56, 24.27, 110.63, 37, 85, 7257824
0.53, 4.56, 24.30, 110.75, 37, 84, 7269660
0.53, 5.21, 24.38, 126.99, 37, 84, 7281480
0.53, 5.21, 24.36, 126.85, 37, 84, 7293308
0.54, 5.21, 24.17, 125.87, 37, 84, 7305132
0.55, 5.53, 24.36, 134.78, 37, 85, 7316960
0.55, 5.53, 24.27, 134.33, 37, 84, 7328792
0.56, 5.21, 24.30, 126.57, 37, 84, 7340612
0.56, 4.88, 24.57, 119.98, 37, 84, 7352444
0.56, 5.53, 24.17, 133.74, 37, 84, 7364268
0.56, 5.21, 24.25, 126.29, 37, 84, 7376100
0.56, 4.88, 24.46, 119.45, 37, 84, 7387920
0.56, 5.21, 24.38, 126.99, 37, 84, 7399756
0.56, 5.53, 24.25, 134.18, 37, 84, 7411576
0.56, 4.88, 24.52, 119.72, 37, 84, 7423400
0.56, 4.88, 24.49, 119.58, 37, 84, 7435236
0.56, 5.21, 24.17, 125.87, 37, 84, 7447056
0.56, 5.21, 24.33, 126.71, 38, 84, 7458888
0.56, 5.53, 24.52, 135.68, 38, 84, 7470708
0.56, 5.53, 24.22, 134.04, 38, 84, 7482536
0.56, 4.88, 24.44, 119.32, 38, 84, 7494360
0.57, 5.21, 24.17, 125.87, 38, 84, 7506204
0.58, 5.86, 24.41, 143.03, 38, 84, 7518008
0.58, 5.53, 24.25, 134.18, 38, 84, 7529832
0.58, 5.53, 24.46, 135.38, 38, 84, 7541660
0.58, 5.53, 24.25, 134.18, 38, 84, 7553484
0.58, 5.53, 24.14, 133.59, 38, 84, 7565320
0.58, 5.53, 24.46, 135.38, 38, 84, 7577144
0.58, 6.18, 24.30, 150.30, 38, 84, 7588976
0.59, 5.53, 24.22, 134.04, 38, 84, 7600800
0.59, 5.86, 24.11, 141.29, 38, 84, 7612636
0.59, 5.86, 24.41, 143.03, 38, 84, 7624452
0.58, 5.86, 24.44, 143.18, 38, 84, 7636284
0.58, 5.53, 24.33, 134.63, 38, 84, 7648112
0.58, 6.18, 24.36, 150.64, 39, 84, 7659932
0.58, 6.51, 24.36, 158.57, 39, 84, 7671772
0.59, 5.53, 24.27, 134.33, 39, 84, 7683592
0.59, 5.86, 24.22, 141.92, 39, 84, 7695424
0.60, 6.18, 24.25, 149.97, 39, 84, 7707248
0.60, 6.51, 24.36, 158.57, 39, 84, 7719084
0.61, 5.86, 24.44, 143.18, 39, 84, 7730904
0.61, 5.53, 24.44, 135.23, 39, 84, 7742740
0.61, 6.51, 24.41, 158.92, 39, 84, 7754560
0.61, 5.86, 24.52, 143.66, 39, 84, 7766404
0.61, 5.86, 24.44, 143.18, 39, 85, 7778216
0.61, 6.18, 24.27, 150.14, 39, 84, 7790040
0.61, 6.18, 23.92, 147.97, 39, 84, 7801872
0.61, 5.86, 24.54, 143.82, 39, 84, 7813692
0.61, 6.51, 24.14, 157.16, 39, 84, 7825528
0.61, 6.51, 24.19, 157.51, 39, 84, 7837344
0.61, 6.18, 24.19, 149.64, 39, 84, 7849180
0.61, 6.51, 24.38, 158.74, 40, 84, 7861000
0.61, 6.51, 24.41, 158.92, 40, 84, 7872836
0.61, 6.18, 24.27, 150.14, 40, 84, 7884656
0.62, 6.51, 24.41, 158.92, 40, 84, 7896484
0.63, 7.16, 24.30, 174.04, 40, 84, 7908320
0.63, 6.18, 24.52, 151.64, 40, 84, 7920136
0.63, 6.51, 24.49, 159.44, 40, 84, 7931968
0.64, 6.51, 24.22, 157.69, 40, 84, 7943792
0.64, 6.18, 24.36, 150.64, 40, 84, 7955624
0.64, 6.84, 24.33, 166.31, 40, 84, 7967444
0.64, 7.16, 24.38, 174.62, 40, 84, 7979280
0.64, 6.51, 24.19, 157.51, 40, 84, 7991100
0.64, 6.51, 24.30, 158.22, 40, 84, 8002928
0.64, 6.84, 24.22, 165.57, 40, 84, 8014756
0.64, 6.51, 24.22, 157.69, 40, 84, 8026588
0.64, 6.51, 24.52, 159.62, 40, 84, 8038420
0.64, 6.84, 24.11, 164.84, 40, 84, 8050240
0.64, 6.84, 24.06, 164.47, 41, 84, 8062076
0.64, 6.84, 24.41, 166.86, 41, 84, 8073892
0.64, 7.16, 24.27, 173.84, 41, 84, 8085724
0.64, 6.51, 24.27, 158.04, 41, 84, 8097548
0.65, 6.84, 24.22, 165.57, 41, 84, 8109384
0.66, 7.16, 24.17, 173.07, 41, 84, 8121200
0.66, 6.84, 24.46, 167.23, 41, 84, 8133028
0.67, 7.16, 24.36, 174.42, 41, 84, 8144864
0.67, 7.16, 24.06, 172.30, 41, 84, 8156680
0.67, 6.84, 24.46, 167.23, 41, 84, 8168512
0.67, 7.49, 24.17, 180.94, 41, 84, 8180332
0.67, 7.16, 24.09, 172.49, 41, 84, 8192164
0.68, 7.81, 24.38, 190.49, 41, 84, 8203984
0.68, 7.16, 24.25, 173.65, 41, 84, 8215816
0.68, 7.49, 24.22, 181.34, 41, 84, 8227652
0.68, 6.84, 24.44, 167.05, 41, 84, 8239460
0.68, 7.16, 24.17, 173.07, 41, 84, 8251288
0.68, 6.84, 24.54, 167.79, 42, 84, 8263112
0.68, 7.81, 24.25, 189.44, 42, 84, 8274944
0.68, 6.84, 24.30, 166.13, 42, 84, 8286768
0.68, 7.16, 24.41, 174.81, 42, 84, 8298600
0.69, 7.81, 24.36, 190.28, 42, 84, 8310424
0.70, 7.81, 24.14, 188.59, 42, 84, 8322260
0.70, 7.49, 24.38, 182.55, 42, 84, 8334080
0.71, 8.14, 24.19, 196.89, 42, 84, 8345916
0.71, 7.49, 24.09, 180.33, 42, 85, 8357736
0.71, 7.16, 24.46, 175.20, 42, 84, 8369564
0.71, 8.14, 24.17, 196.67, 42, 84, 8381400
0.71, 7.49, 24.36, 182.35, 42, 84, 8393212
0.71, 8.14, 24.27, 197.55, 42, 84, 8405048
0.71, 7.81, 24.01, 187.54, 42, 84, 8416868
0.71, 7.49, 24.36, 182.35, 42, 84, 8428704
0.71, 8.14, 24.22, 197.11, 42, 84, 8440524
0.71, 7.81, 24.11, 188.38, 42, 84, 8452356
0.71, 7.81, 24.25, 189.44, 43, 84, 8464176
0.71, 8.14, 24.38, 198.43, 43, 84, 8476008
0.71, 7.81, 24.41, 190.70, 43, 84, 8487852
0.72, 8.14, 24.36, 198.21, 43, 85, 8499664
0.72, 8.46, 24.36, 206.14, 43, 84, 8511500
0.73, 7.81, 24.36, 190.28, 43, 84, 8523320
0.73, 7.49, 24.46, 183.16, 43, 84, 8535152
0.73, 8.14, 24.19, 196.89, 43, 84, 8546972
0.73, 7.81, 24.22, 189.23, 43, 84, 8558804
0.74, 8.79, 24.25, 213.12, 43, 84, 8570624
0.73, 8.79, 24.11, 211.93, 43, 84, 8582456
0.74, 8.14, 24.41, 198.65, 43, 84, 8594276
0.73, 8.14, 24.06, 195.79, 43, 84, 8606104
0.73, 7.81, 24.27, 189.65, 43, 84, 8617936
0.73, 8.14, 24.27, 197.55, 43, 84, 8629756
0.73, 8.46, 24.14, 204.31, 43, 84, 8641588
0.73, 7.81, 24.46, 191.12, 43, 84, 8653412
0.73, 8.46, 24.33, 205.91, 44, 84, 8665244
0.74, 8.14, 24.06, 195.79, 44, 84, 8677068
0.74, 8.14, 24.33, 197.99, 44, 84, 8688904
0.75, 9.11, 24.19, 220.52, 44, 84, 8700724
0.75, 8.79, 24.06, 211.46, 44, 84, 8712552
0.76, 8.46, 24.52, 207.51, 44, 84, 8724384
0.76, 9.11, 24.38, 222.24, 44, 84, 8736208
0.76, 9.11, 24.30, 221.50, 44, 84, 8748060
0.76, 8.79, 24.41, 214.54, 44, 85, 8759864
0.76, 9.11, 24.38, 222.24, 44, 84, 8771700
0.76, 8.14, 24.27, 197.55, 44, 84, 8783524
0.76, 8.46, 24.41, 206.59, 44, 84, 8795356
0.76, 9.11, 24.14, 220.03, 44, 84, 8807180
0.76, 8.79, 24.11, 211.93, 44, 84, 8819016
0.76, 8.79, 24.38, 214.30, 44, 84, 8830840
0.76, 9.44, 24.11, 227.63, 44, 84, 8842664
0.76, 8.79, 24.11, 211.93, 44, 84, 8854500
0.76, 8.46, 24.14, 204.31, 45, 84, 8866340
0.76, 9.11, 24.36, 221.99, 45, 84, 8878156
0.76, 9.11, 24.46, 222.98, 45, 84, 8889976
0.77, 8.79, 24.52, 215.49, 45, 84, 8901808
0.78, 8.79, 24.14, 212.17, 45, 84, 8913624
0.78, 8.79, 24.52, 215.49, 45, 84, 8925460
0.79, 9.11, 24.14, 220.03, 45, 84, 8937280
0.79, 9.11, 24.09, 219.54, 45, 84, 8949108
0.79, 9.11, 24.44, 222.73, 45, 84, 8960940
0.80, 9.44, 24.06, 227.12, 45, 84, 8972764
0.80, 8.79, 24.19, 212.64, 45, 84, 8984600
0.79, 9.77, 24.36, 237.85, 45, 84, 8996416
0.79, 9.44, 24.17, 228.14, 45, 84, 9008252
0.79, 9.11, 24.38, 222.24, 45, 84, 9020068
0.79, 9.77, 24.22, 236.53, 45, 84, 9031904
0.79, 8.79, 24.25, 213.12, 45, 84, 9043724
0.79, 9.11, 24.33, 221.75, 45, 84, 9055556
0.79, 9.77, 24.06, 234.95, 46, 84, 9067380
0.79, 8.79, 24.46, 215.01, 46, 84, 9079204
0.79, 9.77, 24.44, 238.64, 46, 84, 9091036
0.80, 8.79, 24.22, 212.88, 46, 84, 9102856
0.80, 9.11, 24.49, 223.22, 46, 84, 9114692
0.80, 9.77, 24.44, 238.64, 46, 84, 9126528
0.81, 9.77, 24.01, 234.43, 46, 84, 9138348
0.81, 8.79, 24.41, 214.54, 46, 84, 9150172
0.81, 10.09, 24.30, 245.23, 46, 84, 9162004
0.81, 9.11, 24.09, 219.54, 46, 84, 9173820
0.81, 9.44, 24.44, 230.69, 46, 84, 9185648
0.81, 9.44, 24.22, 228.65, 46, 84, 9197472
0.81, 9.44, 24.44, 230.69, 46, 84, 9209300
0.81, 10.09, 24.33, 245.51, 46, 84, 9221132
0.81, 9.11, 24.38, 222.24, 46, 84, 9232952
0.81, 8.79, 24.46, 215.01, 46, 84, 9244784
0.81, 9.77, 24.11, 235.48, 46, 84, 9256604
0.81, 9.11, 24.41, 222.49, 47, 84, 9268436
0.81, 10.09, 23.98, 241.97, 47, 84, 9280256
0.82, 10.42, 24.14, 251.46, 47, 84, 9292088
0.83, 10.74, 24.30, 261.06, 47, 84, 9303908
0.83, 10.42, 23.92, 249.21, 47, 84, 9315740
0.84, 9.77, 24.41, 238.38, 47, 84, 9327572
0.84, 10.42, 24.06, 250.62, 47, 84, 9339392
0.84, 10.42, 24.06, 250.62, 47, 84, 9351228
0.84, 10.42, 24.38, 253.99, 47, 84, 9363048
0.84, 10.74, 24.22, 260.19, 47, 84, 9374884
0.84, 10.42, 24.09, 250.90, 47, 84, 9386716
0.84, 9.44, 24.44, 230.69, 47, 84, 9398540
0.84, 10.42, 23.98, 249.77, 47, 84, 9410356
0.84, 10.09, 24.06, 242.78, 47, 84, 9422188
0.84, 10.74, 24.22, 260.19, 47, 84, 9434016
0.84, 10.42, 24.03, 250.34, 47, 84, 9445840
0.84, 9.77, 24.30, 237.32, 47, 84, 9457676
0.84, 10.74, 23.90, 256.71, 48, 84, 9469496
0.84, 9.77, 24.19, 236.27, 48, 84, 9481328
0.84, 10.74, 24.19, 259.90, 48, 84, 9493148
0.85, 10.74, 24.03, 258.16, 48, 84, 9504976
0.86, 11.07, 24.33, 269.27, 48, 84, 9516800
0.86, 11.07, 24.25, 268.37, 48, 84, 9528632
0.86, 10.09, 24.41, 246.32, 48, 84, 9540452
0.86, 11.07, 24.17, 267.47, 48, 84, 9552276
0.86, 10.74, 23.92, 257.00, 48, 84, 9564108
0.86, 11.39, 24.22, 275.96, 48, 84, 9575928
0.86, 11.39, 24.30, 276.88, 48, 84, 9587764
0.86, 10.74, 24.41, 262.21, 48, 85, 9599580
0.86, 11.39, 24.11, 274.73, 48, 84, 9611416
0.86, 10.09, 24.25, 244.69, 48, 84, 9623232
0.86, 11.07, 24.36, 269.56, 48, 84, 9635068
0.86, 10.42, 24.14, 251.46, 48, 84, 9646888
0.86, 10.42, 24.25, 252.58, 48, 84, 9658716
0.86, 10.74, 23.90, 256.71, 49, 84, 9670544
0.86, 10.74, 24.19, 259.90, 49, 84, 9682372
0.87, 11.07, 24.25, 268.37, 49, 84, 9694208
0.88, 11.72, 24.01, 281.31, 49, 84, 9706028
0.89, 10.74, 24.30, 261.06, 49, 84, 9717860
0.89, 11.39, 24.01, 273.50, 49, 84, 9729680
0.90, 10.74, 24.11, 259.03, 49, 84, 9741512
0.90, 12.04, 24.25, 292.05, 49, 84, 9753332
0.90, 11.07, 24.25, 268.37, 49, 84, 9765160
0.91, 12.04, 24.25, 292.05, 49, 84, 9776984
0.90, 12.04, 23.95, 288.48, 49, 84, 9788808
0.91, 11.07, 24.09, 266.58, 49, 84, 9800644
0.91, 11.72, 24.09, 282.26, 49, 84, 9812460
0.91, 11.07, 24.19, 267.77, 49, 84, 9824296
0.91, 11.72, 24.30, 284.79, 49, 84, 9836112
0.91, 11.72, 24.44, 286.37, 49, 84, 9847960
0.91, 11.72, 24.27, 284.47, 49, 84, 9859768
0.91, 12.04, 24.06, 289.78, 50, 84, 9871604
0.91, 11.39, 24.41, 278.11, 50, 84, 9883424
0.91, 11.72, 24.38, 285.74, 50, 84, 9895252
0.92, 11.72, 23.92, 280.36, 50, 84, 9907084
0.93, 11.72, 24.46, 286.68, 50, 84, 9918912
0.93, 12.37, 24.14, 298.61, 50, 84, 9930744
0.94, 11.72, 24.30, 284.79, 50, 84, 9942564
0.94, 11.39, 24.41, 278.11, 50, 84, 9954400
0.94, 11.07, 24.19, 267.77, 50, 84, 9966220
0.94, 11.72, 24.38, 285.74, 50, 84, 9978056
0.94, 12.37, 24.03, 297.27, 50, 84, 9989876
0.94, 13.02, 23.95, 311.87, 50, 84, 10001712
0.94, 13.02, 24.01, 312.57, 50, 84, 10013536
0.94, 11.72, 23.76, 278.47, 50, 84, 10025364
0.94, 11.39, 24.63, 280.57, 50, 84, 10037196
0.94, 12.37, 24.01, 296.94, 50, 84, 10049020
0.94, 11.72, 24.19, 283.52, 50, 84, 10060852
0.95, 13.02, 24.09, 313.62, 51, 84, 10072676
0.94, 12.04, 24.06, 289.78, 51, 84, 10084512
0.95, 12.37, 24.60, 304.28, 51, 84, 10096332
0.96, 12.37, 24.19, 299.28, 51, 84, 10108180
0.96, 12.37, 24.27, 300.28, 51, 84, 10119988
0.97, 12.37, 24.22, 299.61, 51, 84, 10131812
0.97, 12.70, 24.22, 307.49, 51, 84, 10143644
0.97, 12.70, 24.33, 308.86, 51, 84, 10155468
0.97, 12.70, 23.76, 301.67, 51, 84, 10167304
0.97, 13.02, 24.52, 319.24, 51, 84, 10179120
0.97, 13.67, 23.84, 325.98, 51, 84, 10190952
0.97, 12.37, 24.44, 302.28, 51, 84, 10202772
0.97, 13.35, 24.03, 320.74, 51, 84, 10214604
0.97, 11.72, 24.44, 286.37, 51, 84, 10226428
0.97, 12.70, 24.36, 309.21, 51, 84, 10238256
0.97, 11.72, 24.46, 286.68, 51, 84, 10250080
0.97, 12.70, 24.27, 308.18, 51, 84, 10261900
0.97, 12.70, 23.98, 304.41, 52, 84, 10273732
0.97, 13.35, 24.19, 322.90, 52, 84, 10285552
0.98, 13.35, 23.74, 316.78, 52, 84, 10297388
0.99, 13.35, 24.71, 329.74, 52, 84, 10309212
1.00, 12.70, 23.82, 302.36, 52, 84, 10321040
1.00, 13.35, 24.17, 322.54, 52, 84, 10332860
1.00, 13.35, 23.74, 316.78, 52, 84, 10344692
1.00, 13.02, 24.22, 315.38, 52, 84, 10356516
1.00, 12.37, 24.33, 300.94, 52, 84, 10368356
1.00, 13.35, 24.25, 323.62, 52, 85, 10380168
1.00, 14.32, 23.95, 343.05, 52, 84, 10391996
1.00, 13.35, 24.36, 325.06, 52, 84, 10403824
1.00, 14.32, 23.87, 341.89, 52, 84, 10415644
1.00, 14.00, 23.95, 335.26, 52, 84, 10427480
1.00, 14.00, 23.84, 333.75, 52, 84, 10439296
1.00, 13.35, 24.17, 322.54, 52, 84, 10451128
1.00, 14.65, 23.82, 348.87, 52, 84, 10462952
1.00, 13.02, 24.01, 312.57, 53, 84, 10474780
1.00, 12.70, 24.41, 309.89, 53, 84, 10486620
1.01, 14.00, 24.22, 339.03, 53, 84, 10498432
1.02, 13.35, 24.30, 324.34, 53, 84, 10510268
1.03, 13.67, 23.74, 324.51, 53, 84, 10522088
1.03, 13.02, 24.52, 319.24, 53, 84, 10533920
1.03, 13.67, 24.17, 330.41, 53, 84, 10545744
1.03, 13.35, 24.03, 320.74, 53, 84, 10557580
1.04, 13.67, 23.79, 325.25, 53, 84, 10569400
1.04, 13.35, 24.11, 321.82, 53, 84, 10581236
1.04, 14.00, 23.82, 333.37, 53, 84, 10593056
1.04, 14.32, 24.01, 343.83, 53, 84, 10604884
1.04, 14.65, 23.84, 349.27, 53, 84, 10616712
1.04, 13.67, 24.44, 334.10, 53, 84, 10628544
1.04, 14.65, 24.11, 353.22, 53, 84, 10640376
1.04, 14.00, 24.01, 336.01, 53, 84, 10652196
1.04, 14.00, 24.49, 342.81, 53, 84, 10664028
1.04, 14.00, 24.06, 336.77, 54, 84, 10675856
1.04, 14.32, 24.30, 348.07, 54, 84, 10687688
1.04, 14.32, 23.79, 340.73, 54, 84, 10699512
1.05, 14.32, 24.19, 346.53, 54, 84, 10711344
1.06, 14.65, 23.76, 348.08, 54, 84, 10723164
1.06, 13.67, 24.57, 335.94, 54, 84, 10734992
1.06, 14.32, 24.30, 348.07, 54, 84, 10746844
1.06, 14.32, 24.36, 348.85, 54, 84, 10758652
1.06, 14.97, 23.92, 358.24, 54, 84, 10770484
1.06, 15.30, 24.27, 371.39, 54, 84, 10782304
1.07, 15.30, 24.17, 369.74, 54, 84, 10794140
1.07, 15.63, 24.14, 377.19, 54, 84, 10805956
1.07, 15.30, 23.98, 366.85, 54, 84, 10817792
1.07, 15.30, 24.25, 370.98, 54, 84, 10829608
1.07, 15.30, 23.98, 366.85, 54, 84, 10841436
1.07, 15.63, 24.19, 378.03, 54, 84, 10853264
1.07, 14.97, 23.74, 355.41, 54, 84, 10865092
1.07, 14.65, 24.44, 357.96, 55, 84, 10876920
1.07, 14.97, 24.03, 359.86, 55, 84, 10888740
1.07, 14.97, 24.38, 365.11, 55, 84, 10900576
1.07, 14.97, 24.03, 359.86, 55, 84, 10912396
1.08, 15.30, 24.30, 371.81, 55, 84, 10924232
1.09, 14.32, 23.98, 343.44, 55, 84, 10936048
1.09, 16.93, 23.84, 403.60, 55, 84, 10947884
1.10, 14.97, 24.33, 364.30, 55, 85, 10959704
1.10, 15.63, 24.25, 378.87, 55, 84, 10971532
1.10, 14.97, 24.09, 360.67, 55, 84, 10983364
1.10, 16.60, 24.06, 399.42, 55, 84, 10995188
1.10, 15.95, 24.09, 384.19, 55, 84, 11007036
1.10, 16.28, 24.11, 392.47, 55, 85, 11018848
1.10, 15.30, 23.95, 366.44, 55, 84, 11030680
1.10, 16.28, 23.92, 389.39, 55, 84, 11042500
1.10, 14.65, 23.84, 349.27, 55, 84, 11054336
1.10, 15.95, 23.98, 382.47, 55, 84, 11066156
1.10, 14.97, 23.95, 358.65, 56, 84, 11077984
1.10, 16.28, 23.76, 386.76, 56, 84, 11089812
1.10, 14.65, 24.03, 352.03, 56, 84, 11101640
1.10, 16.60, 24.30, 403.45, 56, 84, 11113476
1.11, 15.63, 24.17, 377.61, 56, 84, 11125296
1.12, 16.60, 24.19, 401.66, 56, 84, 11137132
1.13, 15.95, 24.27, 387.20, 56, 84, 11148952
1.13, 16.60, 23.76, 394.49, 56, 84, 11160784
1.13, 16.60, 24.33, 403.90, 56, 84, 11172604
1.13, 15.95, 23.79, 379.45, 56, 84, 11184432
1.13, 16.93, 23.79, 402.69, 56, 84, 11196256
1.13, 15.95, 23.84, 380.31, 56, 84, 11208080
1.13, 16.93, 24.01, 406.34, 56, 84, 11219916
1.13, 16.28, 24.38, 396.86, 56, 84, 11231736
1.13, 16.93, 23.74, 401.77, 56, 84, 11243568
1.13, 17.25, 23.98, 413.69, 56, 85, 11255384
1.13, 16.60, 23.84, 395.84, 56, 84, 11267216
1.13, 16.93, 23.76, 402.23, 57, 84, 11279040
1.13, 15.95, 23.65, 377.30, 57, 84, 11290872
1.13, 17.25, 23.76, 409.96, 57, 84, 11302692
1.14, 15.95, 24.03, 383.33, 57, 84, 11314516
1.15, 16.60, 24.25, 402.55, 57, 84, 11326344
1.15, 17.58, 24.09, 423.39, 57, 84, 11338168
1.16, 16.93, 23.52, 398.12, 57, 84, 11350000
1.16, 17.25, 23.84, 411.36, 57, 84, 11361824
1.17, 16.28, 24.27, 395.10, 57, 84, 11373652
1.17, 17.25, 23.57, 406.71, 57, 84, 11385476
1.17, 16.60, 23.92, 397.18, 57, 84, 11397312
1.17, 17.90, 23.52, 421.09, 57, 84, 11409132
1.17, 16.93, 24.27, 410.90, 57, 84, 11420964
1.17, 16.60, 23.90, 396.73, 57, 84, 11432788
1.17, 16.60, 24.36, 404.35, 57, 84, 11444616
1.17, 16.28, 23.87, 388.52, 57, 84, 11456448
1.17, 16.93, 24.17, 409.08, 57, 84, 11468288
1.17, 16.60, 23.98, 398.08, 58, 84, 11480108
1.18, 17.90, 23.63, 423.02, 58, 84, 11491928
1.18, 16.28, 24.03, 391.15, 58, 84, 11503760
1.18, 16.93, 23.84, 403.60, 58, 84, 11515584
1.18, 16.60, 24.14, 400.76, 58, 84, 11527420
1.19, 16.28, 23.98, 390.27, 58, 85, 11539240
1.19, 17.90, 24.38, 436.54, 58, 84, 11551072
1.20, 17.25, 24.03, 414.62, 58, 84, 11562900
1.20, 18.23, 23.44, 427.27, 58, 84, 11574724
1.20, 17.90, 24.36, 436.06, 58, 84, 11586560
1.20, 18.23, 23.79, 433.66, 58, 84, 11598380
1.20, 17.58, 24.49, 430.50, 58, 84, 11610220
1.20, 17.25, 24.17, 416.94, 58, 84, 11622040
1.20, 17.90, 24.14, 432.20, 58, 84, 11633876
1.20, 17.58, 24.25, 426.23, 58, 84, 11645696
1.20, 18.55, 24.19, 448.91, 58, 84, 11657528
1.20, 17.90, 24.38, 436.54, 58, 84, 11669352
1.20, 17.58, 23.87, 419.60, 59, 84, 11681184
1.20, 18.55, 24.57, 455.92, 59, 84, 11693012
1.20, 17.58, 24.73, 434.77, 59, 84, 11704832
1.20, 18.55, 23.82, 441.91, 59, 84, 11716668
1.21, 18.23, 23.87, 435.14, 59, 84, 11728504
1.22, 18.23, 23.71, 432.19, 59, 84, 11740328
1.22, 19.86, 23.71, 470.78, 59, 84, 11752152
1.23, 17.58, 24.03, 422.44, 59, 84, 11763980
1.23, 18.88, 24.01, 453.22, 59, 84, 11775804
1.23, 17.90, 24.54, 439.44, 59, 84, 11787632
1.23, 17.90, 24.14, 432.20, 59, 84, 11799464
1.23, 18.88, 23.63, 446.09, 59, 84, 11811288
1.23, 17.90, 24.30, 435.09, 59, 84, 11823124
1.23, 18.88, 23.84, 450.17, 59, 84, 11834944
1.23, 18.23, 24.06, 438.58, 59, 84, 11846796
1.23, 18.55, 24.30, 450.91, 59, 84, 11858604
1.23, 18.55, 23.44, 434.90, 59, 84, 11870436
1.23, 19.21, 23.82, 457.41, 60, 84, 11882256
1.23, 18.55, 23.65, 438.90, 60, 84, 11894092
1.23, 18.23, 23.60, 430.22, 60, 84, 11905912
1.23, 20.18, 24.09, 486.11, 60, 84, 11917740
1.25, 18.88, 24.09, 454.75, 60, 84, 11929576
1.26, 19.53, 23.84, 465.69, 60, 84, 11941396
1.26, 19.53, 24.33, 475.17, 60, 84, 11953232
1.26, 19.53, 24.14, 471.49, 60, 84, 11965052
1.26, 20.51, 23.87, 489.53, 60, 84, 11976884
1.26, 18.88, 24.06, 454.24, 60, 84, 11988716
1.27, 18.88, 24.33, 459.33, 60, 84, 12000536
1.27, 19.21, 23.90, 458.97, 60, 84, 12012356
1.27, 19.86, 24.25, 481.49, 60, 84, 12024180
1.27, 19.53, 24.27, 474.12, 60, 84, 12036008
1.27, 20.51, 23.92, 490.64, 60, 84, 12047840
1.27, 20.18, 23.87, 481.76, 60, 84, 12059672
1.27, 19.21, 24.63, 472.95, 60, 84, 12071492
1.27, 20.51, 23.65, 485.10, 61, 84, 12083328
1.27, 19.21, 23.49, 451.20, 61, 84, 12095148
1.26, 20.18, 23.36, 471.42, 61, 84, 12107004
1.27, 19.21, 23.63, 453.79, 61, 84, 12118808
1.29, 20.51, 23.76, 487.32, 61, 84, 12130636
1.29, 19.53, 24.19, 472.54, 61, 84, 12142464
1.30, 19.53, 24.14, 471.49, 61, 84, 12154292
1.30, 22.14, 23.65, 523.60, 61, 84, 12166124
1.30, 20.83, 24.33, 506.85, 61, 84, 12177948
1.30, 20.83, 24.14, 502.92, 61, 84, 12189784
1.30, 20.51, 23.55, 482.89, 61, 84, 12201608
1.30, 20.18, 24.01, 484.48, 61, 84, 12213440
1.31, 19.86, 24.14, 479.34, 61, 84, 12225260
1.30, 20.18, 23.90, 482.30, 61, 84, 12237096
1.31, 20.51, 23.57, 483.44, 61, 84, 12248920
1.30, 19.53, 23.98, 468.33, 61, 84, 12260748
1.30, 20.18, 23.63, 476.86, 61, 84, 12272580
1.30, 19.86, 23.49, 466.49, 62, 84, 12284400
1.30, 20.83, 23.74, 494.49, 62, 84, 12296232
1.30, 19.53, 24.44, 477.28, 62, 84, 12308056
1.31, 21.16, 24.09, 509.64, 62, 84, 12319892
1.32, 21.48, 23.33, 501.25, 62, 84, 12331712
1.32, 20.83, 24.19, 504.04, 62, 84, 12343548
1.33, 20.18, 23.87, 481.76, 62, 84, 12355368
1.33, 19.86, 24.11, 478.81, 62, 84, 12367212
1.33, 22.14, 24.44, 540.92, 62, 84, 12379024
1.33, 20.51, 24.36, 499.49, 62, 84, 12390856
1.33, 20.83, 23.65, 492.80, 62, 84, 12402688
1.33, 20.83, 23.63, 492.24, 62, 84, 12414512
1.33, 21.16, 23.92, 506.21, 62, 84, 12426344
1.33, 20.18, 24.03, 485.03, 62, 84, 12438164
1.33, 21.81, 23.49, 512.37, 62, 84, 12449996
1.33, 21.81, 23.84, 520.02, 62, 84, 12461816
1.33, 21.16, 24.09, 509.64, 62, 84, 12473652
1.33, 22.14, 24.44, 540.92, 63, 84, 12485472
1.33, 20.51, 24.19, 496.17, 63, 84, 12497304
1.33, 22.14, 24.36, 539.13, 63, 84, 12509136
1.34, 20.83, 23.65, 492.80, 63, 84, 12520956
1.35, 21.16, 24.19, 511.92, 63, 84, 12532792
1.36, 21.81, 24.22, 528.26, 63, 84, 12544612
1.36, 22.46, 24.03, 539.79, 63, 84, 12556448
1.36, 22.46, 23.76, 533.73, 63, 84, 12568272
1.36, 21.48, 24.57, 527.91, 63, 84, 12580104
1.37, 20.83, 24.03, 500.67, 63, 84, 12591924
1.37, 21.48, 23.92, 514.00, 63, 84, 12603752
1.37, 22.79, 23.52, 535.93, 63, 84, 12615580
1.37, 22.14, 23.98, 530.77, 63, 84, 12627408
1.37, 20.18, 24.03, 485.03, 63, 84, 12639244
1.37, 21.48, 24.01, 515.74, 63, 84, 12651064
1.37, 22.46, 23.79, 534.33, 63, 84, 12662900
1.37, 22.46, 23.49, 527.67, 63, 84, 12674720
1.37, 21.16, 23.82, 503.93, 64, 84, 12686556
1.36, 20.83, 24.06, 501.23, 64, 84, 12698372
1.37, 22.79, 23.92, 545.15, 64, 84, 12710208
1.38, 23.11, 23.55, 544.21, 64, 84, 12722032
1.39, 23.11, 24.09, 556.68, 64, 84, 12733856
1.40, 22.46, 24.09, 541.00, 64, 84, 12745692
1.40, 21.48, 23.92, 514.00, 64, 84, 12757516
1.40, 23.44, 23.63, 553.77, 64, 84, 12769348
1.40, 23.76, 23.47, 557.62, 64, 84, 12781172
1.40, 22.79, 23.90, 544.54, 64, 84, 12793004
1.40, 22.46, 24.09, 541.00, 64, 84, 12804828
1.40, 22.14, 23.74, 525.40, 64, 84, 12816660
1.40, 23.11, 24.01, 554.81, 64, 84, 12828484
1.40, 22.79, 24.30, 553.76, 64, 84, 12840316
1.40, 23.44, 24.27, 568.94, 64, 84, 12852140
1.40, 23.11, 24.17, 558.55, 64, 84, 12863968
1.40, 22.46, 23.92, 537.36, 64, 84, 12875804
1.40, 22.46, 23.63, 530.70, 65, 84, 12887628
1.40, 23.76, 23.36, 555.05, 65, 84, 12899464
1.40, 22.79, 23.82, 542.69, 65, 84, 12911280
1.41, 22.79, 24.41, 556.21, 65, 84, 12923116
1.42, 22.46, 24.33, 546.45, 65, 84, 12934932
1.43, 23.44, 23.76, 556.93, 65, 84, 12946764
1.43, 22.14, 23.65, 523.60, 65, 84, 12958584
1.44, 22.46, 23.79, 534.33, 65, 84, 12970412
1.44, 23.11, 23.68, 547.33, 65, 84, 12982244
1.44, 23.44, 23.33, 546.82, 65, 84, 12994068
1.44, 23.44, 23.71, 555.67, 65, 84, 13005900
1.44, 23.76, 24.17, 574.28, 65, 84, 13017716
1.44, 23.11, 24.06, 556.06, 65, 84, 13029552
1.44, 22.79, 24.14, 550.07, 65, 84, 13041372
1.44, 22.79, 24.06, 548.22, 65, 84, 13053200
1.44, 22.79, 24.01, 546.99, 65, 84, 13065020
1.44, 22.79, 23.98, 546.38, 65, 84, 13076848
1.44, 23.76, 24.27, 576.85, 66, 84, 13088700
1.44, 23.44, 23.57, 552.51, 66, 85, 13100504
1.45, 23.76, 23.38, 555.70, 66, 84, 13112336
1.46, 25.07, 23.87, 598.31, 66, 84, 13124160
1.47, 23.76, 24.60, 584.54, 66, 84, 13135992
1.47, 23.76, 24.19, 574.92, 66, 84, 13147812
1.47, 23.44, 23.95, 561.36, 66, 84, 13159644
1.48, 23.44, 23.65, 554.40, 66, 84, 13171464
1.48, 25.39, 23.68, 601.29, 66, 84, 13183300
1.48, 24.41, 24.54, 599.24, 66, 84, 13195116
1.48, 22.79, 24.03, 547.61, 66, 84, 13206944
1.48, 24.41, 23.55, 574.87, 66, 84, 13218776
1.48, 24.41, 23.82, 581.46, 66, 84, 13230596
1.48, 25.72, 23.90, 614.55, 66, 84, 13242432
1.48, 24.09, 23.33, 562.01, 66, 84, 13254248
1.47, 24.74, 23.20, 573.86, 66, 84, 13266080
1.48, 24.74, 23.25, 575.20, 66, 84, 13277900
1.47, 26.37, 23.63, 622.99, 67, 84, 13289736
1.47, 25.39, 24.03, 610.19, 67, 84, 13301556
1.48, 23.76, 23.87, 567.23, 67, 84, 13313384
1.49, 25.07, 24.60, 616.57, 67, 84, 13325212
1.50, 25.39, 24.30, 617.04, 67, 84, 13337040
1.50, 24.74, 23.28, 575.86, 67, 84, 13348892
1.51, 26.04, 24.36, 634.27, 67, 85, 13360696
1.50, 24.41, 23.92, 584.09, 67, 84, 13372532
1.51, 23.44, 23.87, 559.46, 67, 84, 13384352
1.51, 25.07, 23.09, 578.71, 67, 84, 13396188
1.51, 25.72, 23.03, 592.35, 67, 84, 13408012
1.51, 25.39, 23.76, 603.34, 67, 84, 13419844
1.51, 27.02, 23.49, 634.73, 67, 84, 13431668
1.51, 26.69, 23.87, 637.17, 67, 84, 13443496
1.51, 26.04, 24.52, 638.48, 67, 84, 13455324
1.51, 23.44, 23.60, 553.14, 67, 84, 13467164
1.51, 24.74, 24.22, 599.22, 67, 84, 13478980
1.51, 24.74, 23.49, 581.20, 68, 84, 13490800
1.51, 23.76, 24.03, 571.08, 68, 84, 13502636
1.51, 24.74, 24.11, 596.55, 68, 84, 13514452
1.52, 25.07, 23.95, 600.34, 68, 84, 13526288
1.53, 26.04, 24.14, 628.65, 68, 84, 13538108
1.54, 25.07, 24.01, 601.69, 68, 84, 13549932
1.54, 27.34, 24.27, 663.77, 68, 84, 13561760
1.55, 24.41, 23.92, 584.09, 68, 84, 13573592
1.55, 25.39, 23.22, 589.65, 68, 84, 13585424
1.54, 25.07, 23.44, 587.50, 68, 84, 13597248
1.54, 26.69, 24.03, 641.48, 68, 84, 13609100
1.55, 26.69, 23.71, 632.85, 68, 84, 13620904
1.55, 25.72, 23.47, 603.45, 68, 84, 13632736
1.55, 25.07, 23.20, 581.41, 68, 84, 13644560
1.55, 28.32, 24.17, 684.42, 68, 84, 13656392
1.54, 25.72, 23.76, 611.08, 68, 84, 13668216
1.54, 25.07, 23.20, 581.41, 68, 84, 13680040
1.55, 27.99, 23.22, 650.12, 69, 84, 13691876
1.54, 25.39, 23.44, 595.13, 69, 84, 13703692
1.55, 27.02, 23.57, 636.92, 69, 84, 13715524
1.56, 27.02, 24.01, 648.58, 69, 84, 13727364
1.57, 26.69, 24.09, 642.92, 69, 85, 13739176
1.57, 26.04, 24.33, 633.57, 69, 84, 13751000
1.58, 25.72, 23.22, 597.21, 69, 84, 13762828
1.58, 28.32, 23.52, 666.09, 69, 84, 13774652
1.58, 27.99, 23.87, 668.25, 69, 84, 13786476
1.58, 27.67, 24.22, 670.18, 69, 85, 13798304
1.58, 25.39, 23.90, 606.77, 69, 84, 13810132
1.58, 27.02, 22.95, 620.16, 69, 84, 13821968
1.58, 25.39, 23.90, 606.77, 69, 84, 13833792
1.58, 27.67, 22.93, 634.36, 69, 84, 13845628
1.57, 25.72, 23.63, 607.61, 69, 84, 13857444
1.57, 26.04, 23.20, 604.06, 69, 84, 13869280
1.57, 25.39, 23.74, 602.66, 69, 84, 13881104
1.57, 27.99, 23.22, 650.12, 70, 84, 13892940
1.57, 27.67, 23.84, 659.73, 70, 84, 13904760
1.58, 25.72, 23.36, 600.68, 70, 84, 13916588
1.59, 27.02, 23.92, 646.39, 70, 84, 13928424
1.60, 27.67, 23.60, 653.01, 70, 84, 13940244
1.60, 27.99, 23.49, 657.68, 70, 84, 13952080
1.61, 28.32, 23.74, 672.20, 70, 84, 13963900
1.61, 27.02, 23.60, 637.65, 70, 84, 13975736
1.61, 27.99, 24.06, 673.53, 70, 84, 13987552
1.61, 28.65, 24.06, 689.20, 70, 84, 13999384
1.61, 29.62, 24.03, 711.89, 70, 84, 14011208
1.61, 28.97, 24.01, 695.46, 70, 84, 14023032
1.61, 27.99, 24.38, 682.59, 70, 84, 14034860
1.61, 29.95, 23.44, 701.94, 70, 84, 14046684
1.61, 29.95, 23.63, 707.60, 70, 84, 14058516
1.61, 27.34, 24.06, 657.87, 70, 84, 14070332
1.61, 27.34, 23.82, 651.23, 70, 84, 14082168
1.61, 27.02, 23.79, 642.75, 71, 84, 14093992
1.61, 27.02, 23.79, 642.75, 71, 84, 14105824
1.62, 27.67, 23.65, 654.51, 71, 84, 14117644
1.63, 28.32, 23.68, 670.67, 71, 84, 14129476
1.63, 29.30, 23.22, 680.36, 71, 84, 14141292
1.64, 29.95, 23.74, 710.83, 71, 84, 14153120
1.64, 29.62, 23.57, 698.31, 71, 84, 14164952
1.64, 27.34, 23.28, 636.48, 71, 84, 14176768
1.64, 28.32, 23.17, 656.16, 71, 84, 14188604
1.64, 27.67, 24.06, 665.70, 71, 85, 14200424
1.65, 27.99, 23.74, 664.47, 71, 84, 14212260
1.64, 29.62, 23.95, 709.49, 71, 84, 14224076
1.65, 29.30, 23.63, 692.22, 71, 84, 14235912
1.65, 29.62, 23.71, 702.30, 71, 84, 14247732
1.65, 30.60, 23.71, 725.46, 71, 84, 14259556
1.65, 28.65, 23.84, 683.01, 71, 84, 14271380
1.64, 28.97, 24.17, 700.15, 71, 84, 14283208
1.64, 29.62, 24.60, 728.67, 72, 84, 14295040
1.65, 30.27, 23.44, 709.57, 72, 84, 14306860
1.65, 29.30, 23.14, 677.99, 72, 84, 14318692
1.66, 30.27, 23.30, 705.49, 72, 84, 14330516
1.67, 30.27, 23.36, 707.12, 72, 84, 14342352
1.67, 29.30, 23.55, 689.85, 72, 84, 14354172
1.67, 29.95, 23.44, 701.94, 72, 84, 14366004
1.68, 31.25, 24.17, 755.22, 72, 84, 14377824
1.68, 30.27, 23.52, 712.02, 72, 84, 14389652
1.68, 30.60, 23.65, 723.81, 72, 84, 14401484
1.68, 30.92, 23.17, 716.49, 72, 84, 14413304
1.68, 29.62, 23.55, 697.51, 72, 84, 14425136
1.68, 29.62, 23.90, 707.90, 72, 84, 14436956
1.68, 30.27, 23.95, 725.09, 72, 84, 14448788
1.68, 30.60, 23.63, 722.98, 72, 84, 14460608
1.68, 31.58, 23.22, 733.28, 72, 84, 14472440
1.68, 30.92, 23.41, 724.00, 72, 84, 14484264
1.68, 30.27, 23.41, 708.76, 73, 84, 14496092
1.68, 31.58, 24.01, 757.98, 73, 84, 14507920
1.69, 30.92, 24.30, 751.52, 73, 84, 14519748
1.70, 31.25, 23.98, 749.32, 73, 84, 14531580
1.70, 31.90, 23.25, 741.70, 73, 84, 14543404
1.71, 30.92, 23.52, 727.34, 73, 84, 14555240
1.71, 31.25, 23.79, 743.42, 73, 84, 14567060
1.71, 30.27, 23.38, 707.94, 73, 84, 14578900
1.71, 31.25, 24.22, 756.91, 73, 84, 14590720
1.71, 30.27, 23.74, 718.56, 73, 84, 14602552
1.71, 32.55, 24.01, 781.42, 73, 84, 14614380
1.71, 30.92, 22.95, 709.82, 73, 84, 14626204
1.71, 30.60, 23.68, 724.63, 73, 84, 14638036
1.71, 30.92, 23.90, 739.01, 73, 84, 14649860
1.71, 31.25, 23.57, 736.68, 73, 84, 14661692
1.71, 32.23, 23.09, 744.05, 73, 84, 14673512
1.71, 32.55, 23.38, 761.23, 73, 84, 14685348
1.71, 31.25, 24.33, 760.28, 74, 84, 14697164
1.72, 31.25, 23.60, 737.52, 74, 84, 14709016
1.71, 31.90, 23.52, 750.30, 74, 84, 14720820
1.71, 32.23, 23.41, 754.48, 74, 84, 14732644
1.72, 32.23, 23.98, 772.74, 74, 84, 14744468
1.73, 32.55, 23.92, 778.79, 74, 84, 14756300
1.74, 32.23, 23.60, 760.57, 74, 84, 14768132
1.74, 31.90, 23.28, 742.56, 74, 84, 14779956
1.74, 30.92, 23.52, 727.34, 74, 84, 14791788
1.74, 31.90, 23.76, 758.05, 74, 84, 14803608
1.74, 33.20, 23.38, 776.45, 74, 84, 14815440
1.74, 32.88, 23.09, 759.08, 74, 84, 14827276
1.74, 31.90, 23.82, 759.77, 74, 84, 14839092
1.75, 32.55, 22.85, 743.67, 74, 84, 14850912
1.74, 32.55, 23.68, 770.88, 74, 84, 14862736
1.74, 30.60, 23.63, 722.98, 74, 84, 14874568
1.75, 32.88, 23.17, 761.74, 74, 84, 14886392
1.74, 33.53, 23.14, 775.92, 75, 84, 14898220
1.74, 33.20, 23.98, 796.15, 75, 84, 14910040
1.74, 32.23, 23.74, 764.91, 75, 84, 14921876
1.75, 32.55, 23.25, 756.84, 75, 84, 14933696
1.76, 31.58, 23.63, 746.05, 75, 84, 14945528
1.76, 32.88, 24.25, 797.22, 75, 84, 14957352
1.77, 32.55, 23.60, 768.25, 75, 84, 14969192
1.77, 32.55, 23.74, 772.64, 75, 85, 14981008
1.77, 32.55, 23.87, 777.03, 75, 84, 14992828
1.77, 33.85, 23.68, 801.72, 75, 84, 15004664
1.78, 33.53, 23.28, 780.45, 75, 84, 15016484
1.77, 31.25, 23.44, 732.46, 75, 84, 15028316
1.78, 33.53, 23.82, 798.53, 75, 84, 15040140
1.78, 33.85, 23.79, 805.37, 75, 84, 15051972
1.77, 32.88, 23.57, 775.05, 75, 84, 15063796
1.78, 33.53, 23.65, 793.11, 75, 84, 15075628
1.77, 33.20, 24.17, 802.42, 75, 84, 15087464
1.78, 34.18, 22.90, 782.69, 76, 84, 15099280
1.77, 30.92, 23.44, 724.83, 76, 84, 15111112
1.78, 35.16, 23.52, 826.87, 76, 84, 15122936
1.78, 33.85, 23.12, 782.54, 76, 84, 15134772
1.79, 33.85, 23.57, 798.07, 76, 84, 15146592
1.79, 34.18, 23.68, 809.43, 76, 84, 15158428
1.79, 34.18, 23.60, 806.66, 76, 84, 15170248
1.80, 34.18, 23.12, 790.07, 76, 84, 15182084
1.80, 34.18, 23.41, 800.21, 76, 84, 15193904
1.80, 35.48, 23.52, 834.52, 76, 84, 15205732
1.80, 33.20, 23.74, 788.09, 76, 84, 15217560
1.80, 32.23, 23.44, 755.35, 76, 84, 15229404
1.80, 34.83, 23.06, 803.24, 76, 84, 15241220
1.80, 32.88, 23.36, 767.95, 76, 84, 15253044
1.80, 34.18, 23.68, 809.43, 76, 84, 15264880
1.80, 34.51, 23.14, 798.52, 76, 84, 15276700
1.80, 35.16, 23.30, 819.28, 76, 84, 15288536
1.80, 34.18, 23.60, 806.66, 77, 84, 15300360
1.80, 34.51, 23.28, 803.18, 77, 84, 15312192
1.80, 33.85, 23.52, 796.24, 77, 84, 15324012
1.80, 35.48, 23.12, 820.17, 77, 84, 15335840
1.81, 34.83, 23.44, 816.39, 77, 84, 15347688
1.82, 35.81, 23.71, 848.94, 77, 84, 15359492
1.82, 35.81, 23.17, 829.62, 77, 84, 15371328
1.82, 34.18, 23.90, 816.80, 77, 84, 15383148
1.82, 35.48, 24.25, 860.36, 77, 84, 15394984
1.83, 34.83, 23.33, 812.63, 77, 84, 15406804
1.82, 35.48, 23.68, 840.26, 77, 84, 15418636
1.82, 34.51, 23.87, 823.65, 77, 84, 15430460
1.82, 34.51, 23.06, 795.73, 77, 84, 15442288
1.82, 35.81, 23.44, 839.28, 77, 84, 15454112
1.82, 34.18, 23.63, 807.58, 77, 84, 15465940
1.82, 34.51, 23.95, 826.44, 77, 84, 15477772
1.82, 34.18, 23.60, 806.66, 77, 84, 15489592
1.82, 34.83, 24.14, 840.82, 78, 84, 15501424
1.82, 34.18, 22.87, 781.77, 78, 84, 15513244
1.81, 35.16, 23.79, 836.35, 78, 84, 15525080
1.82, 35.48, 23.09, 819.21, 78, 84, 15536896
1.83, 35.48, 23.38, 829.74, 78, 84, 15548732
1.84, 34.83, 23.03, 802.30, 78, 84, 15560548
1.84, 35.81, 23.52, 842.18, 78, 84, 15572376
1.85, 34.51, 24.36, 840.40, 78, 84, 15584208
1.85, 35.16, 23.87, 839.19, 78, 84, 15596032
1.85, 35.16, 23.87, 839.19, 78, 84, 15607868
1.85, 36.46, 23.44, 854.54, 78, 84, 15619692
1.85, 34.83, 23.47, 817.33, 78, 84, 15631528
1.85, 35.81, 23.63, 846.04, 78, 84, 15643344
1.85, 35.48, 23.60, 837.39, 78, 84, 15655180
1.85, 37.11, 23.55, 873.80, 78, 84, 15667000
1.85, 36.46, 23.28, 848.64, 78, 84, 15678824
1.85, 36.13, 23.06, 833.27, 78, 84, 15690652
1.85, 36.13, 23.92, 864.45, 79, 84, 15702480
1.85, 36.46, 22.95, 836.84, 79, 84, 15714312
1.85, 35.81, 23.60, 845.08, 79, 84, 15726136
1.85, 38.41, 22.95, 881.67, 79, 84, 15737968
1.86, 36.13, 23.63, 853.73, 79, 84, 15749792
1.87, 35.48, 23.82, 845.05, 79, 84, 15761628
1.87, 35.81, 23.41, 838.31, 79, 84, 15773448
1.88, 35.16, 23.33, 820.23, 79, 84, 15785280
1.88, 35.81, 23.74, 849.90, 79, 84, 15797100
1.88, 37.76, 23.14, 873.86, 79, 84, 15808928
1.88, 36.46, 23.30, 849.62, 79, 84, 15820760
1.88, 37.76, 23.87, 901.36, 79, 84, 15832588
1.87, 37.43, 23.60, 883.49, 79, 84, 15844424
1.87, 37.11, 23.65, 877.81, 79, 84, 15856244
1.87, 37.11, 22.93, 850.78, 79, 84, 15868076
1.87, 37.76, 23.79, 898.30, 79, 84, 15879896
1.87, 38.09, 23.20, 883.44, 79, 84, 15891732
1.87, 37.11, 23.60, 875.81, 80, 84, 15903552
1.87, 36.46, 22.95, 836.84, 80, 84, 15915376
1.87, 38.09, 23.14, 881.39, 80, 84, 15927208
1.88, 36.46, 23.25, 847.66, 80, 84, 15939032
1.89, 37.43, 23.44, 877.43, 80, 84, 15950868
1.89, 36.46, 23.20, 845.69, 80, 84, 15962692
1.90, 37.11, 23.28, 863.79, 80, 84, 15974524
1.90, 36.46, 23.28, 848.64, 80, 84, 15986348
1.90, 38.09, 22.74, 865.98, 80, 84, 15998176
1.90, 37.76, 23.95, 904.41, 80, 84, 16010004
1.90, 37.43, 23.25, 870.36, 80, 84, 16021836
1.90, 38.41, 23.44, 900.32, 80, 84, 16033660
1.90, 36.78, 22.90, 842.33, 80, 84, 16045484
1.90, 37.76, 22.76, 859.60, 80, 84, 16057320
1.90, 37.43, 23.12, 865.31, 80, 84, 16069140
1.90, 38.74, 22.85, 884.96, 80, 84, 16080976
1.90, 40.04, 23.25, 930.91, 80, 84, 16092796
1.90, 36.13, 23.09, 834.24, 81, 84, 16104628
1.90, 37.43, 23.63, 884.50, 81, 84, 16116448
1.90, 37.11, 23.82, 883.81, 81, 84, 16128280
1.90, 37.43, 23.60, 883.49, 81, 84, 16140100
1.91, 39.06, 23.17, 905.04, 81, 84, 16151928
1.92, 39.06, 23.33, 911.36, 81, 84, 16163752
1.92, 38.09, 23.74, 903.99, 81, 84, 16175580
1.92, 38.09, 23.74, 903.99, 81, 84, 16187408
1.93, 38.74, 23.17, 897.50, 81, 84, 16199228
1.92, 38.09, 23.49, 894.74, 81, 84, 16211060
1.92, 39.39, 22.87, 900.90, 81, 84, 16222884
1.92, 38.41, 24.03, 923.11, 81, 84, 16234716
1.92, 37.43, 23.60, 883.49, 81, 84, 16246536
1.92, 38.09, 23.28, 886.53, 81, 84, 16258368
1.92, 39.71, 23.92, 950.12, 81, 84, 16270188
1.92, 38.09, 23.47, 893.72, 81, 84, 16282016
1.93, 39.71, 23.44, 930.84, 81, 84, 16293852
1.92, 39.39, 23.44, 923.21, 82, 84, 16305668
1.93, 39.06, 23.47, 916.63, 82, 84, 16317504
1.92, 39.39, 23.06, 908.34, 82, 84, 16329344
1.93, 39.71, 23.14, 919.06, 82, 84, 16341160
1.94, 39.06, 23.71, 926.12, 82, 84, 16352980
1.94, 38.09, 23.44, 892.69, 82, 84, 16364812
1.95, 39.71, 23.63, 938.34, 82, 84, 16376636
1.95, 39.71, 23.76, 943.69, 82, 84, 16388460
1.95, 40.04, 23.92, 957.91, 82, 84, 16400288
1.95, 39.71, 23.47, 931.91, 82, 84, 16412116
1.95, 40.69, 23.33, 949.34, 82, 84, 16423948
1.95, 39.71, 23.20, 921.20, 82, 84, 16435768
1.95, 40.04, 23.14, 926.59, 82, 84, 16447616
1.95, 38.41, 23.44, 900.32, 82, 84, 16459424
1.95, 39.71, 23.20, 921.20, 82, 84, 16471256
1.95, 39.71, 23.33, 926.55, 82, 84, 16483076
1.95, 38.41, 23.17, 889.96, 82, 84, 16494912
1.95, 38.74, 23.98, 928.85, 83, 84, 16506736
1.95, 40.04, 23.01, 921.19, 83, 84, 16518564
1.95, 39.71, 23.60, 937.27, 83, 84, 16530396
1.95, 39.39, 23.06, 908.34, 83, 84, 16542220
1.96, 41.02, 23.06, 945.87, 83, 84, 16554052
1.97, 40.04, 23.36, 935.23, 83, 84, 16565880
1.97, 40.04, 23.22, 929.83, 83, 84, 16577708
1.97, 40.36, 22.82, 921.06, 83, 84, 16589548
1.97, 41.67, 22.82, 950.77, 83, 84, 16601368
1.97, 41.02, 23.82, 976.85, 83, 84, 16613192
1.98, 40.04, 23.22, 929.83, 83, 84, 16625020
1.98, 41.99, 22.98, 964.99, 83, 84, 16636852
1.97, 41.99, 22.98, 964.99, 83, 84, 16648680
1.98, 40.36, 24.11, 973.32, 83, 84, 16660512
1.98, 40.69, 23.44, 953.73, 83, 84, 16672332
1.98, 39.39, 23.74, 934.90, 83, 84, 16684164
1.98, 40.69, 23.14, 941.66, 83, 84, 16695988
1.97, 40.04, 23.25, 930.91, 84, 84, 16707836
1.98, 41.34, 23.22, 960.07, 84, 85, 16719640
1.98, 41.99, 23.38, 981.98, 84, 84, 16731468
1.98, 41.02, 23.33, 956.93, 84, 84, 16743292
1.99, 39.06, 23.20, 906.10, 84, 84, 16755120
1.99, 41.02, 23.60, 968.00, 84, 84, 16766952
1.99, 42.64, 22.95, 978.80, 84, 85, 16778772
1.99, 40.69, 23.60, 960.31, 84, 84, 16790608
1.99, 40.69, 23.65, 962.51, 84, 84, 16802428
1.99, 41.67, 23.36, 973.25, 84, 84, 16814264
1.99, 40.36, 22.90, 924.32, 84, 84, 16826084
1.99, 41.99, 22.52, 945.74, 84, 84, 16837912
1.99, 41.02, 23.74, 973.53, 84, 84, 16849748
1.99, 41.02, 23.65, 970.21, 84, 84, 16861560
1.99, 41.02, 23.47, 962.46, 84, 84, 16873388
1.99, 41.02, 23.74, 973.53, 84, 84, 16885216
1.99, 41.02, 22.87, 938.13, 84, 84, 16897048
1.99, 40.04, 22.60, 904.99, 85, 84, 16908872
1.99, 42.97, 23.30, 1001.34, 85, 84, 16920708
1.99, 41.67, 22.74, 947.40, 85, 84, 16932528
2.00, 41.34, 23.33, 964.53, 85, 84, 16944364
2.00, 41.99, 23.44, 984.25, 85, 84, 16956184
2.01, 42.64, 23.22, 990.31, 85, 84, 16968020
2.01, 41.67, 23.68, 986.73, 85, 84, 16979840
2.02, 40.69, 23.55, 958.12, 85, 84, 16991668
2.02, 42.64, 22.95, 978.80, 85, 84, 17003504
2.02, 41.02, 23.12, 948.08, 85, 84, 17015324
2.02, 41.67, 22.74, 947.40, 85, 84, 17027160
2.02, 41.67, 23.12, 963.13, 85, 84, 17038980
2.02, 43.29, 23.84, 1032.28, 85, 84, 17050816
2.02, 43.29, 22.68, 982.07, 85, 84, 17062636
2.02, 43.29, 23.36, 1011.26, 85, 84, 17074472
2.01, 42.32, 23.57, 997.58, 85, 84, 17086296
2.01, 42.97, 23.52, 1010.61, 85, 84, 17098120
2.02, 42.32, 23.22, 982.75, 86, 84, 17109952
2.02, 42.97, 23.57, 1012.93, 86, 84, 17121772
2.02, 41.67, 23.30, 971.00, 86, 84, 17133604
2.03, 42.64, 23.36, 996.06, 86, 84, 17145428
2.03, 43.62, 23.25, 1014.16, 86, 84, 17157260
2.04, 42.97, 23.92, 1028.00, 86, 84, 17169080
2.04, 42.97, 23.17, 995.55, 86, 84, 17180912
2.04, 43.62, 23.30, 1016.51, 86, 84, 17192728
2.04, 42.97, 23.06, 990.91, 86, 84, 17204560
2.04, 43.29, 22.85, 989.08, 86, 84, 17216388
2.04, 42.97, 23.01, 988.59, 86, 84, 17228216
2.04, 43.95, 22.85, 1003.95, 86, 84, 17240048
2.04, 43.62, 23.74, 1035.34, 86, 84, 17251872
2.04, 41.02, 23.14, 949.19, 86, 84, 17263708
2.04, 41.67, 23.55, 981.11, 86, 84, 17275528
2.04, 42.32, 22.98, 972.47, 86, 84, 17287364
2.04, 44.60, 23.25, 1036.87, 86, 85, 17299180
2.04, 44.27, 22.55, 998.25, 87, 84, 17311016
2.04, 41.99, 23.22, 975.19, 87, 84, 17322840
2.04, 44.27, 23.33, 1032.88, 87, 84, 17334668
2.05, 42.97, 23.63, 1015.25, 87, 84, 17346500
2.05, 43.62, 23.57, 1028.28, 87, 84, 17358324
2.06, 44.92, 23.44, 1052.92, 87, 84, 17370156
2.06, 44.92, 23.38, 1050.49, 87, 84, 17381976
2.06, 42.97, 23.57, 1012.93, 87, 84, 17393812
2.06, 45.25, 22.58, 1021.49, 87, 84, 17405632
2.06, 43.62, 23.38, 1020.04, 87, 84, 17417468
2.06, 45.90, 23.33, 1070.85, 87, 84, 17429284
2.06, 44.27, 23.60, 1044.82, 87, 84, 17441116
2.06, 43.95, 22.68, 996.84, 87, 84, 17452940
2.06, 44.27, 23.12, 1023.33, 87, 84, 17464772
2.06, 45.57, 22.44, 1022.70, 87, 84, 17476604
2.06, 42.64, 22.87, 975.35, 87, 84, 17488424
2.06, 43.29, 23.57, 1020.61, 87, 84, 17500260
2.06, 41.99, 23.14, 971.79, 88, 84, 17512084
2.06, 44.60, 23.74, 1058.52, 88, 84, 17523912
2.06, 45.90, 23.87, 1095.61, 88, 84, 17535736
2.07, 43.29, 22.68, 982.07, 88, 84, 17547572
2.08, 44.60, 22.63, 1009.20, 88, 84, 17559392
2.09, 46.55, 23.01, 1070.98, 88, 84, 17571220
2.09, 44.92, 22.66, 1017.78, 88, 84, 17583052
2.09, 47.20, 23.33, 1101.23, 88, 84, 17594872
2.09, 43.95, 22.95, 1008.69, 88, 84, 17606708
2.09, 45.25, 23.49, 1062.99, 88, 84, 17618532
2.09, 43.95, 23.28, 1022.91, 88, 84, 17630368
2.09, 45.57, 23.38, 1065.72, 88, 84, 17642184
2.09, 45.25, 23.52, 1064.21, 88, 84, 17654016
2.09, 45.25, 22.63, 1023.93, 88, 84, 17665832
2.09, 47.20, 23.47, 1107.60, 88, 84, 17677660
2.08, 44.60, 22.85, 1018.82, 88, 84, 17689488
2.09, 43.95, 22.76, 1000.39, 88, 84, 17701320
2.09, 46.88, 23.79, 1115.13, 89, 84, 17713152
2.08, 46.22, 23.60, 1090.92, 89, 84, 17724972
2.09, 46.88, 23.03, 1079.73, 89, 84, 17736808
2.10, 44.60, 22.33, 995.97, 89, 84, 17748628
2.11, 46.22, 23.74, 1097.15, 89, 84, 17760464
2.11, 45.57, 23.57, 1074.32, 89, 84, 17772284
2.11, 43.62, 22.85, 996.51, 89, 84, 17784116
2.11, 46.22, 22.79, 1053.51, 89, 84, 17795944
2.11, 44.92, 23.09, 1037.16, 89, 84, 17807788
2.12, 46.88, 23.28, 1091.11, 89, 84, 17819604
2.12, 44.92, 23.17, 1040.80, 89, 84, 17831424
2.11, 46.22, 23.38, 1080.94, 89, 84, 17843260
2.11, 44.92, 23.33, 1048.07, 89, 84, 17855080
2.11, 44.60, 22.95, 1023.63, 89, 84, 17866916
2.11, 47.85, 23.76, 1137.07, 89, 84, 17878736
2.11, 46.55, 22.31, 1038.33, 89, 84, 17890568
2.11, 45.90, 23.87, 1095.61, 89, 84, 17902388
2.11, 44.92, 22.90, 1028.68, 90, 84, 17914212
2.11, 46.55, 22.58, 1050.89, 90, 84, 17926040
2.11, 47.20, 23.20, 1094.87, 90, 84, 17937864
2.13, 45.25, 23.06, 1043.46, 90, 84, 17949712
2.13, 47.53, 23.55, 1119.08, 90, 85, 17961516
2.13, 46.88, 22.93, 1074.67, 90, 84, 17973352
2.13, 46.55, 22.68, 1055.91, 90, 84, 17985168
2.14, 47.53, 23.41, 1112.67, 90, 84, 17997000
2.14, 48.83, 23.98, 1170.81, 90, 84, 18008820
2.14, 47.53, 23.82, 1131.90, 90, 84, 18020656
2.13, 45.25, 23.01, 1041.02, 90, 84, 18032472
2.13, 45.57, 22.74, 1036.22, 90, 84, 18044296
2.14, 47.85, 22.66, 1084.16, 90, 84, 18056128
2.14, 48.50, 22.41, 1087.13, 90, 84, 18067964
2.14, 47.20, 23.82, 1124.15, 90, 84, 18079784
2.13, 47.53, 23.22, 1103.70, 90, 84, 18091600
2.13, 48.50, 23.74, 1151.23, 90, 84, 18103432
2.13, 48.18, 23.22, 1118.82, 91, 84, 18115252
2.13, 47.53, 23.87, 1134.46, 91, 84, 18127084
2.14, 46.88, 22.60, 1059.50, 91, 84, 18138904
2.15, 47.20, 22.36, 1055.40, 91, 84, 18150736
2.15, 48.50, 23.38, 1134.23, 91, 84, 18162564
2.16, 48.83, 23.30, 1137.89, 91, 84, 18174392
2.16, 48.83, 22.68, 1107.60, 91, 84, 18186224
2.16, 48.50, 23.09, 1119.84, 91, 84, 18198048
2.16, 48.18, 23.90, 1151.30, 91, 84, 18209896
2.16, 47.53, 23.76, 1129.34, 91, 84, 18221700
2.16, 47.85, 23.63, 1130.62, 91, 84, 18233536
2.16, 46.22, 23.30, 1077.20, 91, 84, 18245356
2.16, 47.53, 23.47, 1115.24, 91, 84, 18257192
2.16, 46.55, 23.09, 1074.74, 91, 84, 18269012
2.16, 45.90, 23.28, 1068.38, 91, 84, 18280844
2.16, 46.55, 22.66, 1054.65, 91, 84, 18292672
2.16, 51.11, 23.33, 1192.37, 91, 84, 18304496
2.16, 49.48, 22.90, 1133.04, 92, 84, 18316328
2.16, 46.22, 22.33, 1032.32, 92, 84, 18328168
2.16, 49.80, 23.30, 1160.65, 92, 84, 18339988
2.17, 49.15, 24.01, 1179.95, 92, 84, 18351808
2.18, 50.78, 24.17, 1227.23, 92, 84, 18363644
2.18, 48.18, 23.41, 1127.91, 92, 84, 18375464
2.18, 48.83, 23.68, 1156.33, 92, 84, 18387292
2.18, 48.83, 23.68, 1156.33, 92, 85, 18399116
2.18, 48.83, 22.90, 1118.13, 92, 84, 18410944
2.18, 50.46, 23.30, 1175.82, 92, 84, 18422780
2.18, 50.46, 23.79, 1200.31, 92, 84, 18434600
2.18, 51.11, 23.82, 1217.18, 92, 84, 18446436
2.18, 47.85, 23.03, 1102.22, 92, 84, 18458256
2.18, 50.46, 23.92, 1207.12, 92, 84, 18470108
2.18, 47.20, 22.58, 1065.59, 92, 84, 18481912
2.18, 47.85, 22.44, 1073.83, 92, 84, 18493748
2.17, 51.43, 23.17, 1191.64, 92, 84, 18505564
2.17, 50.78, 23.55, 1195.73, 93, 84, 18517392
2.17, 49.80, 23.95, 1192.89, 93, 84, 18529224
2.17, 48.50, 23.30, 1130.30, 93, 84, 18541048
2.17, 50.78, 22.98, 1166.97, 93, 84, 18552876
2.18, 50.13, 23.52, 1179.05, 93, 84, 18564700
2.19, 50.78, 23.14, 1175.19, 93, 84, 18576532
2.19, 49.15, 23.06, 1133.54, 93, 84, 18588352
2.19, 51.11, 23.65, 1208.91, 93, 84, 18600184
2.20, 51.43, 23.49, 1208.29, 93, 84, 18612004
2.20, 51.43, 23.44, 1205.51, 93, 84, 18623832
2.20, 51.11, 23.36, 1193.75, 93, 84, 18635656
2.20, 50.46, 23.22, 1171.74, 93, 84, 18647488
2.20, 47.85, 22.25, 1064.80, 93, 84, 18659320
2.20, 50.13, 22.60, 1133.08, 93, 84, 18671136
2.20, 49.48, 22.49, 1113.02, 93, 84, 18682968
2.20, 49.15, 22.47, 1104.38, 93, 84, 18694792
2.19, 48.50, 22.66, 1098.91, 93, 84, 18706628
2.19, 47.85, 22.31, 1067.38, 94, 84, 18718448
2.19, 47.53, 22.71, 1079.34, 94, 84, 18730284
2.19, 50.46, 23.28, 1174.46, 94, 84, 18742108
2.19, 49.15, 22.52, 1107.03, 94, 84, 18753932
2.20, 49.80, 22.36, 1113.63, 94, 84, 18765768
2.21, 49.15, 22.31, 1096.42, 94, 84, 18777592
2.22, 52.08, 22.79, 1187.06, 94, 84, 18789424
2.22, 50.13, 22.47, 1126.32, 94, 84, 18801248
2.22, 52.73, 22.79, 1201.90, 94, 84, 18813084
2.22, 51.76, 22.33, 1155.91, 94, 84, 18824904
2.22, 49.15, 22.66, 1113.66, 94, 84, 18836736
2.22, 48.83, 22.60, 1103.65, 94, 84, 18848556
2.22, 52.41, 23.76, 1245.36, 94, 84, 18860380
2.21, 50.78, 23.41, 1188.88, 94, 84, 18872208
2.21, 51.11, 23.76, 1214.42, 94, 84, 18884032
2.21, 51.11, 23.01, 1175.83, 94, 84, 18895868
2.21, 51.76, 22.98, 1189.41, 94, 84, 18907688
2.21, 51.76, 22.93, 1186.62, 95, 84, 18919520
2.21, 49.15, 22.49, 1105.70, 95, 84, 18931340
2.21, 53.39, 24.14, 1288.73, 95, 84, 18943172
2.22, 49.80, 23.41, 1166.02, 95, 84, 18954988
2.22, 50.78, 23.09, 1172.45, 95, 84, 18966820
2.23, 49.15, 22.41, 1101.72, 95, 84, 18978636
2.23, 52.08, 23.55, 1226.39, 95, 84, 18990464
2.24, 51.76, 23.30, 1206.16, 95, 84, 19002292
2.23, 52.73, 23.36, 1231.76, 95, 84, 19014112
2.24, 49.80, 22.25, 1108.26, 95, 84, 19025940
2.23, 49.48, 22.90, 1133.04, 95, 84, 19037760
2.23, 52.41, 22.68, 1188.82, 95, 84, 19049592
2.23, 53.06, 23.01, 1220.76, 95, 84, 19061412
2.23, 50.46, 22.23, 1121.38, 95, 84, 19073244
2.23, 49.80, 22.44, 1117.66, 95, 84, 19085064
2.23, 52.73, 23.74, 1251.68, 95, 84, 19096900
2.23, 50.46, 23.22, 1171.74, 95, 84, 19108720
2.23, 53.06, 23.76, 1260.84, 96, 84, 19120544
2.23, 52.73, 22.71, 1197.63, 96, 84, 19132380
2.23, 50.78, 22.39, 1136.84, 96, 84, 19144200
2.23, 51.43, 22.14, 1138.92, 96, 84, 19156028
2.24, 52.41, 23.20, 1215.68, 96, 84, 19167852
2.24, 52.41, 23.60, 1236.88, 96, 84, 19179684
2.25, 54.69, 23.49, 1284.76, 96, 84, 19191504
2.25, 51.76, 22.39, 1158.70, 96, 84, 19203332
2.25, 50.78, 23.33, 1184.77, 96, 84, 19215156
2.25, 54.04, 22.79, 1231.57, 96, 84, 19226980
2.25, 53.71, 22.55, 1211.11, 96, 85, 19238804
2.25, 51.43, 22.17, 1140.31, 96, 84, 19250628
2.25, 53.06, 23.82, 1263.70, 96, 84, 19262460
2.25, 54.04, 23.68, 1279.67, 96, 84, 19274280
2.25, 53.71, 22.71, 1219.81, 96, 84, 19286112
2.25, 53.06, 22.17, 1176.40, 96, 84, 19297928
2.25, 52.41, 22.87, 1198.72, 96, 84, 19309760
2.25, 51.43, 22.33, 1148.64, 97, 84, 19321580
2.25, 54.04, 23.92, 1292.79, 97, 84, 19333408
2.24, 53.71, 23.20, 1245.88, 97, 84, 19345228
2.25, 54.36, 23.22, 1262.45, 97, 84, 19357056
2.25, 55.66, 23.55, 1310.71, 97, 84, 19368888
2.26, 55.34, 23.68, 1310.50, 97, 84, 19380704
2.27, 53.06, 22.23, 1179.26, 97, 84, 19392536
2.27, 52.73, 22.06, 1163.49, 97, 84, 19404360
2.27, 53.71, 23.38, 1256.02, 97, 84, 19416196
2.27, 54.69, 22.58, 1234.61, 97, 84, 19428028
2.27, 54.69, 22.66, 1239.03, 97, 84, 19439848
2.27, 54.69, 22.20, 1213.96, 97, 84, 19451668
2.27, 53.39, 22.93, 1223.93, 97, 84, 19463500
2.27, 54.04, 23.68, 1279.67, 97, 84, 19475324
2.27, 55.01, 23.90, 1314.67, 97, 84, 19487148
2.27, 54.36, 23.20, 1260.98, 97, 84, 19498984
2.26, 56.32, 22.66, 1275.91, 97, 84, 19510804
2.27, 54.04, 22.28, 1203.88, 98, 84, 19522636
2.26, 53.71, 22.49, 1208.22, 98, 84, 19534456
2.27, 53.06, 23.41, 1242.23, 98, 84, 19546284
2.26, 54.04, 22.25, 1202.42, 98, 84, 19558104
2.27, 55.34, 23.57, 1304.53, 98, 84, 19569940
2.28, 56.64, 23.36, 1323.01, 98, 84, 19581756
2.29, 55.34, 22.49, 1244.83, 98, 84, 19593584
STOP CURRENT LIMIT
Current limit exceeded limit: 50 Average over frame: 51
