START
0.00, -0.33, 24.33, -7.92, 1, 19, 512
0.00, -0.33, 24.30, -7.91, 1, 153, 7068
0.00, -0.33, 24.33, -7.92, 1, 84, 18900
0.00, -0.33, 24.30, -7.91, 1, 84, 30736
0.00, -0.33, 24.30, -7.91, 1, 84, 42560
-0.00, -0.33, 24.33, -7.92, 1, 84, 54396
0.00, -0.33, 24.33, -7.92, 1, 84, 66220
0.00, -0.33, 24.30, -7.91, 1, 84, 78060
0.00, -0.33, 24.30, -7.91, 1, 84, 89880
0.00, -0.33, 24.30, -7.91, 1, 84, 101712
0.00, -0.33, 24.30, -7.91, 1, 84, 113540
0.00, -0.33, 24.30, -7.91, 1, 84, 125376
0.00, -0.33, 24.30, -7.91, 1, 84, 137212
0.00, -0.33, 24.30, -7.91, 1, 84, 149036
0.00, -0.33, 24.30, -7.91, 1, 84, 160868
0.00, -0.33, 24.30, -7.91, 1, 84, 172692
0.00, -0.33, 24.33, -7.92, 1, 84, 184532
0.00, -0.33, 24.30, -7.91, 1, 84, 196352
0.00, -0.33, 24.30, -7.91, 1, 84, 208188
0.00, -0.33, 24.30, -7.91, 2, 84, 220012
0.00, -0.33, 24.30, -7.91, 2, 84, 231844
0.00, -0.33, 24.30, -7.91, 2, 84, 243676
0.00, -0.33, 24.30, -7.91, 2, 85, 255496
0.00, -0.33, 24.30, -7.91, 2, 84, 267332
0.00, -0.33, 24.30, -7.91, 2, 84, 279156
0.00, -0.33, 24.30, -7.91, 2, 84, 290988
0.00, -0.33, 24.30, -7.91, 2, 84, 302812
0.00, -0.33, 24.30, -7.91, 2, 84, 314652
0.00, -0.33, 24.30, -7.91, 2, 84, 326472
0.00, -0.33, 24.30, -7.91, 2, 84, 338304
0.00, -0.33, 24.30, -7.91, 2, 84, 350136
0.00, -0.33, 24.30, -7.91, 2, 84, 361964
0.00, -0.33, 24.30, -7.91, 2, 84, 373796
0.00, -0.33, 24.30, -7.91, 2, 84, 385620
0.00, -0.33, 24.30, -7.91, 2, 84, 397456
0.00, -0.33, 24.30, -7.91, 2, 84, 409280
0.00, -0.33, 24.30, -7.91, 3, 84, 421116
0.00, -0.33, 24.30, -7.91, 3, 84, 432940
0.00, -0.65, 24.33, -15.84, 3, 84, 444784
0.00, -0.33, 24.30, -7.91, 3, 85, 456600
0.00, -0.33, 24.30, -7.91, 3, 84, 468428
0.00, -0.33, 24.30, -7.91, 3, 84, 480268
0.00, -0.33, 24.30, -7.91, 3, 84, 492088
0.00, -0.33, 24.30, -7.91, 3, 84, 503928
-0.00, -0.33, 24.30, -7.91, 3, 84, 515752
0.00, -0.33, 24.30, -7.91, 3, 84, 527588
0.00, -0.33, 24.30, -7.91, 3, 84, 539412
0.00, -0.33, 24.30, -7.91, 3, 84, 551240
0.00, -0.33, 24.30, -7.91, 3, 84, 563072
0.00, -0.33, 24.30, -7.91, 3, 84, 574900
0.00, -0.33, 24.30, -7.91, 3, 84, 586736
0.00, -0.33, 24.30, -7.91, 3, 84, 598556
0.00, -0.33, 24.30, -7.91, 3, 84, 610392
0.00, -0.33, 24.30, -7.91, 4, 84, 622216
0.00, -0.33, 24.30, -7.91, 4, 84, 634048
0.00, -0.33, 24.30, -7.91, 4, 84, 645892
0.00, -0.33, 24.30, -7.91, 4, 84, 657712
0.00, -0.33, 24.30, -7.91, 4, 84, 669532
0.00, -0.33, 24.30, -7.91, 4, 84, 681364
0.00, -0.33, 24.30, -7.91, 4, 84, 693200
0.00, -0.65, 24.33, -15.84, 4, 84, 705036
0.00, -0.33, 24.30, -7.91, 4, 84, 716856
0.00, -0.33, 24.30, -7.91, 4, 84, 728676
0.00, -0.33, 24.30, -7.91, 4, 84, 740516
0.00, -0.33, 24.30, -7.91, 4, 84, 752336
0.00, -0.33, 24.30, -7.91, 4, 84, 764172
0.00, -0.33, 24.30, -7.91, 4, 84, 775996
-0.00, -0.33, 24.30, -7.91, 4, 84, 787824
-0.00, -0.33, 24.30, -7.91, 4, 84, 799652
0.00, -0.33, 24.30, -7.91, 4, 84, 811484
0.00, -0.33, 24.30, -7.91, 5, 84, 823316
0.00, -0.33, 24.30, -7.91, 5, 84, 835144
0.00, -0.33, 24.30, -7.91, 5, 84, 846976
0.00, -0.33, 24.30, -7.91, 5, 84, 858800
0.00, -0.33, 24.30, -7.91, 5, 84, 870640
0.00, -0.33, 24.30, -7.91, 5, 84, 882464
0.00, -0.33, 24.30, -7.91, 5, 84, 894296
0.00, -0.33, 24.30, -7.91, 5, 84, 906140
0.00, -0.33, 24.30, -7.91, 5, 84, 917956
0.00, -0.33, 24.30, -7.91, 5, 84, 929788
0.00, -0.33, 24.30, -7.91, 5, 84, 941612
0.00, -0.33, 24.30, -7.91, 5, 84, 953444
0.00, -0.33, 24.30, -7.91, 5, 84, 965272
0.00, -0.33, 24.30, -7.91, 5, 84, 977108
0.00, -0.33, 24.30, -7.91, 5, 84, 988928
0.00, -0.33, 24.30, -7.91, 5, 84, 1000764
0.00, -0.33, 24.30, -7.91, 5, 84, 1012588
0.00, -0.33, 24.30, -7.91, 6, 84, 1024416
0.00, -0.33, 24.30, -7.91, 6, 84, 1036256
0.00, -0.33, 24.30, -7.91, 6, 84, 1048076
0.00, -0.33, 24.30, -7.91, 6, 84, 1059916
0.00, -0.33, 24.30, -7.91, 6, 84, 1071740
0.00, -0.33, 24.30, -7.91, 6, 84, 1083572
0.00, -0.33, 24.30, -7.91, 6, 84, 1095392
0.00, -0.33, 24.30, -7.91, 6, 84, 1107228
0.00, -0.33, 24.30, -7.91, 6, 84, 1119052
0.00, -0.33, 24.30, -7.91, 6, 84, 1130880
0.00, -0.33, 24.30, -7.91, 6, 84, 1142716
0.00, -0.33, 24.30, -7.91, 6, 84, 1154536
0.00, -0.33, 24.30, -7.91, 6, 84, 1166372
0.00, -0.33, 24.30, -7.91, 6, 84, 1178192
0.00, -0.33, 24.30, -7.91, 6, 84, 1190024
0.00, -0.33, 24.30, -7.91, 6, 84, 1201852
0.00, -0.33, 24.30, -7.91, 6, 84, 1213688
0.00, -0.33, 24.30, -7.91, 7, 84, 1225512
0.00, -0.33, 24.30, -7.91, 7, 84, 1237344
0.00, -0.33, 24.30, -7.91, 7, 84, 1249172
0.00, -0.33, 24.30, -7.91, 7, 84, 1261004
0.00, -0.33, 24.30, -7.91, 7, 84, 1272840
0.00, -0.33, 24.33, -7.92, 7, 84, 1284664
0.00, -0.33, 24.30, -7.91, 7, 84, 1296500
0.00, -0.33, 24.30, -7.91, 7, 84, 1308324
0.00, -0.33, 24.30, -7.91, 7, 84, 1320160
0.00, -0.33, 24.30, -7.91, 7, 84, 1331980
0.00, -0.33, 24.30, -7.91, 7, 84, 1343816
0.00, -0.33, 24.30, -7.91, 7, 85, 1355636
0.00, -0.33, 24.30, -7.91, 7, 84, 1367464
0.00, -0.33, 24.30, -7.91, 7, 84, 1379300
0.00, -0.33, 24.30, -7.91, 7, 84, 1391124
0.00, -0.33, 24.30, -7.91, 7, 84, 1402956
0.00, -0.33, 24.30, -7.91, 7, 84, 1414780
0.00, -0.33, 24.30, -7.91, 8, 84, 1426616
0.00, -0.33, 24.30, -7.91, 8, 84, 1438436
0.00, -0.33, 24.30, -7.91, 8, 84, 1450268
0.01, -0.33, 24.30, -7.91, 8, 84, 1462096
0.01, -0.33, 24.30, -7.91, 8, 84, 1473924
0.00, -0.33, 24.33, -7.92, 8, 84, 1485760
0.00, -0.33, 24.30, -7.91, 8, 84, 1497584
0.01, -0.33, 24.30, -7.91, 8, 84, 1509416
0.01, -0.33, 24.30, -7.91, 8, 84, 1521236
0.01, -0.33, 24.30, -7.91, 8, 84, 1533076
0.01, -0.33, 24.33, -7.92, 8, 84, 1544912
0.01, -0.33, 24.30, -7.91, 8, 85, 1556736
0.01, -0.33, 24.30, -7.91, 8, 84, 1568556
0.01, -0.33, 24.30, -7.91, 8, 84, 1580388
0.01, -0.33, 24.30, -7.91, 8, 84, 1592220
0.01, -0.33, 24.30, -7.91, 8, 84, 1604044
0.01, -0.33, 24.30, -7.91, 8, 84, 1615884
0.01, -0.33, 24.30, -7.91, 9, 84, 1627704
0.01, -0.33, 24.30, -7.91, 9, 84, 1639544
0.01, -0.33, 24.30, -7.91, 9, 84, 1651368
0.01, -0.33, 24.27, -7.90, 9, 84, 1663200
0.01, -0.33, 24.30, -7.91, 9, 84, 1675028
0.01, -0.33, 24.30, -7.91, 9, 84, 1686856
0.01, -0.33, 24.30, -7.91, 9, 84, 1698688
0.01, -0.33, 24.30, -7.91, 9, 84, 1710520
0.01, -0.33, 24.30, -7.91, 9, 84, 1722352
0.01, -0.33, 24.30, -7.91, 9, 84, 1734176
0.01, -0.33, 24.30, -7.91, 9, 84, 1746028
0.01, -0.33, 24.30, -7.91, 9, 84, 1757836
0.01, -0.33, 24.30, -7.91, 9, 84, 1769672
0.02, -0.33, 24.30, -7.91, 9, 84, 1781496
0.01, -0.33, 24.30, -7.91, 9, 84, 1793336
0.01, -0.33, 24.33, -7.92, 9, 84, 1805172
0.01, -0.33, 24.30, -7.91, 9, 84, 1816988
0.01, -0.33, 24.30, -7.91, 10, 84, 1828824
0.02, -0.33, 24.27, -7.90, 10, 84, 1840648
0.01, -0.33, 24.30, -7.91, 10, 84, 1852484
0.02, -0.33, 24.30, -7.91, 10, 84, 1864308
0.02, -0.33, 24.27, -7.90, 10, 84, 1876144
0.01, -0.33, 24.30, -7.91, 10, 84, 1887964
0.02, -0.33, 24.30, -7.91, 10, 84, 1899804
0.01, -0.33, 24.27, -7.90, 10, 84, 1911628
0.02, -0.33, 24.30, -7.91, 10, 84, 1923452
0.01, -0.33, 24.30, -7.91, 10, 84, 1935292
0.02, -0.33, 24.30, -7.91, 10, 84, 1947116
0.01, -0.33, 24.30, -7.91, 10, 84, 1958952
0.02, -0.33, 24.30, -7.91, 10, 84, 1970776
0.02, -0.33, 24.30, -7.91, 10, 84, 1982612
0.02, -0.33, 24.30, -7.91, 10, 84, 1994440
0.02, -0.33, 24.30, -7.91, 10, 84, 2006288
0.02, -0.33, 24.30, -7.91, 10, 84, 2018100
0.02, -0.33, 24.30, -7.91, 11, 84, 2029928
0.02, -0.33, 24.30, -7.91, 11, 84, 2041760
0.02, -0.33, 24.30, -7.91, 11, 84, 2053588
0.02, -0.33, 24.33, -7.92, 11, 84, 2065424
0.02, -0.00, 24.30, -0.00, 11, 85, 2077248
0.03, -0.33, 24.27, -7.90, 11, 84, 2089084
0.02, -0.33, 24.30, -7.91, 11, 84, 2100912
0.03, -0.00, 24.30, -0.00, 11, 84, 2112744
0.02, -0.00, 24.30, -0.00, 11, 84, 2124568
0.03, -0.33, 24.30, -7.91, 11, 84, 2136400
0.03, -0.33, 24.30, -7.91, 11, 84, 2148232
0.03, -0.00, 24.30, -0.00, 11, 84, 2160056
0.03, -0.33, 24.30, -7.91, 11, 84, 2171892
0.03, -0.33, 24.33, -7.92, 11, 84, 2183712
0.03, -0.00, 24.30, -0.00, 11, 84, 2195548
0.03, -0.00, 24.27, -0.00, 11, 84, 2207368
0.03, -0.33, 24.30, -7.91, 11, 84, 2219208
0.03, -0.00, 24.27, -0.00, 12, 84, 2231032
0.03, -0.00, 24.30, -0.00, 12, 84, 2242864
0.03, -0.00, 24.33, -0.00, 12, 84, 2254684
0.03, -0.00, 24.30, -0.00, 12, 84, 2266520
0.03, -0.00, 24.30, -0.00, 12, 84, 2278348
0.03, -0.00, 24.33, -0.00, 12, 84, 2290168
0.03, -0.00, 24.30, -0.00, 12, 84, 2302004
0.03, -0.00, 24.30, -0.00, 12, 84, 2313824
0.03, -0.33, 24.30, -7.91, 12, 84, 2325660
0.04, -0.00, 24.30, -0.00, 12, 84, 2337488
0.03, -0.00, 24.30, -0.00, 12, 84, 2349320
0.04, -0.00, 24.30, -0.00, 12, 84, 2361140
0.04, -0.00, 24.27, -0.00, 12, 84, 2372968
0.04, -0.00, 24.33, -0.00, 12, 84, 2384796
0.04, -0.00, 24.30, -0.00, 12, 84, 2396620
0.04, -0.00, 24.27, -0.00, 12, 84, 2408456
0.04, -0.00, 24.30, -0.00, 12, 84, 2420280
0.04, -0.00, 24.30, -0.00, 13, 84, 2432116
0.04, -0.00, 24.27, -0.00, 13, 84, 2443940
0.04, -0.00, 24.30, -0.00, 13, 84, 2455772
0.04, -0.00, 24.30, -0.00, 13, 84, 2467596
0.04, -0.00, 24.27, -0.00, 13, 84, 2479428
0.04, -0.00, 24.27, -0.00, 13, 84, 2491248
0.04, -0.00, 24.30, -0.00, 13, 84, 2503076
0.04, -0.00, 24.30, -0.00, 13, 84, 2514912
0.04, -0.00, 24.27, -0.00, 13, 84, 2526736
0.04, -0.00, 24.30, -0.00, 13, 84, 2538568
0.04, -0.00, 24.30, -0.00, 13, 84, 2550392
0.04, -0.00, 24.30, -0.00, 13, 84, 2562228
0.04, -0.00, 24.30, -0.00, 13, 84, 2574048
0.04, -0.00, 24.33, -0.00, 13, 84, 2585888
0.04, -0.00, 24.30, -0.00, 13, 84, 2597712
0.04, -0.00, 24.30, -0.00, 13, 84, 2609544
0.05, -0.00, 24.27, -0.00, 13, 84, 2621380
0.05, -0.00, 24.30, -0.00, 14, 84, 2633200
0.05, -0.00, 24.27, -0.00, 14, 84, 2645040
0.05, -0.00, 24.27, -0.00, 14, 84, 2656860
0.05, -0.00, 24.30, -0.00, 14, 84, 2668696
0.05, -0.00, 24.33, -0.00, 14, 84, 2680516
0.05, -0.00, 24.25, -0.00, 14, 84, 2692352
0.05, -0.00, 24.27, -0.00, 14, 84, 2704172
0.05, -0.00, 24.30, -0.00, 14, 84, 2716000
0.05, -0.00, 24.30, -0.00, 14, 84, 2727832
0.05, -0.00, 24.27, -0.00, 14, 84, 2739660
0.05, -0.00, 24.30, -0.00, 14, 84, 2751496
0.05, 0.33, 24.30, 7.91, 14, 84, 2763316
0.05, 0.33, 24.30, 7.91, 14, 84, 2775156
0.05, -0.00, 24.30, -0.00, 14, 84, 2786976
0.05, -0.00, 24.27, -0.00, 14, 84, 2798812
0.05, -0.00, 24.30, -0.00, 14, 84, 2810636
0.05, -0.00, 24.30, -0.00, 14, 84, 2822472
0.05, 0.33, 24.27, 7.90, 15, 84, 2834300
0.06, 0.33, 24.30, 7.91, 15, 84, 2846124
0.06, -0.00, 24.25, -0.00, 15, 84, 2857964
0.06, 0.33, 24.27, 7.90, 15, 84, 2869788
0.06, 0.33, 24.30, 7.91, 15, 84, 2881624
0.06, 0.33, 24.30, 7.91, 15, 84, 2893448
0.06, -0.00, 24.33, -0.00, 15, 84, 2905296
0.06, 0.33, 24.27, 7.90, 15, 85, 2917104
0.06, 0.33, 24.30, 7.91, 15, 84, 2928944
0.06, 0.33, 24.30, 7.91, 15, 84, 2940764
0.06, 0.33, 24.33, 7.92, 15, 84, 2952596
0.06, 0.33, 24.27, 7.90, 15, 84, 2964432
0.06, 0.33, 24.27, 7.90, 15, 84, 2976256
0.06, 0.33, 24.27, 7.90, 15, 84, 2988088
0.06, 0.33, 24.30, 7.91, 15, 84, 2999916
0.06, 0.33, 24.30, 7.91, 15, 84, 3011752
0.06, 0.33, 24.33, 7.92, 15, 84, 3023572
0.06, 0.33, 24.27, 7.90, 16, 84, 3035408
0.06, 0.33, 24.30, 7.91, 16, 84, 3047236
0.06, 0.33, 24.25, 7.89, 16, 84, 3059064
0.07, 0.33, 24.30, 7.91, 16, 84, 3070896
0.07, 0.33, 24.30, 7.91, 16, 84, 3082724
0.07, 0.33, 24.25, 7.89, 16, 84, 3094560
0.07, 0.33, 24.33, 7.92, 16, 84, 3106404
0.07, 0.33, 24.33, 7.92, 16, 84, 3118224
0.07, 0.33, 24.30, 7.91, 16, 84, 3130044
0.07, 0.33, 24.30, 7.91, 16, 84, 3141880
0.07, 0.33, 24.30, 7.91, 16, 84, 3153700
0.07, 0.33, 24.33, 7.92, 16, 84, 3165544
0.07, 0.33, 24.25, 7.89, 16, 85, 3177356
0.07, 0.33, 24.30, 7.91, 16, 84, 3189184
0.07, 0.33, 24.25, 7.89, 16, 84, 3201020
0.07, 0.33, 24.27, 7.90, 16, 84, 3212844
0.07, 0.33, 24.33, 7.92, 16, 84, 3224684
0.07, 0.33, 24.30, 7.91, 17, 84, 3236504
0.07, 0.33, 24.27, 7.90, 17, 84, 3248344
0.07, 0.33, 24.30, 7.91, 17, 84, 3260164
0.08, 0.33, 24.25, 7.89, 17, 84, 3272000
0.08, 0.33, 24.27, 7.90, 17, 84, 3283820
0.08, 0.33, 24.30, 7.91, 17, 84, 3295652
0.08, 0.33, 24.25, 7.89, 17, 84, 3307484
0.08, 0.65, 24.27, 15.80, 17, 84, 3319308
0.08, 0.65, 24.33, 15.84, 17, 84, 3331144
0.08, 0.33, 24.30, 7.91, 17, 84, 3342964
0.08, 0.65, 24.27, 15.80, 17, 84, 3354800
0.08, 0.65, 24.30, 15.82, 17, 84, 3366636
0.08, 0.65, 24.27, 15.80, 17, 84, 3378456
0.08, 0.65, 24.25, 15.79, 17, 84, 3390280
0.08, 0.65, 24.30, 15.82, 17, 84, 3402108
0.08, 0.65, 24.25, 15.79, 17, 84, 3413932
0.08, 0.33, 24.33, 7.92, 17, 84, 3425760
0.09, 0.65, 24.30, 15.82, 18, 84, 3437596
0.09, 0.65, 24.33, 15.84, 18, 84, 3449420
0.09, 0.65, 24.27, 15.80, 18, 84, 3461252
0.09, 0.65, 24.30, 15.82, 18, 84, 3473076
0.09, 0.33, 24.27, 7.90, 18, 84, 3484912
0.09, 0.65, 24.22, 15.77, 18, 85, 3496732
0.09, 0.65, 24.30, 15.82, 18, 84, 3508564
0.09, 0.65, 24.33, 15.84, 18, 84, 3520396
0.09, 0.65, 24.27, 15.80, 18, 84, 3532228
0.09, 0.65, 24.30, 15.82, 18, 84, 3544064
0.09, 0.65, 24.30, 15.82, 18, 84, 3555884
0.09, 0.65, 24.27, 15.80, 18, 84, 3567720
0.09, 0.65, 24.30, 15.82, 18, 84, 3579544
0.09, 0.65, 24.22, 15.77, 18, 84, 3591384
0.09, 0.65, 24.27, 15.80, 18, 84, 3603204
0.09, 0.65, 24.27, 15.80, 18, 84, 3615040
0.09, 0.65, 24.22, 15.77, 18, 84, 3626868
0.09, 0.65, 24.30, 15.82, 19, 84, 3638696
0.10, 0.65, 24.25, 15.79, 19, 84, 3650532
0.10, 0.65, 24.22, 15.77, 19, 84, 3662356
0.10, 0.65, 24.33, 15.84, 19, 84, 3674192
0.10, 0.65, 24.30, 15.82, 19, 84, 3686016
0.10, 0.98, 24.30, 23.73, 19, 84, 3697852
0.10, 0.65, 24.30, 15.82, 19, 84, 3709676
0.10, 0.65, 24.22, 15.77, 19, 84, 3721512
0.10, 0.98, 24.30, 23.73, 19, 84, 3733340
0.10, 0.65, 24.30, 15.82, 19, 84, 3745164
0.10, 0.65, 24.22, 15.77, 19, 84, 3757000
0.10, 0.98, 24.25, 23.68, 19, 84, 3768824
0.10, 0.98, 24.33, 23.76, 19, 84, 3780656
0.10, 0.98, 24.30, 23.73, 19, 84, 3792480
0.10, 0.98, 24.27, 23.71, 19, 84, 3804312
0.11, 0.98, 24.27, 23.71, 19, 84, 3816136
0.11, 0.98, 24.22, 23.65, 19, 84, 3827972
0.11, 0.98, 24.27, 23.71, 20, 84, 3839796
0.11, 0.65, 24.30, 15.82, 20, 84, 3851624
0.11, 0.98, 24.27, 23.71, 20, 84, 3863456
0.11, 0.98, 24.27, 23.71, 20, 84, 3875284
0.11, 0.98, 24.25, 23.68, 20, 84, 3887124
0.11, 0.98, 24.22, 23.65, 20, 84, 3898944
0.11, 0.98, 24.27, 23.71, 20, 84, 3910784
0.11, 0.98, 24.30, 23.73, 20, 84, 3922608
0.11, 0.98, 24.30, 23.73, 20, 84, 3934444
0.11, 0.98, 24.30, 23.73, 20, 84, 3946264
0.11, 0.98, 24.25, 23.68, 20, 84, 3958096
0.11, 0.98, 24.27, 23.71, 20, 84, 3969928
0.11, 0.98, 24.33, 23.76, 20, 84, 3981756
0.11, 0.98, 24.19, 23.63, 20, 84, 3993592
0.11, 0.98, 24.36, 23.79, 20, 84, 4005432
0.11, 0.98, 24.25, 23.68, 20, 84, 4017252
0.11, 0.98, 24.25, 23.68, 20, 84, 4029076
0.12, 0.98, 24.27, 23.71, 21, 84, 4040912
0.12, 0.98, 24.33, 23.76, 21, 84, 4052736
0.12, 0.98, 24.33, 23.76, 21, 84, 4064572
0.12, 0.98, 24.30, 23.73, 21, 84, 4076400
0.12, 0.98, 24.19, 23.63, 21, 84, 4088228
0.12, 0.98, 24.33, 23.76, 21, 84, 4100068
0.12, 0.98, 24.30, 23.73, 21, 84, 4111888
0.12, 1.30, 24.27, 31.61, 21, 84, 4123724
0.12, 1.30, 24.30, 31.64, 21, 84, 4135548
0.12, 1.30, 24.25, 31.57, 21, 84, 4147384
0.12, 1.30, 24.19, 31.50, 21, 84, 4159208
0.12, 0.98, 24.33, 23.76, 21, 84, 4171044
0.12, 0.98, 24.33, 23.76, 21, 84, 4182864
0.12, 1.30, 24.27, 31.61, 21, 84, 4194692
0.12, 1.30, 24.22, 31.54, 21, 84, 4206540
0.12, 0.98, 24.33, 23.76, 21, 84, 4218348
0.12, 1.30, 24.25, 31.57, 21, 84, 4230184
0.12, 1.30, 24.27, 31.61, 22, 84, 4242004
0.13, 0.98, 24.33, 23.76, 22, 84, 4253836
0.13, 0.98, 24.27, 23.71, 22, 84, 4265676
0.13, 1.30, 24.25, 31.57, 22, 84, 4277496
0.13, 1.30, 24.33, 31.68, 22, 84, 4289316
0.13, 1.30, 24.25, 31.57, 22, 84, 4301144
0.13, 1.30, 24.25, 31.57, 22, 84, 4312972
0.13, 1.63, 24.27, 39.51, 22, 84, 4324800
0.13, 1.30, 24.19, 31.50, 22, 84, 4336636
0.13, 1.30, 24.17, 31.47, 22, 84, 4348456
0.13, 1.30, 24.33, 31.68, 22, 84, 4360288
0.13, 1.30, 24.27, 31.61, 22, 84, 4372112
0.14, 1.30, 24.27, 31.61, 22, 84, 4383948
0.14, 1.63, 24.25, 39.47, 22, 84, 4395772
0.14, 1.30, 24.25, 31.57, 22, 84, 4407604
0.14, 1.30, 24.30, 31.64, 22, 84, 4419424
0.14, 1.30, 24.25, 31.57, 22, 84, 4431256
0.14, 1.30, 24.30, 31.64, 23, 84, 4443088
0.14, 1.30, 24.14, 31.43, 23, 84, 4454912
0.14, 1.30, 24.36, 31.71, 23, 84, 4466768
0.14, 1.63, 24.30, 39.55, 23, 84, 4478572
0.14, 1.63, 24.17, 39.33, 23, 84, 4490408
0.14, 1.63, 24.22, 39.42, 23, 84, 4502228
0.14, 1.63, 24.27, 39.51, 23, 84, 4514064
0.15, 1.30, 24.22, 31.54, 23, 84, 4525888
0.15, 1.63, 24.25, 39.47, 23, 84, 4537716
0.15, 1.63, 24.27, 39.51, 23, 84, 4549544
0.15, 1.63, 24.33, 39.60, 23, 84, 4561372
0.15, 1.63, 24.17, 39.33, 23, 84, 4573208
0.15, 1.63, 24.27, 39.51, 23, 84, 4585028
0.15, 1.63, 24.33, 39.60, 23, 84, 4596864
0.15, 1.63, 24.27, 39.51, 23, 84, 4608688
0.15, 1.63, 24.19, 39.38, 23, 84, 4620520
0.15, 1.63, 24.30, 39.55, 23, 84, 4632340
0.15, 1.63, 24.22, 39.42, 24, 84, 4644172
0.15, 1.63, 24.19, 39.38, 24, 84, 4655996
0.15, 1.95, 24.22, 47.31, 24, 84, 4667828
0.15, 1.63, 24.33, 39.60, 24, 84, 4679664
0.15, 1.63, 24.25, 39.47, 24, 84, 4691484
0.16, 1.95, 24.25, 47.36, 24, 84, 4703324
0.16, 1.95, 24.27, 47.41, 24, 84, 4715140
0.16, 1.95, 24.25, 47.36, 24, 84, 4726992
0.16, 1.95, 24.17, 47.20, 24, 84, 4738796
0.16, 1.95, 24.27, 47.41, 24, 84, 4750632
0.16, 1.63, 24.33, 39.60, 24, 84, 4762456
0.16, 1.95, 24.19, 47.25, 24, 84, 4774284
0.16, 1.95, 24.27, 47.41, 24, 84, 4786120
0.16, 1.63, 24.30, 39.55, 24, 84, 4797944
0.16, 1.95, 24.19, 47.25, 24, 84, 4809780
0.16, 1.95, 24.25, 47.36, 24, 84, 4821604
0.16, 1.63, 24.36, 39.64, 24, 84, 4833440
0.16, 1.63, 24.30, 39.55, 25, 84, 4845264
0.16, 1.95, 24.25, 47.36, 25, 84, 4857096
0.16, 1.95, 24.22, 47.31, 25, 84, 4868924
0.17, 1.95, 24.22, 47.31, 25, 84, 4880752
0.17, 2.28, 24.25, 55.25, 25, 84, 4892584
0.17, 1.95, 24.36, 47.57, 25, 84, 4904412
0.17, 2.28, 24.22, 55.19, 25, 84, 4916252
0.17, 2.28, 24.25, 55.25, 25, 84, 4928076
0.18, 1.95, 24.33, 47.52, 25, 84, 4939908
0.18, 1.95, 24.19, 47.25, 25, 84, 4951736
0.18, 2.28, 24.27, 55.31, 25, 84, 4963572
0.18, 1.95, 24.36, 47.57, 25, 84, 4975396
0.18, 2.28, 24.22, 55.19, 25, 84, 4987220
0.18, 2.28, 24.25, 55.25, 25, 84, 4999052
0.18, 2.28, 24.25, 55.25, 25, 84, 5010880
0.18, 2.28, 24.14, 55.01, 25, 84, 5022716
0.18, 2.28, 24.25, 55.25, 25, 84, 5034540
0.18, 1.95, 24.33, 47.52, 26, 84, 5046376
0.18, 1.95, 24.27, 47.41, 26, 84, 5058196
0.18, 2.28, 24.27, 55.31, 26, 84, 5070032
0.18, 2.60, 24.27, 63.22, 26, 84, 5081852
0.18, 2.28, 24.17, 55.07, 26, 84, 5093688
0.19, 2.28, 24.27, 55.31, 26, 84, 5105528
0.19, 2.60, 24.25, 63.15, 26, 84, 5117340
0.19, 2.28, 24.30, 55.38, 26, 84, 5129180
0.19, 2.60, 24.09, 62.72, 26, 84, 5141004
0.19, 2.60, 24.27, 63.22, 26, 84, 5152836
0.19, 2.60, 24.33, 63.36, 26, 84, 5164664
0.19, 2.28, 24.14, 55.01, 26, 84, 5176500
0.19, 2.60, 24.25, 63.15, 26, 84, 5188320
0.19, 2.28, 24.30, 55.38, 26, 84, 5200160
0.19, 2.28, 24.36, 55.50, 26, 84, 5211984
0.19, 2.60, 24.27, 63.22, 26, 84, 5223812
0.19, 2.28, 24.27, 55.31, 26, 84, 5235652
0.19, 2.28, 24.30, 55.38, 27, 84, 5247472
0.19, 2.93, 24.25, 71.04, 27, 84, 5259312
0.20, 2.60, 24.22, 63.08, 27, 84, 5271136
0.20, 2.60, 24.30, 63.29, 27, 84, 5282972
0.20, 2.60, 24.22, 63.08, 27, 84, 5294796
0.20, 2.93, 24.27, 71.12, 27, 84, 5306632
0.20, 2.60, 24.33, 63.36, 27, 84, 5318456
0.21, 2.60, 24.19, 63.01, 27, 84, 5330288
0.21, 2.60, 24.14, 62.86, 27, 84, 5342120
0.21, 2.60, 24.22, 63.08, 27, 84, 5353948
0.21, 2.60, 24.30, 63.29, 27, 84, 5365804
0.21, 2.93, 24.19, 70.88, 27, 85, 5377612
0.21, 2.60, 24.27, 63.22, 27, 84, 5389448
0.21, 2.60, 24.27, 63.22, 27, 84, 5401268
0.21, 2.93, 24.22, 70.96, 27, 84, 5413108
0.21, 2.60, 24.19, 63.01, 27, 84, 5424928
0.21, 2.60, 24.22, 63.08, 27, 84, 5436760
0.21, 2.60, 24.46, 63.71, 28, 84, 5448584
0.21, 2.93, 24.09, 70.56, 28, 84, 5460416
0.21, 2.60, 24.30, 63.29, 28, 84, 5472252
0.21, 2.93, 24.25, 71.04, 28, 84, 5484076
0.22, 3.26, 24.22, 78.84, 28, 84, 5495916
0.22, 2.93, 24.27, 71.12, 28, 84, 5507740
0.22, 2.93, 24.25, 71.04, 28, 84, 5519572
0.22, 2.93, 24.03, 70.41, 28, 84, 5531396
0.22, 2.93, 24.36, 71.36, 28, 84, 5543232
0.22, 2.93, 24.25, 71.04, 28, 84, 5555056
0.22, 3.26, 24.19, 78.76, 28, 84, 5566904
0.22, 3.26, 24.22, 78.84, 28, 84, 5578728
0.22, 2.93, 24.27, 71.12, 28, 84, 5590548
0.22, 3.26, 24.19, 78.76, 28, 84, 5602388
0.22, 2.93, 24.17, 70.80, 28, 84, 5614212
0.22, 2.60, 24.19, 63.01, 28, 84, 5626048
0.22, 2.93, 24.27, 71.12, 28, 84, 5637872
0.22, 2.93, 24.30, 71.20, 29, 84, 5649712
0.22, 2.93, 24.25, 71.04, 29, 84, 5661536
0.23, 3.26, 24.19, 78.76, 29, 84, 5673364
0.23, 3.26, 24.25, 78.93, 29, 84, 5685200
0.23, 3.26, 24.14, 78.58, 29, 84, 5697024
0.23, 3.26, 24.17, 78.67, 29, 84, 5708860
0.24, 3.26, 24.17, 78.67, 29, 84, 5720680
0.24, 3.58, 24.25, 86.83, 29, 84, 5732516
0.24, 3.26, 24.25, 78.93, 29, 84, 5744336
0.24, 3.26, 24.19, 78.76, 29, 84, 5756172
0.24, 3.26, 24.19, 78.76, 29, 84, 5768000
0.24, 3.26, 24.27, 79.02, 29, 84, 5779828
0.24, 3.26, 24.11, 78.49, 29, 84, 5791660
0.24, 3.26, 24.19, 78.76, 29, 84, 5803488
0.24, 3.58, 24.25, 86.83, 29, 84, 5815328
0.24, 3.26, 24.19, 78.76, 29, 84, 5827164
0.24, 3.26, 24.22, 78.84, 29, 84, 5838980
0.24, 3.26, 24.17, 78.67, 30, 84, 5850808
0.24, 3.58, 24.22, 86.73, 30, 84, 5862640
0.24, 3.58, 24.22, 86.73, 30, 84, 5874464
0.24, 3.58, 24.41, 87.40, 30, 84, 5886292
0.25, 3.58, 24.06, 86.15, 30, 84, 5898124
0.25, 3.58, 24.19, 86.63, 30, 84, 5909956
0.25, 3.58, 24.33, 87.12, 30, 84, 5921788
0.25, 3.91, 24.09, 94.09, 30, 84, 5933612
0.25, 3.58, 24.22, 86.73, 30, 84, 5945448
0.25, 3.91, 24.19, 94.51, 30, 84, 5957272
0.25, 3.58, 24.38, 87.31, 30, 84, 5969104
0.25, 3.58, 24.25, 86.83, 30, 84, 5980928
0.25, 3.58, 24.30, 87.02, 30, 84, 5992764
0.25, 3.91, 24.22, 94.61, 30, 84, 6004584
0.25, 3.58, 24.36, 87.21, 30, 84, 6016416
0.25, 3.91, 24.14, 94.30, 30, 84, 6028252
0.25, 3.91, 24.22, 94.61, 30, 84, 6040076
0.25, 3.58, 24.36, 87.21, 31, 84, 6051908
0.25, 3.58, 24.11, 86.34, 31, 84, 6063732
0.26, 4.23, 24.14, 102.16, 31, 84, 6075564
0.26, 4.23, 24.19, 102.38, 31, 84, 6087388
0.26, 3.91, 24.33, 95.03, 31, 84, 6099224
0.27, 4.23, 24.27, 102.73, 31, 84, 6111048
0.27, 4.23, 24.22, 102.50, 31, 84, 6122872
0.27, 4.23, 24.30, 102.84, 31, 84, 6134700
0.27, 3.91, 24.33, 95.03, 31, 84, 6146532
0.27, 4.23, 24.03, 101.70, 31, 84, 6158368
0.27, 4.23, 24.17, 102.27, 31, 84, 6170192
0.27, 3.91, 24.36, 95.14, 31, 84, 6182028
0.27, 3.91, 24.17, 94.40, 31, 84, 6193852
0.27, 3.58, 24.36, 87.21, 31, 84, 6205704
0.27, 4.23, 24.27, 102.73, 31, 84, 6217512
0.27, 4.23, 24.17, 102.27, 31, 84, 6229340
0.27, 4.23, 24.09, 101.93, 31, 84, 6241172
0.27, 4.23, 24.25, 102.61, 32, 84, 6253000
0.27, 4.23, 24.33, 102.95, 32, 84, 6264836
0.28, 4.23, 24.09, 101.93, 32, 84, 6276660
0.28, 4.56, 24.14, 110.01, 32, 84, 6288496
0.28, 4.56, 24.22, 110.38, 32, 84, 6300320
0.28, 4.56, 24.01, 109.40, 32, 84, 6312156
0.29, 4.56, 24.03, 109.52, 32, 84, 6323980
0.29, 4.56, 24.22, 110.38, 32, 84, 6335816
0.29, 4.56, 24.27, 110.63, 32, 84, 6347640
0.29, 4.56, 24.22, 110.38, 32, 84, 6359472
0.29, 4.88, 24.25, 118.40, 32, 84, 6371304
0.29, 4.56, 24.25, 110.51, 32, 84, 6383132
0.29, 4.56, 24.25, 110.51, 32, 84, 6394960
0.29, 4.56, 24.19, 110.26, 32, 84, 6406784
0.29, 4.88, 24.30, 118.66, 32, 84, 6418620
0.29, 4.88, 24.22, 118.27, 32, 84, 6430448
0.29, 4.88, 24.17, 118.00, 32, 84, 6442280
0.29, 4.56, 24.27, 110.63, 33, 84, 6454104
0.29, 4.56, 24.30, 110.75, 33, 84, 6465944
0.29, 4.88, 24.22, 118.27, 33, 84, 6477764
0.30, 4.88, 24.22, 118.27, 33, 84, 6489588
0.30, 4.88, 24.06, 117.48, 33, 84, 6501416
0.30, 4.88, 24.14, 117.87, 33, 84, 6513240
0.30, 4.88, 24.25, 118.40, 33, 84, 6525076
0.30, 4.88, 24.30, 118.66, 33, 84, 6536896
0.30, 5.21, 24.17, 125.87, 33, 84, 6548736
0.31, 5.21, 23.90, 124.47, 33, 84, 6560560
0.31, 4.88, 24.36, 118.93, 33, 84, 6572388
0.30, 5.21, 24.11, 125.59, 33, 84, 6584216
0.30, 4.88, 24.27, 118.53, 33, 84, 6596048
0.31, 5.21, 24.01, 125.03, 33, 84, 6607880
0.30, 5.21, 24.14, 125.73, 33, 84, 6619700
0.30, 4.88, 24.30, 118.66, 33, 84, 6631536
0.30, 5.21, 24.27, 126.43, 33, 84, 6643360
0.30, 5.21, 24.06, 125.31, 34, 84, 6655192
0.30, 5.53, 24.14, 133.59, 34, 84, 6667020
0.31, 5.21, 24.19, 126.01, 34, 84, 6678856
0.31, 5.21, 24.27, 126.43, 34, 84, 6690680
0.31, 5.21, 23.98, 124.89, 34, 84, 6702508
0.32, 5.86, 24.11, 141.29, 34, 84, 6714344
0.32, 5.53, 24.14, 133.59, 34, 84, 6726168
0.32, 5.21, 24.30, 126.57, 34, 84, 6738000
0.32, 5.21, 24.17, 125.87, 34, 84, 6749824
0.32, 5.86, 24.11, 141.29, 34, 84, 6761656
0.32, 5.86, 24.14, 141.45, 34, 84, 6773480
0.32, 5.21, 24.46, 127.42, 34, 84, 6785312
0.32, 5.21, 24.36, 126.85, 34, 84, 6797132
0.32, 5.86, 24.09, 141.13, 34, 84, 6808964
0.32, 5.86, 24.19, 141.76, 34, 84, 6820796
0.32, 5.86, 24.30, 142.39, 34, 84, 6832620
0.32, 5.21, 24.25, 126.29, 34, 84, 6844456
0.32, 5.53, 24.06, 133.14, 35, 84, 6856280
0.32, 5.86, 24.19, 141.76, 35, 84, 6868116
0.32, 5.86, 24.09, 141.13, 35, 84, 6879936
0.33, 5.53, 24.22, 134.04, 35, 84, 6891772
0.33, 5.53, 24.36, 134.78, 35, 84, 6903592
0.33, 6.18, 24.11, 149.14, 35, 84, 6915420
0.34, 5.86, 24.19, 141.76, 35, 84, 6927264
0.34, 5.86, 24.33, 142.55, 35, 84, 6939076
0.34, 5.53, 24.30, 134.48, 35, 84, 6950912
0.34, 5.86, 24.01, 140.66, 35, 84, 6962736
0.34, 6.51, 24.14, 157.16, 35, 84, 6974568
0.34, 6.18, 24.11, 149.14, 35, 84, 6986388
0.34, 5.86, 24.25, 142.08, 35, 84, 6998224
0.34, 5.86, 24.38, 142.87, 35, 84, 7010048
0.34, 6.18, 23.98, 148.30, 35, 84, 7021880
0.34, 6.18, 24.14, 149.30, 35, 84, 7033708
0.34, 6.18, 24.14, 149.30, 35, 84, 7045536
0.34, 5.86, 24.27, 142.24, 36, 84, 7057372
0.34, 5.86, 24.14, 141.45, 36, 84, 7069196
0.34, 6.51, 23.98, 156.11, 36, 84, 7081028
0.34, 6.51, 24.03, 156.46, 36, 84, 7092856
0.35, 6.18, 24.25, 149.97, 36, 84, 7104692
0.35, 6.18, 24.09, 148.97, 36, 84, 7116516
0.35, 6.51, 23.90, 155.58, 36, 84, 7128352
0.36, 6.84, 24.14, 165.02, 36, 84, 7140176
0.36, 6.51, 24.19, 157.51, 36, 84, 7152008
0.36, 6.51, 23.95, 155.93, 36, 84, 7163844
0.36, 6.18, 24.09, 148.97, 36, 84, 7175664
0.36, 6.18, 24.36, 150.64, 36, 84, 7187516
0.36, 6.84, 24.19, 165.39, 36, 85, 7199324
0.36, 6.18, 24.30, 150.30, 36, 84, 7211160
0.36, 6.18, 24.19, 149.64, 36, 84, 7222984
0.36, 6.51, 23.98, 156.11, 36, 84, 7234816
0.36, 6.51, 24.25, 157.86, 36, 84, 7246640
0.36, 6.84, 24.30, 166.13, 37, 84, 7258464
0.36, 6.84, 24.30, 166.13, 37, 84, 7270292
0.36, 6.18, 24.30, 150.30, 37, 84, 7282124
0.36, 6.84, 23.74, 162.25, 37, 84, 7293956
0.37, 6.84, 24.06, 164.47, 37, 84, 7305776
0.37, 7.49, 24.22, 181.34, 37, 84, 7317616
0.37, 7.16, 24.19, 173.26, 37, 84, 7329436
0.38, 6.84, 24.36, 166.50, 37, 84, 7341272
0.38, 6.84, 24.14, 165.02, 37, 84, 7353096
0.38, 7.16, 24.36, 174.42, 37, 84, 7364932
0.38, 7.81, 24.09, 188.17, 37, 85, 7376756
0.38, 7.81, 24.22, 189.23, 37, 84, 7388584
0.38, 7.16, 24.22, 173.46, 37, 84, 7400420
0.38, 6.84, 24.36, 166.50, 37, 84, 7412240
0.38, 7.16, 23.79, 170.37, 37, 84, 7424076
0.38, 7.49, 23.90, 178.92, 37, 84, 7435896
0.39, 7.49, 23.98, 179.52, 37, 84, 7447728
0.38, 7.49, 24.06, 180.13, 38, 84, 7459552
0.38, 6.84, 24.19, 165.39, 38, 84, 7471388
0.38, 7.16, 24.27, 173.84, 38, 84, 7483212
0.39, 7.49, 23.92, 179.12, 38, 84, 7495040
0.39, 7.49, 23.84, 178.52, 38, 84, 7506872
0.39, 7.81, 24.03, 187.75, 38, 84, 7518692
0.40, 8.14, 24.17, 196.67, 38, 84, 7530528
0.40, 7.81, 24.14, 188.59, 38, 84, 7542352
0.40, 7.49, 24.30, 181.95, 38, 84, 7554184
0.40, 7.81, 23.90, 186.70, 38, 84, 7566024
0.40, 7.81, 23.76, 185.64, 38, 84, 7577840
0.40, 7.81, 23.79, 185.86, 38, 84, 7589664
0.40, 7.81, 24.30, 189.86, 38, 84, 7601492
0.40, 8.14, 24.14, 196.45, 38, 84, 7613324
0.40, 7.49, 24.52, 183.56, 38, 84, 7625156
0.40, 7.81, 24.09, 188.17, 38, 84, 7636992
0.40, 7.81, 23.87, 186.49, 38, 84, 7648816
0.40, 8.46, 24.06, 203.63, 39, 84, 7660652
0.40, 8.14, 23.84, 194.04, 39, 84, 7672472
0.41, 7.49, 24.38, 182.55, 39, 84, 7684308
0.41, 8.46, 24.27, 205.45, 39, 84, 7696128
0.41, 8.79, 23.92, 210.27, 39, 84, 7707964
0.42, 8.46, 23.92, 202.48, 39, 84, 7719788
0.42, 8.46, 23.87, 202.03, 39, 84, 7731612
0.43, 8.79, 24.01, 210.98, 39, 84, 7743444
0.42, 8.79, 23.90, 210.04, 39, 84, 7755268
0.42, 8.14, 24.27, 197.55, 39, 84, 7767104
0.43, 8.79, 24.19, 212.64, 39, 84, 7778924
0.42, 8.14, 24.36, 198.21, 39, 84, 7790760
0.43, 8.14, 24.33, 197.99, 39, 84, 7802584
0.42, 8.79, 23.87, 209.80, 39, 84, 7814416
0.43, 8.79, 24.30, 213.59, 39, 84, 7826256
0.42, 8.46, 24.33, 205.91, 39, 84, 7838068
0.42, 8.79, 24.11, 211.93, 39, 84, 7849896
0.42, 8.14, 24.44, 198.87, 40, 84, 7861724
0.42, 8.46, 24.25, 205.22, 40, 84, 7873560
0.42, 8.46, 24.22, 205.00, 40, 84, 7885380
0.42, 9.11, 23.76, 216.59, 40, 84, 7897216
0.43, 8.79, 23.95, 210.51, 40, 84, 7909036
0.44, 9.77, 24.17, 236.01, 40, 84, 7920872
0.44, 9.44, 24.03, 226.87, 40, 84, 7932696
0.44, 8.79, 23.98, 210.75, 40, 84, 7944524
0.44, 9.11, 24.30, 221.50, 40, 84, 7956348
0.44, 8.79, 24.30, 213.59, 40, 84, 7968172
0.44, 9.11, 23.87, 217.57, 40, 84, 7980012
0.44, 9.44, 23.71, 223.81, 40, 84, 7991832
0.44, 9.44, 24.06, 227.12, 40, 84, 8003668
0.44, 9.11, 23.87, 217.57, 40, 84, 8015488
0.44, 9.11, 23.95, 218.31, 40, 84, 8027324
0.44, 10.09, 24.09, 243.06, 40, 84, 8039144
0.44, 8.79, 24.36, 214.07, 40, 84, 8050980
0.44, 8.79, 24.01, 210.98, 41, 84, 8062800
0.44, 9.44, 23.98, 226.36, 41, 84, 8074628
0.44, 9.11, 23.76, 216.59, 41, 84, 8086464
0.45, 9.44, 23.90, 225.59, 41, 84, 8098288
0.45, 10.09, 24.06, 242.78, 41, 84, 8110120
0.46, 10.09, 24.25, 244.69, 41, 84, 8121944
0.46, 8.79, 24.33, 213.83, 41, 84, 8133776
0.46, 9.44, 24.33, 229.67, 41, 84, 8145600
0.46, 10.09, 23.87, 240.88, 41, 84, 8157436
0.46, 9.77, 24.03, 234.69, 41, 84, 8169256
0.46, 9.77, 24.19, 236.27, 41, 84, 8181088
0.46, 10.09, 23.95, 241.70, 41, 84, 8192916
0.46, 10.74, 24.06, 258.45, 41, 84, 8204744
0.46, 9.11, 24.19, 220.52, 41, 84, 8216576
0.46, 9.77, 24.25, 236.80, 41, 84, 8228400
0.46, 9.77, 23.92, 233.64, 41, 84, 8240236
0.46, 9.77, 24.14, 235.74, 41, 84, 8252056
0.46, 10.09, 23.90, 241.15, 42, 84, 8263892
0.46, 10.42, 23.79, 247.81, 42, 84, 8275716
0.47, 9.44, 23.84, 225.08, 42, 84, 8287564
0.47, 10.74, 23.98, 257.58, 42, 85, 8299372
0.47, 10.09, 24.19, 244.15, 42, 84, 8311204
0.48, 9.77, 24.17, 236.01, 42, 84, 8323040
0.48, 10.09, 24.36, 245.78, 42, 84, 8334864
0.48, 10.74, 23.68, 254.39, 42, 84, 8346700
0.48, 10.42, 23.95, 249.49, 42, 84, 8358520
0.48, 10.42, 24.06, 250.62, 42, 84, 8370360
0.49, 11.39, 24.01, 273.50, 42, 84, 8382184
0.48, 10.09, 24.25, 244.69, 42, 84, 8394020
0.48, 10.42, 24.25, 252.58, 42, 84, 8405844
0.48, 10.74, 23.90, 256.71, 42, 84, 8417672
0.49, 10.42, 23.82, 248.09, 42, 84, 8429508
0.48, 10.42, 23.92, 249.21, 42, 84, 8441328
0.48, 10.74, 23.74, 254.97, 42, 84, 8453164
0.48, 10.74, 23.74, 254.97, 43, 84, 8464988
0.48, 11.07, 24.19, 267.77, 43, 84, 8476820
0.48, 11.39, 23.76, 270.73, 43, 84, 8488648
0.49, 11.39, 24.06, 274.11, 43, 84, 8500480
0.49, 11.39, 24.22, 275.96, 43, 84, 8512304
0.49, 10.74, 24.25, 260.48, 43, 84, 8524128
0.50, 11.39, 23.87, 271.96, 43, 84, 8535956
0.50, 11.07, 24.14, 267.18, 43, 84, 8547800
0.50, 11.07, 24.25, 268.37, 43, 84, 8559620
0.50, 10.74, 24.19, 259.90, 43, 84, 8571440
0.50, 10.74, 24.09, 258.74, 43, 84, 8583280
0.50, 11.07, 24.14, 267.18, 43, 84, 8595096
0.50, 11.07, 23.84, 263.89, 43, 84, 8606932
0.50, 11.07, 24.06, 266.28, 43, 84, 8618752
0.50, 11.72, 24.14, 282.89, 43, 84, 8630584
0.50, 11.07, 23.76, 263.00, 43, 84, 8642408
0.50, 11.07, 23.79, 263.29, 43, 84, 8654240
0.50, 12.04, 24.09, 290.10, 44, 84, 8666088
0.50, 11.39, 23.76, 270.73, 44, 85, 8677892
0.50, 12.37, 23.98, 296.61, 44, 84, 8689732
0.50, 11.39, 23.71, 270.12, 44, 84, 8701548
0.51, 11.39, 23.82, 271.35, 44, 84, 8713384
0.51, 12.04, 23.82, 286.85, 44, 84, 8725208
0.51, 11.72, 24.14, 282.89, 44, 84, 8737044
0.51, 12.70, 24.09, 305.78, 44, 84, 8748864
0.52, 12.37, 24.27, 300.28, 44, 84, 8760692
0.52, 12.37, 24.27, 300.28, 44, 84, 8772520
0.52, 12.04, 23.98, 288.80, 44, 84, 8784352
0.52, 11.72, 24.17, 283.21, 44, 84, 8796180
0.52, 11.72, 24.14, 282.89, 44, 84, 8808004
0.52, 11.72, 24.11, 282.58, 44, 84, 8819840
0.52, 11.39, 24.44, 278.41, 44, 84, 8831664
0.52, 11.39, 24.25, 276.26, 44, 84, 8843500
0.52, 11.39, 24.19, 275.65, 44, 84, 8855324
0.52, 12.04, 23.92, 288.15, 45, 84, 8867152
0.51, 11.39, 24.06, 274.11, 45, 84, 8878984
0.52, 11.72, 23.76, 278.47, 45, 84, 8890812
0.52, 13.02, 23.84, 310.46, 45, 84, 8902652
0.53, 12.70, 23.84, 302.70, 45, 84, 8914472
0.53, 11.39, 24.27, 276.57, 45, 84, 8926328
0.54, 13.02, 23.65, 308.00, 45, 84, 8938136
0.53, 12.37, 24.19, 299.28, 45, 84, 8949972
0.53, 12.37, 24.11, 298.27, 45, 84, 8961796
0.53, 12.04, 23.79, 286.53, 45, 84, 8973628
0.54, 12.04, 23.55, 283.60, 45, 84, 8985452
0.54, 12.37, 24.19, 299.28, 45, 84, 8997284
0.54, 12.70, 24.25, 307.84, 45, 84, 9009116
0.54, 12.37, 24.38, 301.61, 45, 84, 9020940
0.54, 12.04, 23.82, 286.85, 45, 84, 9032780
0.54, 12.37, 24.01, 296.94, 45, 84, 9044604
0.54, 12.70, 24.01, 304.75, 45, 84, 9056440
0.54, 12.04, 24.17, 291.07, 46, 84, 9068260
0.54, 12.37, 24.38, 301.61, 46, 84, 9080096
0.54, 12.37, 24.73, 305.95, 46, 84, 9091916
0.55, 13.67, 23.76, 324.88, 46, 84, 9103744
0.55, 13.02, 23.68, 308.35, 46, 84, 9115584
0.55, 12.04, 24.27, 292.37, 46, 84, 9127400
0.55, 13.02, 24.01, 312.57, 46, 84, 9139240
0.55, 12.70, 23.90, 303.38, 46, 84, 9151060
0.55, 14.00, 23.47, 328.46, 46, 84, 9162900
0.55, 13.67, 23.63, 323.03, 46, 84, 9174724
0.56, 14.00, 23.79, 332.99, 46, 84, 9186560
0.55, 13.02, 23.79, 309.76, 46, 84, 9198384
0.55, 14.00, 23.44, 328.08, 46, 84, 9210212
0.55, 13.35, 23.68, 316.06, 46, 84, 9222044
0.55, 13.67, 23.82, 325.62, 46, 84, 9233876
0.56, 13.67, 23.76, 324.88, 46, 84, 9245708
0.56, 13.35, 23.57, 314.62, 46, 84, 9257532
0.56, 13.67, 23.71, 324.14, 47, 84, 9269372
0.56, 14.97, 23.55, 352.59, 47, 84, 9281192
0.56, 14.00, 23.68, 331.48, 47, 84, 9293032
0.56, 13.67, 23.68, 323.77, 47, 84, 9304856
0.56, 14.32, 23.95, 343.05, 47, 84, 9316684
0.57, 13.02, 23.71, 308.71, 47, 84, 9328516
0.57, 14.65, 23.87, 349.66, 47, 84, 9340344
0.57, 14.97, 23.92, 358.24, 47, 84, 9352180
0.57, 14.32, 23.87, 341.89, 47, 84, 9364004
0.57, 14.97, 24.11, 361.07, 47, 84, 9375840
0.57, 13.67, 24.38, 333.36, 47, 84, 9387680
0.57, 14.65, 24.03, 352.03, 47, 84, 9399500
0.57, 14.65, 23.95, 350.85, 47, 84, 9411324
0.57, 14.00, 24.19, 338.65, 47, 84, 9423160
0.57, 14.32, 23.98, 343.44, 47, 84, 9434984
0.58, 14.00, 23.71, 331.86, 47, 84, 9446816
0.57, 14.97, 23.79, 356.22, 47, 84, 9458652
0.58, 14.97, 23.25, 348.14, 48, 84, 9470476
0.57, 14.97, 24.14, 361.47, 48, 84, 9482312
0.58, 13.67, 23.68, 323.77, 48, 84, 9494136
0.58, 14.32, 23.90, 342.28, 48, 84, 9505972
0.58, 14.32, 23.49, 336.48, 48, 84, 9517796
0.59, 14.97, 23.92, 358.24, 48, 84, 9529628
0.59, 14.65, 23.71, 347.29, 48, 84, 9541452
0.59, 14.65, 23.76, 348.08, 48, 84, 9553284
0.60, 14.00, 23.92, 334.88, 48, 84, 9565120
0.60, 13.67, 24.22, 331.15, 48, 84, 9576940
0.59, 14.32, 23.92, 342.67, 48, 84, 9588776
0.59, 13.67, 24.11, 329.67, 48, 84, 9600604
0.59, 13.67, 24.06, 328.93, 48, 84, 9612436
0.60, 14.65, 24.49, 358.75, 48, 84, 9624260
0.60, 14.65, 24.33, 356.38, 48, 84, 9636088
0.60, 14.32, 23.84, 341.51, 48, 84, 9647928
0.60, 15.63, 24.27, 379.30, 48, 84, 9659744
0.60, 14.32, 23.22, 332.62, 49, 84, 9671568
0.60, 14.97, 23.49, 351.78, 49, 84, 9683396
0.60, 15.30, 23.41, 358.19, 49, 84, 9695236
0.60, 14.65, 23.98, 351.24, 49, 84, 9707056
0.61, 14.97, 23.74, 355.41, 49, 84, 9718888
0.61, 15.63, 24.06, 375.92, 49, 84, 9730712
0.61, 15.30, 24.11, 368.92, 49, 84, 9742544
0.61, 14.97, 24.09, 360.67, 49, 84, 9754372
0.61, 14.97, 24.19, 362.28, 49, 84, 9766204
0.60, 15.63, 23.98, 374.66, 49, 84, 9778028
0.60, 16.60, 23.87, 396.29, 49, 84, 9789860
0.60, 16.28, 23.68, 385.44, 49, 84, 9801692
0.60, 15.30, 23.68, 362.32, 49, 84, 9813516
0.60, 15.63, 23.65, 369.60, 49, 84, 9825352
0.60, 14.97, 24.17, 361.88, 49, 84, 9837172
0.60, 14.97, 23.98, 359.05, 49, 84, 9849008
0.60, 15.95, 24.03, 383.33, 49, 84, 9860832
0.60, 15.95, 24.06, 383.76, 50, 84, 9872668
0.60, 17.25, 23.76, 409.96, 50, 84, 9884492
0.60, 15.63, 24.17, 377.61, 50, 84, 9896320
0.61, 15.30, 23.95, 366.44, 50, 84, 9908172
0.61, 16.60, 23.55, 390.91, 50, 85, 9919980
0.62, 16.28, 23.76, 386.76, 50, 84, 9931812
0.62, 16.93, 23.95, 405.43, 50, 84, 9943632
0.62, 16.60, 24.14, 400.76, 50, 84, 9955468
0.63, 16.60, 23.98, 398.08, 50, 84, 9967288
0.63, 17.25, 23.63, 407.64, 50, 84, 9979124
0.63, 15.95, 23.65, 377.30, 50, 84, 9990948
0.63, 15.63, 23.87, 372.97, 50, 84, 10002776
0.63, 16.28, 24.27, 395.10, 50, 84, 10014608
0.63, 15.95, 23.74, 378.59, 50, 84, 10026452
0.63, 16.28, 24.03, 391.15, 50, 84, 10038276
0.63, 17.58, 23.79, 418.17, 50, 84, 10050100
0.63, 17.25, 23.55, 406.24, 50, 84, 10061932
0.63, 15.63, 24.38, 380.98, 51, 84, 10073752
0.63, 15.95, 23.87, 380.74, 51, 84, 10085588
0.64, 16.93, 24.14, 408.62, 51, 84, 10097408
0.64, 15.30, 23.92, 366.03, 51, 84, 10109248
0.64, 16.93, 23.65, 400.40, 51, 84, 10121068
0.65, 16.28, 23.79, 387.20, 51, 84, 10132900
0.65, 16.60, 23.74, 394.05, 51, 84, 10144740
0.65, 17.25, 24.17, 416.94, 51, 84, 10156556
0.65, 17.90, 23.82, 426.40, 51, 84, 10168392
0.65, 16.60, 23.65, 392.70, 51, 84, 10180212
0.65, 16.28, 23.90, 388.95, 51, 84, 10192048
0.66, 17.25, 23.92, 412.76, 51, 84, 10203868
0.66, 16.93, 24.17, 409.08, 51, 84, 10215708
0.66, 17.58, 23.74, 417.23, 51, 84, 10227532
0.66, 17.58, 23.84, 419.12, 51, 84, 10239360
0.66, 17.58, 23.20, 407.74, 51, 84, 10251196
0.65, 16.28, 24.17, 393.34, 51, 84, 10263020
0.65, 16.60, 23.98, 398.08, 52, 84, 10274860
0.65, 17.25, 24.22, 417.88, 52, 84, 10286696
0.66, 18.23, 23.71, 432.19, 52, 84, 10298512
0.67, 16.93, 23.92, 404.97, 52, 84, 10310336
0.67, 16.60, 24.06, 399.42, 52, 84, 10322172
0.67, 18.23, 24.03, 438.09, 52, 84, 10333996
0.67, 18.55, 23.76, 440.91, 52, 84, 10345824
0.67, 17.90, 23.44, 419.64, 52, 84, 10357652
0.67, 16.93, 24.01, 406.34, 52, 84, 10369484
0.67, 17.58, 24.11, 423.86, 52, 84, 10381320
0.68, 18.55, 23.82, 441.91, 52, 84, 10393140
0.67, 18.23, 23.63, 430.71, 52, 84, 10404976
0.67, 17.58, 23.82, 418.65, 52, 84, 10416796
0.67, 17.90, 24.19, 433.16, 52, 84, 10428628
0.67, 18.55, 23.65, 438.90, 52, 84, 10440456
0.67, 18.55, 23.92, 443.91, 52, 84, 10452288
0.67, 16.93, 24.19, 409.53, 52, 84, 10464112
0.67, 18.55, 24.11, 447.41, 53, 84, 10475940
0.67, 18.55, 23.95, 444.41, 53, 84, 10487772
0.67, 17.90, 23.84, 426.88, 53, 84, 10499596
0.67, 17.25, 24.06, 415.08, 53, 84, 10511432
0.68, 18.55, 23.68, 439.40, 53, 84, 10523252
0.68, 19.21, 23.68, 454.82, 53, 84, 10535088
0.68, 18.23, 23.82, 434.15, 53, 84, 10546908
0.68, 17.90, 24.25, 434.13, 53, 84, 10558744
0.68, 19.53, 23.74, 463.58, 53, 84, 10570564
0.68, 19.86, 23.49, 466.49, 53, 84, 10582396
0.68, 17.90, 24.03, 430.26, 53, 84, 10594224
0.68, 20.51, 23.82, 488.42, 53, 84, 10606052
0.68, 20.18, 23.55, 475.23, 53, 84, 10617884
0.68, 18.23, 24.14, 440.05, 53, 84, 10629704
0.68, 19.21, 24.14, 463.63, 53, 84, 10641540
0.68, 19.86, 23.44, 465.42, 53, 84, 10653368
0.68, 19.21, 23.60, 453.27, 53, 84, 10665200
0.68, 18.88, 23.84, 450.17, 54, 84, 10677024
0.68, 19.21, 24.03, 461.56, 54, 84, 10688852
0.68, 20.51, 23.33, 478.47, 54, 84, 10700684
0.68, 19.86, 23.92, 475.06, 54, 84, 10712508
0.69, 20.18, 24.09, 486.11, 54, 84, 10724340
0.69, 19.86, 23.79, 472.38, 54, 84, 10736164
0.69, 20.51, 23.76, 487.32, 54, 84, 10748012
0.69, 20.18, 24.03, 485.03, 54, 84, 10759820
0.70, 21.16, 23.52, 497.65, 54, 84, 10771656
0.70, 18.88, 23.95, 452.21, 54, 84, 10783476
0.70, 19.53, 23.84, 465.69, 54, 84, 10795312
0.70, 20.83, 23.49, 489.43, 54, 84, 10807140
0.70, 20.18, 23.74, 479.04, 54, 84, 10818964
0.70, 19.86, 24.09, 478.27, 54, 84, 10830796
0.70, 20.83, 23.52, 489.99, 54, 84, 10842620
0.70, 20.18, 23.65, 477.40, 54, 84, 10854456
0.70, 21.16, 23.74, 502.22, 54, 84, 10866276
0.70, 21.16, 23.28, 492.51, 55, 84, 10878112
0.69, 19.21, 24.17, 464.15, 55, 84, 10889932
0.70, 21.48, 23.79, 511.10, 55, 84, 10901764
0.70, 20.83, 23.41, 487.75, 55, 84, 10913588
0.70, 20.83, 23.82, 496.18, 55, 84, 10925416
0.71, 21.48, 23.41, 502.99, 55, 84, 10937248
0.71, 19.86, 23.82, 472.92, 55, 84, 10949076
0.71, 21.48, 24.17, 519.21, 55, 84, 10960908
0.71, 21.81, 23.25, 507.08, 55, 84, 10972732
0.71, 20.83, 23.55, 490.56, 55, 84, 10984568
0.71, 21.81, 23.25, 507.08, 55, 84, 10996392
0.71, 21.81, 23.74, 517.67, 55, 84, 11008248
0.72, 20.83, 24.09, 501.79, 55, 84, 11020052
0.72, 21.16, 24.22, 512.49, 55, 84, 11031884
0.72, 20.18, 23.95, 483.39, 55, 84, 11043708
0.71, 21.48, 23.90, 513.42, 55, 84, 11055540
0.71, 21.16, 23.92, 506.21, 55, 84, 11067372
0.71, 21.16, 24.25, 513.06, 56, 85, 11079196
0.71, 21.81, 23.63, 515.32, 56, 84, 11091032
0.71, 21.16, 24.79, 524.47, 56, 84, 11102856
0.72, 21.16, 24.06, 509.06, 56, 84, 11114692
0.72, 23.11, 23.63, 546.08, 56, 84, 11126536
0.72, 22.14, 23.55, 521.22, 56, 84, 11138352
0.72, 23.11, 23.71, 547.95, 56, 84, 11150176
0.73, 21.48, 23.68, 508.78, 56, 84, 11162008
0.73, 21.16, 23.92, 506.21, 56, 84, 11173844
0.73, 22.46, 23.74, 533.12, 56, 84, 11185668
0.73, 21.81, 23.44, 511.20, 56, 84, 11197504
0.72, 23.76, 23.65, 562.10, 56, 84, 11209324
0.73, 21.48, 23.36, 501.83, 56, 84, 11221160
0.73, 22.79, 24.09, 548.84, 56, 84, 11232984
0.73, 24.41, 23.28, 568.29, 56, 84, 11244816
0.73, 22.46, 23.71, 532.52, 56, 84, 11256640
0.73, 21.81, 24.06, 524.73, 56, 84, 11268472
0.73, 22.46, 23.41, 525.85, 57, 84, 11280300
0.72, 23.44, 23.76, 556.93, 57, 84, 11292132
0.73, 23.11, 23.82, 550.44, 57, 84, 11303968
0.73, 21.16, 24.71, 522.76, 57, 84, 11315796
0.73, 24.09, 23.87, 575.00, 57, 84, 11327632
0.74, 23.11, 23.98, 554.19, 57, 84, 11339456
0.74, 23.44, 24.38, 571.47, 57, 84, 11351288
0.74, 23.11, 23.03, 532.37, 57, 84, 11363116
0.74, 21.81, 23.84, 520.02, 57, 84, 11374944
0.74, 23.44, 23.98, 561.99, 57, 84, 11386788
0.74, 23.44, 23.98, 561.99, 57, 84, 11398604
0.74, 25.39, 23.25, 590.33, 57, 84, 11410440
0.74, 22.79, 23.95, 545.77, 57, 84, 11422260
0.74, 23.44, 24.01, 562.62, 57, 84, 11434092
0.74, 24.41, 23.60, 576.19, 57, 84, 11445916
0.74, 26.04, 23.47, 611.09, 57, 84, 11457752
0.74, 23.76, 23.98, 569.80, 57, 84, 11469572
0.74, 23.76, 23.87, 567.23, 58, 84, 11481408
0.74, 23.76, 23.63, 561.46, 58, 84, 11493232
0.75, 22.46, 23.33, 524.03, 58, 84, 11505056
0.75, 24.41, 23.65, 577.50, 58, 84, 11516888
0.75, 23.76, 23.84, 566.59, 58, 84, 11528712
0.75, 24.09, 24.87, 599.04, 58, 84, 11540544
0.75, 23.76, 23.30, 553.77, 58, 84, 11552368
0.76, 23.44, 24.27, 568.94, 58, 84, 11564204
0.75, 23.76, 23.79, 565.31, 58, 84, 11576024
0.76, 24.74, 24.33, 601.89, 58, 84, 11587856
0.76, 22.79, 23.95, 545.77, 58, 84, 11599680
0.76, 25.39, 23.25, 590.33, 58, 84, 11611508
0.76, 24.74, 23.47, 580.53, 58, 84, 11623336
0.76, 25.07, 23.01, 576.68, 58, 84, 11635168
0.76, 23.11, 23.90, 552.32, 58, 84, 11647000
0.75, 23.44, 23.47, 549.98, 58, 84, 11658820
0.76, 24.74, 24.95, 617.23, 58, 84, 11670656
0.76, 24.09, 23.87, 575.00, 59, 84, 11682480
0.76, 25.72, 23.79, 611.77, 59, 84, 11694312
0.76, 25.72, 23.98, 616.63, 59, 84, 11706136
0.76, 27.99, 23.38, 654.65, 59, 84, 11717968
0.76, 23.44, 24.44, 572.74, 59, 84, 11729796
0.76, 28.32, 22.95, 650.05, 59, 84, 11741628
0.77, 25.72, 23.79, 611.77, 59, 84, 11753464
0.77, 24.41, 22.66, 553.14, 59, 84, 11765288
0.77, 25.72, 23.30, 599.29, 59, 84, 11777120
0.77, 25.72, 23.38, 601.37, 59, 84, 11788944
0.77, 25.39, 24.54, 623.20, 59, 84, 11800780
0.77, 26.04, 23.20, 604.06, 59, 84, 11812604
0.77, 25.07, 24.49, 613.86, 59, 84, 11824440
0.77, 25.07, 23.74, 594.93, 59, 84, 11836260
0.77, 26.04, 23.12, 601.96, 59, 84, 11848088
0.77, 25.07, 23.87, 598.31, 59, 84, 11859924
0.77, 25.72, 23.71, 609.69, 59, 84, 11871748
0.77, 26.69, 23.87, 637.17, 60, 84, 11883580
0.77, 27.99, 23.49, 657.68, 60, 84, 11895404
0.77, 25.72, 23.12, 594.43, 60, 84, 11907236
0.77, 26.37, 23.76, 626.55, 60, 84, 11919064
0.77, 27.34, 23.55, 643.86, 60, 84, 11930896
0.78, 26.69, 22.87, 610.53, 60, 84, 11942720
0.78, 26.04, 23.65, 616.01, 60, 84, 11954556
0.78, 26.37, 22.95, 605.21, 60, 84, 11966392
0.79, 27.34, 23.36, 638.69, 60, 84, 11978212
0.78, 25.07, 23.90, 598.99, 60, 84, 11990048
0.78, 29.95, 23.14, 693.06, 60, 84, 12001876
0.78, 27.02, 24.71, 667.53, 60, 84, 12013712
0.78, 26.69, 23.74, 633.57, 60, 84, 12025536
0.78, 29.62, 23.14, 685.53, 60, 84, 12037368
0.78, 27.67, 23.60, 653.01, 60, 84, 12049192
0.79, 27.34, 23.09, 631.32, 60, 84, 12061024
0.79, 26.69, 22.85, 609.81, 60, 84, 12072852
0.78, 28.97, 23.57, 682.96, 61, 84, 12084684
0.78, 26.04, 23.74, 618.11, 61, 84, 12096516
0.78, 28.97, 23.22, 672.80, 61, 84, 12108356
0.79, 27.67, 23.84, 659.73, 61, 84, 12120180
0.79, 26.37, 24.19, 637.93, 61, 84, 12132004
0.79, 27.02, 23.20, 626.72, 61, 84, 12143836
0.80, 29.30, 23.76, 696.17, 61, 84, 12155660
0.80, 27.02, 23.41, 632.55, 61, 84, 12167496
0.80, 28.32, 23.68, 670.67, 61, 84, 12179320
0.80, 28.32, 23.38, 662.27, 61, 84, 12191148
0.80, 27.67, 24.01, 664.21, 61, 84, 12202984
0.80, 26.04, 24.25, 631.46, 61, 84, 12214808
0.80, 28.32, 23.92, 677.54, 61, 84, 12226660
0.80, 27.99, 23.63, 661.45, 61, 84, 12238468
0.81, 27.99, 24.19, 677.31, 61, 84, 12250304
0.80, 26.04, 23.74, 618.11, 61, 84, 12262132
0.80, 29.62, 23.01, 681.53, 61, 84, 12273968
0.80, 28.97, 23.33, 675.93, 62, 84, 12285788
0.80, 27.99, 24.06, 673.53, 62, 84, 12297620
0.80, 27.67, 23.60, 653.01, 62, 84, 12309456
0.80, 28.97, 23.03, 667.33, 62, 84, 12321280
0.80, 28.32, 23.92, 677.54, 62, 84, 12333120
0.80, 28.97, 23.47, 679.84, 62, 84, 12344940
0.81, 28.65, 23.12, 662.15, 62, 84, 12356776
0.81, 29.30, 22.90, 670.88, 62, 84, 12368616
0.81, 29.62, 23.74, 703.10, 62, 84, 12380436
0.82, 27.67, 23.95, 662.71, 62, 84, 12392256
0.81, 28.97, 23.52, 681.40, 62, 84, 12404088
0.82, 27.67, 24.79, 685.85, 62, 84, 12415916
0.82, 28.65, 23.30, 667.56, 62, 84, 12427748
0.82, 29.30, 22.68, 664.56, 62, 84, 12439584
0.82, 27.99, 23.98, 671.27, 62, 84, 12451408
0.82, 29.30, 24.60, 720.66, 62, 84, 12463244
0.82, 28.97, 24.49, 709.53, 62, 84, 12475072
0.82, 30.92, 22.85, 706.48, 63, 84, 12486916
0.82, 26.04, 23.84, 620.92, 63, 84, 12498724
0.82, 31.58, 22.93, 723.91, 63, 84, 12510552
0.82, 32.55, 23.44, 762.98, 63, 84, 12522380
0.83, 30.60, 22.44, 686.67, 63, 84, 12534208
0.83, 29.95, 24.01, 718.91, 63, 84, 12546040
0.83, 29.62, 24.33, 720.68, 63, 84, 12557868
0.83, 29.30, 23.33, 683.52, 63, 84, 12569704
0.83, 29.62, 23.84, 706.30, 63, 84, 12581524
0.83, 30.92, 22.68, 701.48, 63, 84, 12593356
0.83, 29.62, 24.06, 712.69, 63, 84, 12605176
0.83, 30.27, 23.30, 705.49, 63, 84, 12617016
0.83, 27.99, 23.28, 651.63, 63, 84, 12628832
0.83, 30.92, 24.17, 747.35, 63, 84, 12640664
0.84, 31.25, 23.90, 746.79, 63, 84, 12652496
0.83, 30.92, 23.63, 730.67, 63, 84, 12664320
0.83, 31.58, 23.22, 733.28, 63, 84, 12676152
0.83, 28.97, 23.79, 689.21, 64, 84, 12687976
0.83, 28.97, 24.06, 697.03, 64, 84, 12699812
0.83, 32.88, 22.95, 754.65, 64, 84, 12711636
0.84, 31.58, 23.79, 751.16, 64, 84, 12723472
0.84, 29.62, 23.63, 699.91, 64, 84, 12735300
0.85, 30.27, 22.98, 695.69, 64, 84, 12747140
0.85, 32.55, 23.92, 778.79, 64, 84, 12758952
0.85, 30.27, 23.84, 721.82, 64, 84, 12770784
0.85, 28.32, 24.01, 679.84, 64, 84, 12782624
0.85, 32.55, 23.79, 774.40, 64, 84, 12794448
0.85, 28.65, 23.09, 661.38, 64, 84, 12806284
0.85, 30.27, 23.98, 725.90, 64, 84, 12818104
0.85, 29.30, 23.52, 689.05, 64, 84, 12829940
0.85, 29.30, 24.09, 705.65, 64, 84, 12841764
0.85, 28.97, 23.03, 667.33, 64, 84, 12853592
0.85, 29.62, 23.09, 683.93, 64, 84, 12865424
0.85, 27.99, 24.46, 684.86, 64, 84, 12877252
0.85, 29.30, 23.38, 685.10, 65, 84, 12889088
0.85, 30.27, 24.22, 733.25, 65, 84, 12900908
0.85, 30.92, 23.57, 729.00, 65, 84, 12912744
0.86, 30.92, 23.36, 722.33, 65, 84, 12924564
0.86, 29.95, 24.27, 726.98, 65, 84, 12936400
0.86, 30.27, 23.82, 721.01, 65, 84, 12948220
0.86, 30.92, 23.57, 729.00, 65, 84, 12960056
0.86, 32.88, 23.03, 757.31, 65, 84, 12971876
0.86, 29.95, 23.28, 697.10, 65, 84, 12983704
0.87, 31.90, 23.25, 741.70, 65, 84, 12995540
0.86, 30.27, 22.90, 693.24, 65, 84, 13007364
0.86, 29.95, 23.47, 702.75, 65, 84, 13019196
0.87, 30.27, 23.87, 722.64, 65, 84, 13031024
0.87, 29.95, 23.95, 717.29, 65, 84, 13042860
0.87, 31.25, 23.68, 740.05, 65, 84, 13054680
0.87, 30.92, 23.68, 732.34, 65, 84, 13066516
0.86, 32.88, 22.58, 742.24, 65, 84, 13078340
0.87, 31.90, 23.20, 739.98, 66, 84, 13090168
0.86, 30.92, 22.74, 703.15, 66, 84, 13101996
0.86, 28.97, 23.65, 685.31, 66, 84, 13113828
0.87, 29.95, 23.49, 703.56, 66, 84, 13125664
0.88, 33.20, 23.52, 780.93, 66, 84, 13137484
0.88, 32.23, 23.68, 763.18, 66, 84, 13149320
0.88, 32.23, 23.09, 744.05, 66, 84, 13161140
0.88, 31.58, 23.63, 746.05, 66, 84, 13172976
0.88, 30.92, 23.22, 718.16, 66, 84, 13184796
0.88, 31.25, 24.01, 750.16, 66, 84, 13196624
0.88, 34.18, 23.30, 796.52, 66, 84, 13208452
0.88, 32.23, 22.44, 723.19, 66, 84, 13220280
0.88, 31.25, 23.55, 735.83, 66, 84, 13232120
0.88, 33.20, 23.65, 785.41, 66, 84, 13243944
0.88, 30.27, 24.49, 741.42, 66, 84, 13255780
0.88, 30.92, 23.03, 712.32, 66, 84, 13267600
0.88, 30.92, 22.31, 689.80, 66, 84, 13279436
0.88, 30.60, 23.92, 732.06, 67, 84, 13291260
0.88, 32.23, 23.36, 752.75, 67, 84, 13303100
0.88, 32.55, 23.33, 759.47, 67, 84, 13314920
0.88, 30.92, 23.49, 726.50, 67, 84, 13326752
0.89, 31.90, 23.25, 741.70, 67, 84, 13338588
0.89, 32.23, 24.36, 784.91, 67, 84, 13350412
0.89, 34.18, 22.47, 767.94, 67, 84, 13362248
0.90, 31.90, 22.60, 721.05, 67, 84, 13374072
0.90, 32.23, 22.98, 740.58, 67, 84, 13385912
0.90, 33.53, 23.25, 779.54, 67, 84, 13397732
0.90, 33.53, 22.93, 768.69, 67, 84, 13409572
0.90, 32.55, 23.84, 776.15, 67, 84, 13421392
0.90, 31.90, 23.95, 764.07, 67, 84, 13433220
0.90, 32.88, 22.87, 751.99, 67, 84, 13445060
0.90, 30.92, 23.30, 720.66, 67, 84, 13456884
0.90, 30.92, 23.74, 734.01, 67, 84, 13468732
0.90, 33.85, 23.22, 786.20, 67, 85, 13480544
0.90, 32.55, 23.57, 767.37, 68, 84, 13492380
0.90, 32.55, 23.57, 767.37, 68, 84, 13504200
0.90, 33.20, 23.17, 769.29, 68, 84, 13516036
0.91, 33.85, 23.90, 809.02, 68, 84, 13527860
0.91, 34.83, 22.49, 783.51, 68, 84, 13539692
0.92, 33.20, 23.87, 792.57, 68, 84, 13551516
0.92, 34.18, 23.41, 800.21, 68, 84, 13563348
0.92, 31.90, 23.01, 733.96, 68, 84, 13575180
0.92, 32.55, 24.38, 793.71, 68, 84, 13587016
0.92, 33.53, 23.30, 781.35, 68, 84, 13598840
0.92, 33.85, 24.14, 817.24, 68, 84, 13610660
0.92, 34.18, 22.39, 765.18, 68, 84, 13622496
0.93, 33.53, 23.92, 802.15, 68, 84, 13634316
0.92, 34.83, 23.49, 818.27, 68, 84, 13646152
0.92, 33.85, 23.68, 801.72, 68, 84, 13657972
0.92, 34.18, 23.20, 792.83, 68, 84, 13669804
0.92, 32.23, 23.82, 767.52, 68, 84, 13681640
0.92, 35.16, 22.93, 806.00, 69, 84, 13693464
0.92, 32.55, 22.90, 745.42, 69, 84, 13705300
0.93, 35.16, 22.87, 804.11, 69, 84, 13717124
0.93, 33.53, 24.11, 808.48, 69, 84, 13728976
0.93, 34.51, 23.49, 810.62, 69, 84, 13740788
0.93, 34.18, 22.74, 777.16, 69, 84, 13752624
0.93, 36.13, 23.76, 858.61, 69, 84, 13764448
0.94, 32.88, 23.17, 761.74, 69, 84, 13776280
0.94, 34.83, 23.44, 816.39, 69, 84, 13788112
0.94, 35.48, 23.49, 833.57, 69, 84, 13799936
0.94, 34.18, 23.44, 801.13, 69, 84, 13811772
0.94, 32.23, 23.87, 769.26, 69, 84, 13823600
0.95, 34.51, 23.92, 825.51, 69, 84, 13835436
0.94, 35.16, 22.71, 798.42, 69, 84, 13847272
0.94, 34.51, 23.03, 794.80, 69, 84, 13859092
0.94, 34.51, 23.74, 819.00, 69, 84, 13870916
0.94, 35.48, 23.06, 818.25, 69, 84, 13882748
0.94, 34.83, 23.95, 834.24, 70, 84, 13894584
0.94, 33.85, 23.30, 788.94, 70, 84, 13906408
0.94, 35.16, 24.03, 844.88, 70, 84, 13918244
0.95, 34.51, 23.03, 794.80, 70, 84, 13930068
0.96, 36.13, 23.55, 850.81, 70, 84, 13941900
0.96, 35.16, 23.14, 813.59, 70, 84, 13953720
0.95, 35.16, 23.20, 815.49, 70, 84, 13965556
0.96, 36.46, 23.41, 853.56, 70, 84, 13977376
0.96, 34.18, 23.87, 815.88, 70, 84, 13989208
0.96, 34.51, 23.44, 808.76, 70, 84, 14001036
0.96, 36.46, 23.06, 840.77, 70, 84, 14012860
0.96, 35.48, 23.36, 828.78, 70, 84, 14024696
0.96, 35.16, 23.25, 817.38, 70, 84, 14036520
0.96, 35.48, 23.28, 825.91, 70, 84, 14048356
0.96, 35.81, 23.38, 837.35, 70, 84, 14060176
0.95, 33.85, 23.57, 798.07, 70, 84, 14072008
0.95, 33.53, 23.41, 784.97, 70, 84, 14083832
0.95, 35.16, 23.55, 827.81, 71, 84, 14095664
0.95, 34.51, 23.92, 825.51, 71, 84, 14107488
0.96, 34.83, 23.03, 802.30, 71, 84, 14119316
0.96, 35.16, 22.39, 787.04, 71, 84, 14131152
0.96, 36.13, 23.98, 866.40, 71, 84, 14142976
0.97, 33.85, 23.47, 794.41, 71, 84, 14154812
0.96, 35.48, 23.36, 828.78, 71, 84, 14166636
0.97, 37.11, 22.98, 852.78, 71, 84, 14178472
0.97, 34.83, 23.47, 817.33, 71, 84, 14190292
0.97, 35.16, 22.93, 806.00, 71, 84, 14202128
0.97, 35.16, 23.25, 817.38, 71, 84, 14213952
0.97, 37.43, 22.66, 848.15, 71, 84, 14225780
0.97, 37.43, 23.17, 867.33, 71, 84, 14237608
0.97, 35.48, 22.55, 800.07, 71, 84, 14249432
0.97, 36.78, 23.92, 880.03, 71, 84, 14261268
0.97, 34.18, 23.47, 802.05, 71, 84, 14273092
0.97, 35.16, 22.82, 802.21, 71, 84, 14284928
0.97, 36.13, 22.79, 823.52, 72, 84, 14296748
0.97, 38.41, 23.25, 893.07, 72, 84, 14308584
0.97, 36.13, 24.01, 867.38, 72, 84, 14320408
0.97, 35.16, 24.06, 845.83, 72, 84, 14332236
0.97, 36.78, 23.95, 881.02, 72, 84, 14344068
0.97, 36.13, 23.60, 852.76, 72, 84, 14355896
0.98, 37.11, 22.63, 839.77, 72, 84, 14367728
0.98, 37.43, 23.03, 862.28, 72, 84, 14379556
0.98, 36.46, 24.03, 876.17, 72, 84, 14391384
0.98, 38.41, 23.38, 898.25, 72, 84, 14403208
0.98, 35.81, 23.12, 827.69, 72, 84, 14415044
0.97, 37.43, 24.11, 902.67, 72, 84, 14426864
0.98, 36.46, 23.09, 841.76, 72, 84, 14438700
0.98, 36.13, 23.41, 845.94, 72, 84, 14450524
0.98, 37.43, 23.44, 877.43, 72, 84, 14462356
0.98, 38.09, 23.22, 884.47, 72, 84, 14474192
0.98, 37.76, 23.82, 899.32, 72, 84, 14486012
0.99, 37.11, 23.03, 854.79, 73, 84, 14497848
0.98, 38.09, 23.65, 900.91, 73, 84, 14509668
0.98, 37.76, 23.74, 896.26, 73, 84, 14521500
0.98, 39.06, 23.12, 902.94, 73, 84, 14533324
0.99, 38.09, 24.38, 928.64, 73, 84, 14545156
0.99, 38.74, 23.52, 911.08, 73, 84, 14556980
0.99, 37.43, 22.90, 857.24, 73, 84, 14568820
0.99, 36.78, 23.52, 865.15, 73, 84, 14580636
0.99, 39.39, 24.06, 947.64, 73, 84, 14592468
0.99, 38.09, 23.95, 912.21, 73, 84, 14604304
1.00, 37.76, 23.44, 885.06, 73, 84, 14616128
1.00, 37.11, 23.49, 871.80, 73, 84, 14627960
1.00, 37.43, 23.36, 874.40, 73, 84, 14639784
1.00, 36.46, 23.06, 840.77, 73, 84, 14651620
1.00, 38.74, 23.44, 907.95, 73, 84, 14663444
0.99, 36.78, 24.11, 886.97, 73, 84, 14675272
0.99, 36.13, 23.71, 856.66, 73, 84, 14687120
1.00, 38.41, 23.84, 915.86, 74, 84, 14698932
1.00, 39.39, 23.65, 931.71, 74, 84, 14710768
1.00, 39.71, 23.76, 943.69, 74, 84, 14722588
1.00, 37.76, 23.63, 892.19, 74, 84, 14734420
1.00, 38.41, 23.03, 884.78, 74, 84, 14746240
1.00, 38.74, 23.57, 913.17, 74, 84, 14758076
1.01, 40.69, 22.90, 931.78, 74, 84, 14769900
1.01, 38.74, 22.55, 873.47, 74, 84, 14781736
1.01, 39.39, 22.90, 901.96, 74, 84, 14793560
1.01, 38.74, 23.38, 905.86, 74, 84, 14805388
1.01, 40.36, 23.28, 939.57, 74, 84, 14817220
1.01, 40.69, 22.98, 935.07, 74, 84, 14829060
1.01, 38.41, 23.06, 885.81, 74, 84, 14840880
1.01, 40.04, 23.38, 936.31, 74, 84, 14852700
1.01, 38.74, 23.09, 894.37, 74, 84, 14864536
1.01, 40.04, 23.38, 936.31, 74, 84, 14876360
1.01, 37.43, 22.95, 859.26, 74, 84, 14888196
1.01, 40.04, 23.28, 931.99, 75, 84, 14900020
1.01, 40.69, 23.49, 955.92, 75, 84, 14911848
1.01, 39.71, 23.12, 917.98, 75, 84, 14923676
1.01, 38.41, 23.28, 894.10, 75, 84, 14935508
1.01, 38.74, 22.44, 869.29, 75, 84, 14947360
1.01, 40.36, 23.52, 949.36, 75, 85, 14959164
1.01, 40.36, 23.65, 954.81, 75, 84, 14971000
1.02, 41.99, 22.60, 949.14, 75, 84, 14982820
1.02, 40.69, 23.09, 939.46, 75, 84, 14994656
1.02, 41.34, 22.60, 934.42, 75, 84, 15006476
1.02, 37.43, 23.25, 870.36, 75, 84, 15018312
1.02, 40.04, 23.36, 935.23, 75, 84, 15030132
1.02, 42.97, 22.71, 975.85, 75, 84, 15041960
1.02, 41.34, 22.98, 950.03, 75, 84, 15053800
1.02, 39.39, 22.55, 888.15, 75, 84, 15065624
1.02, 39.06, 22.95, 896.61, 75, 84, 15077456
1.02, 40.04, 24.09, 964.39, 75, 84, 15089284
1.02, 40.69, 23.71, 964.70, 76, 84, 15101120
1.02, 39.06, 22.68, 886.08, 76, 84, 15112940
1.02, 39.06, 22.95, 896.61, 76, 84, 15124780
1.02, 41.34, 23.44, 968.99, 76, 84, 15136604
1.02, 40.69, 23.76, 966.90, 76, 84, 15148428
1.02, 39.71, 22.49, 893.35, 76, 84, 15160260
1.03, 39.71, 23.68, 940.48, 76, 84, 15172084
1.03, 41.02, 23.30, 955.83, 76, 84, 15183920
1.03, 40.69, 22.95, 933.97, 76, 84, 15195740
1.03, 41.34, 23.17, 957.84, 76, 84, 15207576
1.04, 42.32, 23.55, 996.44, 76, 84, 15219400
1.03, 40.36, 22.85, 922.15, 76, 84, 15231232
1.03, 39.71, 23.38, 928.70, 76, 84, 15243056
1.03, 40.04, 23.52, 941.71, 76, 84, 15254884
1.03, 41.99, 22.58, 948.00, 76, 84, 15266712
1.04, 39.39, 23.55, 927.46, 76, 84, 15278540
1.03, 40.04, 23.60, 944.95, 76, 84, 15290372
1.03, 40.69, 22.68, 923.00, 77, 84, 15302196
1.03, 41.02, 23.03, 944.76, 77, 84, 15314032
1.03, 40.04, 22.58, 903.91, 77, 84, 15325852
1.03, 40.36, 23.44, 946.10, 77, 84, 15337688
1.04, 42.32, 23.41, 990.74, 77, 84, 15349508
1.04, 41.67, 23.33, 972.12, 77, 84, 15361340
1.04, 41.67, 23.20, 966.50, 77, 84, 15373164
1.04, 43.62, 23.60, 1029.46, 77, 84, 15384992
1.05, 39.71, 23.09, 916.91, 77, 84, 15396824
1.05, 42.64, 22.52, 960.40, 77, 84, 15408648
1.05, 41.99, 23.55, 988.78, 77, 84, 15420480
1.05, 42.32, 22.95, 971.33, 77, 84, 15432304
1.04, 43.29, 22.79, 986.74, 77, 84, 15444136
1.05, 43.95, 23.38, 1027.66, 77, 84, 15455960
1.04, 42.97, 23.25, 999.02, 77, 84, 15467796
1.05, 43.62, 23.98, 1045.93, 77, 84, 15479616
1.05, 42.97, 22.60, 971.21, 77, 84, 15491444
1.05, 42.97, 23.41, 1005.98, 78, 84, 15503272
1.05, 42.64, 23.17, 988.01, 78, 84, 15515100
1.04, 42.97, 23.84, 1024.52, 78, 84, 15526936
1.05, 41.67, 22.66, 944.03, 78, 84, 15538756
1.05, 41.67, 23.09, 962.01, 78, 84, 15550596
1.05, 41.67, 22.79, 949.65, 78, 84, 15562420
1.06, 40.36, 22.85, 922.15, 78, 84, 15574256
1.06, 42.32, 22.20, 939.37, 78, 84, 15586080
1.06, 41.99, 23.98, 1006.90, 78, 84, 15597908
1.06, 43.29, 22.41, 970.39, 78, 84, 15609740
1.06, 42.64, 23.90, 1019.06, 78, 84, 15621568
1.06, 41.99, 23.30, 978.58, 78, 84, 15633404
1.06, 42.32, 23.01, 973.61, 78, 84, 15645228
1.06, 43.95, 21.87, 961.28, 78, 84, 15657064
1.07, 43.29, 23.74, 1027.61, 78, 84, 15668884
1.06, 43.29, 23.25, 1006.59, 78, 84, 15680720
1.06, 42.64, 22.74, 969.60, 78, 84, 15692540
1.06, 44.27, 23.33, 1032.88, 79, 84, 15704376
1.06, 43.95, 23.30, 1024.10, 79, 84, 15716196
1.06, 43.29, 23.44, 1014.77, 79, 84, 15728028
1.06, 42.32, 22.23, 940.51, 79, 84, 15739860
1.06, 42.64, 22.63, 965.00, 79, 84, 15751684
1.06, 44.60, 23.44, 1045.29, 79, 84, 15763516
1.07, 43.29, 23.06, 998.42, 79, 84, 15775340
1.07, 42.64, 23.09, 984.55, 79, 84, 15787172
1.07, 42.97, 23.17, 995.55, 79, 84, 15798996
1.07, 44.27, 22.71, 1005.42, 79, 84, 15810832
1.07, 43.29, 23.68, 1025.28, 79, 84, 15822652
1.07, 44.60, 22.93, 1022.43, 79, 84, 15834480
1.07, 44.60, 22.74, 1014.01, 79, 84, 15846308
1.07, 42.97, 23.20, 996.71, 79, 84, 15858140
1.07, 44.27, 22.93, 1014.97, 79, 84, 15869972
1.06, 44.92, 22.17, 995.97, 79, 84, 15881796
1.07, 44.92, 23.22, 1043.22, 79, 84, 15893632
1.07, 43.29, 23.12, 1000.75, 80, 84, 15905456
1.06, 43.62, 23.22, 1012.98, 80, 84, 15917288
1.07, 43.29, 23.06, 998.42, 80, 84, 15929128
1.07, 42.64, 23.47, 1000.66, 80, 84, 15940936
1.07, 42.97, 23.57, 1012.93, 80, 84, 15952764
1.07, 44.60, 22.82, 1017.62, 80, 84, 15964596
1.08, 44.92, 23.30, 1046.86, 80, 84, 15976428
1.08, 43.29, 23.03, 997.25, 80, 84, 15988252
1.08, 46.22, 22.68, 1048.53, 80, 84, 16000092
1.08, 44.60, 22.76, 1015.21, 80, 84, 16011912
1.08, 43.62, 23.76, 1036.51, 80, 84, 16023744
1.08, 44.27, 23.71, 1049.60, 80, 84, 16035564
1.08, 45.57, 23.33, 1063.26, 80, 84, 16047416
1.08, 45.57, 22.98, 1047.28, 80, 84, 16059224
1.08, 45.57, 23.25, 1059.57, 80, 84, 16071056
1.08, 44.60, 22.68, 1011.61, 80, 84, 16082888
1.07, 45.90, 22.60, 1037.43, 80, 84, 16094712
1.08, 46.22, 22.93, 1059.75, 81, 84, 16106552
1.08, 46.22, 23.06, 1065.98, 81, 84, 16118372
1.08, 43.95, 23.09, 1014.62, 81, 84, 16130204
1.08, 43.95, 23.68, 1040.69, 81, 84, 16142028
1.08, 45.25, 22.63, 1023.93, 81, 84, 16153860
1.08, 45.57, 23.36, 1064.49, 81, 84, 16165680
1.09, 46.22, 23.20, 1072.21, 81, 84, 16177512
1.09, 43.62, 22.90, 998.87, 81, 84, 16189356
1.09, 46.22, 23.33, 1078.45, 81, 84, 16201172
1.09, 43.62, 23.33, 1017.69, 81, 84, 16213012
1.09, 45.90, 22.71, 1042.38, 81, 84, 16224836
1.09, 45.90, 22.25, 1021.33, 81, 84, 16236668
1.09, 45.25, 22.55, 1020.27, 81, 84, 16248492
1.09, 45.57, 23.57, 1074.32, 81, 84, 16260332
1.09, 44.92, 23.74, 1066.24, 81, 84, 16272156
1.09, 44.92, 24.22, 1088.05, 81, 84, 16283988
1.09, 45.57, 23.41, 1066.95, 81, 84, 16295816
1.09, 47.20, 22.52, 1063.04, 82, 84, 16307660
1.08, 46.88, 23.03, 1079.73, 82, 84, 16319480
1.09, 46.55, 22.76, 1059.68, 82, 84, 16331304
1.09, 46.22, 23.33, 1078.45, 82, 84, 16343140
1.09, 45.57, 22.44, 1022.70, 82, 84, 16354964
1.09, 45.25, 22.39, 1012.95, 82, 84, 16366804
1.09, 47.20, 23.28, 1098.69, 82, 84, 16378628
1.10, 49.48, 22.66, 1121.03, 82, 84, 16390460
1.10, 45.90, 22.85, 1048.57, 82, 84, 16402284
1.10, 47.85, 22.49, 1076.41, 82, 84, 16414116
1.10, 48.18, 23.20, 1117.52, 82, 84, 16425948
1.10, 46.55, 22.90, 1065.95, 82, 84, 16437776
1.10, 47.85, 22.66, 1084.16, 82, 84, 16449612
1.10, 48.18, 23.28, 1121.42, 82, 84, 16461436
1.10, 46.55, 22.68, 1055.91, 82, 84, 16473272
1.10, 45.90, 23.41, 1074.57, 82, 84, 16485096
1.10, 47.20, 22.36, 1055.40, 82, 84, 16496936
1.10, 46.22, 23.06, 1065.98, 83, 84, 16508756
1.10, 44.92, 23.03, 1034.74, 83, 84, 16520584
1.10, 44.60, 22.90, 1021.23, 83, 84, 16532420
1.10, 45.90, 23.38, 1073.33, 83, 84, 16544240
1.11, 47.85, 23.38, 1119.00, 83, 84, 16556076
1.11, 46.55, 23.30, 1084.79, 83, 84, 16567900
1.11, 46.88, 23.25, 1089.84, 83, 84, 16579740
1.11, 46.55, 23.30, 1084.79, 83, 84, 16591560
1.11, 49.15, 23.41, 1150.78, 83, 84, 16603396
1.11, 47.85, 23.06, 1103.52, 83, 84, 16615224
1.12, 50.78, 22.60, 1147.79, 83, 84, 16627052
1.12, 46.88, 23.17, 1086.05, 83, 84, 16638884
1.11, 50.13, 22.63, 1134.43, 83, 84, 16650712
1.12, 46.22, 23.25, 1074.71, 83, 84, 16662548
1.11, 46.55, 22.87, 1064.70, 83, 84, 16674372
1.11, 48.50, 22.63, 1097.60, 83, 84, 16686208
1.11, 49.15, 23.28, 1144.15, 83, 84, 16698028
1.11, 46.22, 23.79, 1099.64, 84, 84, 16709868
1.11, 47.20, 22.23, 1049.04, 84, 84, 16721692
1.11, 47.85, 22.85, 1093.19, 84, 84, 16733520
1.11, 48.50, 23.38, 1134.23, 84, 84, 16745352
1.12, 49.48, 23.49, 1162.40, 84, 84, 16757184
1.12, 47.20, 24.11, 1138.15, 84, 84, 16769016
1.12, 48.18, 23.03, 1109.72, 84, 84, 16780844
1.12, 46.88, 22.33, 1046.86, 84, 84, 16792680
1.12, 49.15, 22.74, 1117.63, 84, 84, 16804504
1.12, 49.15, 23.47, 1153.43, 84, 84, 16816340
1.12, 48.50, 23.57, 1143.39, 84, 84, 16828164
1.12, 47.53, 22.74, 1080.63, 84, 84, 16840000
1.12, 46.22, 22.71, 1049.77, 84, 84, 16851824
1.12, 47.53, 23.38, 1111.39, 84, 84, 16863656
1.12, 47.53, 22.74, 1080.63, 84, 84, 16875488
1.12, 46.55, 22.44, 1044.61, 84, 84, 16887312
1.11, 48.18, 22.31, 1074.64, 84, 84, 16899148
1.12, 50.78, 22.60, 1147.79, 85, 84, 16910972
1.12, 50.13, 22.17, 1111.44, 85, 84, 16922804
1.12, 47.85, 23.28, 1113.84, 85, 84, 16934628
1.12, 49.15, 23.74, 1166.69, 85, 84, 16946460
1.12, 49.80, 22.44, 1117.66, 85, 84, 16958284
1.13, 49.48, 22.68, 1122.37, 85, 84, 16970108
1.12, 50.46, 22.04, 1111.86, 85, 84, 16981948
1.13, 50.13, 22.28, 1116.85, 85, 84, 16993772
1.13, 49.15, 22.49, 1105.70, 85, 84, 17005608
1.13, 49.15, 22.87, 1124.26, 85, 84, 17017432
1.13, 47.85, 22.71, 1086.74, 85, 84, 17029268
1.13, 49.80, 23.79, 1184.83, 85, 84, 17041096
1.13, 51.76, 22.12, 1144.74, 85, 84, 17052928
1.13, 48.83, 22.95, 1120.77, 85, 84, 17064752
1.13, 51.43, 22.90, 1177.77, 85, 84, 17076584
1.13, 48.50, 22.58, 1094.98, 85, 84, 17088408
1.13, 50.46, 23.01, 1160.85, 85, 84, 17100240
1.13, 47.85, 22.44, 1073.83, 86, 84, 17112072
1.13, 49.48, 23.52, 1163.74, 86, 84, 17123892
1.13, 50.46, 23.95, 1208.48, 86, 84, 17135732
1.13, 51.11, 22.82, 1166.18, 86, 84, 17147568
1.14, 50.13, 24.33, 1219.61, 86, 84, 17159392
1.13, 48.83, 23.57, 1151.06, 86, 84, 17171216
1.14, 50.46, 23.01, 1160.85, 86, 84, 17183048
1.14, 52.08, 22.49, 1171.60, 86, 84, 17194876
1.13, 51.11, 22.39, 1144.12, 86, 84, 17206704
1.14, 48.50, 22.87, 1109.37, 86, 84, 17218540
1.14, 50.78, 22.25, 1129.99, 86, 84, 17230364
1.14, 53.39, 23.20, 1238.33, 86, 84, 17242200
1.14, 48.18, 23.82, 1147.41, 86, 84, 17254020
1.13, 50.78, 22.44, 1139.57, 86, 84, 17265856
1.14, 50.46, 22.41, 1130.91, 86, 84, 17277676
1.13, 49.48, 23.30, 1153.06, 86, 84, 17289528
1.13, 49.15, 22.85, 1122.94, 86, 85, 17301336
1.14, 50.13, 22.23, 1114.15, 87, 84, 17313164
1.14, 50.78, 22.63, 1149.16, 87, 84, 17324996
1.14, 53.39, 22.76, 1215.29, 87, 84, 17336820
1.14, 49.80, 22.58, 1124.38, 87, 84, 17348652
1.14, 50.13, 22.90, 1147.95, 87, 84, 17360476
1.14, 50.78, 23.17, 1176.56, 87, 84, 17372312
1.14, 48.50, 24.30, 1178.71, 87, 84, 17384132
1.14, 49.48, 22.87, 1131.71, 87, 84, 17395968
1.14, 49.48, 22.85, 1130.37, 87, 84, 17407808
1.15, 49.48, 23.68, 1171.74, 87, 84, 17419620
1.15, 50.46, 23.30, 1175.82, 87, 84, 17431452
1.14, 52.73, 23.44, 1236.03, 87, 84, 17443280
1.15, 52.08, 23.65, 1232.01, 87, 84, 17455116
1.15, 55.01, 22.71, 1249.38, 87, 84, 17466936
1.15, 52.08, 22.41, 1167.39, 87, 84, 17478772
1.14, 50.13, 22.98, 1152.01, 87, 84, 17490592
1.15, 49.15, 22.76, 1118.96, 87, 84, 17502428
1.15, 52.08, 23.36, 1216.56, 88, 84, 17514252
1.14, 52.08, 23.87, 1243.25, 88, 84, 17526084
1.15, 52.73, 23.38, 1233.19, 88, 84, 17537908
1.15, 51.11, 22.41, 1145.50, 88, 84, 17549752
1.15, 53.06, 22.14, 1174.97, 88, 84, 17561568
1.15, 52.73, 23.90, 1260.21, 88, 84, 17573396
1.15, 54.69, 22.36, 1222.81, 88, 84, 17585232
1.15, 54.36, 23.30, 1266.85, 88, 84, 17597056
1.15, 53.39, 22.76, 1215.29, 88, 84, 17608888
1.15, 53.39, 23.36, 1246.97, 88, 84, 17620712
1.15, 53.39, 21.98, 1173.54, 88, 84, 17632544
1.15, 52.73, 23.92, 1261.63, 88, 84, 17644372
1.15, 55.01, 21.98, 1209.31, 88, 84, 17656204
1.15, 52.41, 22.90, 1200.13, 88, 84, 17668036
1.15, 54.36, 22.63, 1230.19, 88, 84, 17679860
1.15, 52.41, 23.49, 1231.23, 88, 84, 17691696
1.15, 52.73, 21.87, 1153.53, 88, 84, 17703520
1.15, 52.41, 23.79, 1246.78, 89, 84, 17715356
1.15, 52.08, 22.25, 1158.96, 89, 84, 17727180
1.15, 50.78, 22.55, 1145.05, 89, 84, 17739012
1.15, 52.41, 23.47, 1229.82, 89, 84, 17750836
1.15, 51.11, 23.20, 1185.48, 89, 84, 17762664
1.15, 52.41, 22.36, 1171.86, 89, 84, 17774492
1.16, 51.76, 22.28, 1153.11, 89, 84, 17786320
1.16, 56.32, 22.90, 1289.58, 89, 84, 17798152
1.16, 55.01, 23.65, 1301.31, 89, 84, 17809976
1.16, 51.76, 22.55, 1167.07, 89, 84, 17821812
1.16, 52.73, 22.04, 1162.07, 89, 84, 17833636
1.16, 54.69, 22.95, 1255.26, 89, 84, 17845472
1.16, 54.04, 21.82, 1179.10, 89, 84, 17857296
1.16, 55.99, 23.01, 1288.17, 89, 84, 17869128
1.16, 55.01, 21.98, 1209.31, 89, 84, 17880956
1.16, 54.69, 22.04, 1205.11, 89, 84, 17892784
1.16, 52.41, 22.06, 1156.31, 89, 84, 17904624
1.16, 53.39, 21.96, 1172.10, 90, 84, 17916448
1.15, 55.66, 21.98, 1223.63, 90, 84, 17928288
1.16, 56.64, 23.01, 1303.15, 90, 84, 17940108
1.16, 53.39, 22.76, 1215.29, 90, 84, 17951940
1.16, 55.01, 21.87, 1203.38, 90, 84, 17963764
1.17, 51.76, 22.98, 1189.41, 90, 84, 17975600
1.16, 57.29, 22.44, 1285.67, 90, 84, 17987420
1.16, 53.06, 22.49, 1193.57, 90, 84, 17999252
1.16, 53.39, 23.25, 1241.21, 90, 84, 18011088
1.16, 55.34, 22.47, 1243.34, 90, 84, 18022908
1.17, 52.08, 23.25, 1210.94, 90, 84, 18034740
1.16, 56.32, 22.44, 1263.76, 90, 84, 18046568
1.16, 52.73, 22.60, 1191.94, 90, 84, 18058400
1.16, 56.64, 23.60, 1336.76, 90, 84, 18070224
1.16, 52.73, 22.33, 1177.71, 90, 84, 18082056
1.17, 55.66, 21.96, 1222.12, 90, 84, 18093880
1.16, 53.06, 23.84, 1265.13, 90, 84, 18105708
1.17, 52.41, 22.44, 1176.10, 91, 84, 18117536
1.16, 55.66, 21.82, 1214.62, 91, 84, 18129364
1.17, 55.34, 23.95, 1325.43, 91, 84, 18141200
1.17, 53.06, 22.20, 1177.83, 91, 84, 18153020
1.16, 53.06, 22.49, 1193.57, 91, 84, 18164856
1.17, 53.39, 23.79, 1270.01, 91, 84, 18176676
1.17, 55.34, 23.79, 1316.47, 91, 84, 18188512
1.17, 58.27, 23.36, 1361.02, 91, 84, 18200336
1.17, 56.32, 23.33, 1313.88, 91, 84, 18212172
1.17, 58.27, 23.60, 1375.17, 91, 84, 18223992
1.17, 56.32, 23.68, 1333.63, 91, 84, 18235820
1.17, 54.36, 22.09, 1200.87, 91, 84, 18247676
1.17, 54.69, 23.52, 1286.24, 91, 85, 18259480
1.17, 54.04, 23.49, 1269.47, 91, 84, 18271312
1.17, 53.71, 23.17, 1244.43, 91, 84, 18283140
1.17, 55.66, 23.22, 1292.69, 91, 84, 18294972
1.17, 57.29, 22.28, 1276.40, 91, 84, 18306796
1.17, 56.64, 22.28, 1261.90, 92, 84, 18318632
1.17, 54.69, 21.98, 1202.16, 92, 84, 18330456
1.17, 54.04, 21.93, 1184.93, 92, 84, 18342288
1.17, 58.92, 22.14, 1304.72, 92, 84, 18354120
1.17, 58.27, 22.74, 1324.88, 92, 84, 18365944
1.18, 54.04, 23.14, 1250.52, 92, 84, 18377784
1.17, 58.92, 22.71, 1338.09, 92, 84, 18389620
1.17, 57.62, 23.90, 1376.90, 92, 84, 18401440
1.17, 54.04, 22.14, 1196.59, 92, 84, 18413268
1.17, 56.64, 24.01, 1359.67, 92, 84, 18425100
1.17, 55.01, 22.01, 1210.80, 92, 84, 18436924
1.17, 56.64, 23.38, 1324.53, 92, 84, 18448756
1.17, 57.29, 21.90, 1254.77, 92, 84, 18460588
1.17, 56.64, 23.65, 1339.81, 92, 84, 18472416
1.18, 54.04, 22.01, 1189.30, 92, 84, 18484252
1.18, 58.27, 22.41, 1306.02, 92, 84, 18496076
1.18, 54.69, 22.14, 1211.01, 92, 84, 18507924
1.18, 54.36, 21.96, 1193.54, 93, 84, 18519732
1.17, 58.59, 22.20, 1300.67, 93, 84, 18531564
1.17, 57.94, 23.60, 1367.49, 93, 84, 18543384
1.18, 54.69, 21.77, 1190.36, 93, 84, 18555216
1.18, 55.66, 23.01, 1280.68, 93, 84, 18567048
1.18, 58.59, 23.12, 1354.40, 93, 84, 18578876
1.18, 58.27, 22.52, 1312.30, 93, 84, 18590704
1.19, 57.62, 21.82, 1257.24, 93, 84, 18602528
1.19, 60.22, 22.41, 1349.79, 93, 84, 18614364
1.19, 56.97, 22.04, 1255.32, 93, 84, 18626188
1.19, 55.01, 22.23, 1222.67, 93, 84, 18638020
1.18, 55.01, 22.47, 1236.02, 93, 84, 18649860
1.19, 57.94, 24.01, 1390.93, 93, 84, 18661680
1.18, 57.94, 22.41, 1298.72, 93, 84, 18673500
1.19, 55.01, 21.77, 1197.44, 93, 84, 18685328
1.18, 55.66, 21.98, 1223.63, 93, 84, 18697164
1.18, 58.92, 23.49, 1384.18, 93, 84, 18708984
1.19, 59.57, 23.38, 1393.04, 94, 84, 18720820
1.18, 57.62, 21.85, 1258.79, 94, 84, 18732640
1.19, 56.32, 21.79, 1227.30, 94, 84, 18744476
1.18, 55.99, 22.25, 1245.88, 94, 84, 18756296
1.19, 59.57, 23.47, 1397.86, 94, 84, 18768152
1.19, 61.20, 22.39, 1370.03, 94, 84, 18779956
1.19, 60.22, 23.36, 1406.64, 94, 84, 18791784
1.19, 57.29, 23.52, 1347.49, 94, 84, 18803612
1.19, 56.64, 23.82, 1348.98, 94, 84, 18815436
1.19, 56.32, 21.96, 1236.42, 94, 84, 18827276
1.19, 56.32, 21.98, 1237.94, 94, 84, 18839096
1.19, 56.64, 22.23, 1258.84, 94, 84, 18850932
1.19, 56.97, 21.82, 1243.03, 94, 84, 18862756
1.19, 55.99, 21.90, 1226.25, 94, 84, 18874588
1.19, 56.64, 22.04, 1248.15, 94, 84, 18886412
1.18, 55.99, 21.90, 1226.25, 94, 84, 18898244
1.19, 57.29, 21.77, 1247.04, 94, 84, 18910084
1.19, 56.32, 22.95, 1292.62, 95, 84, 18921896
1.19, 57.62, 23.68, 1364.47, 95, 84, 18933736
1.19, 59.24, 23.74, 1406.21, 95, 84, 18945556
1.18, 56.32, 22.23, 1251.61, 95, 84, 18957392
STOP CURRENT LIMIT
Current limit exceeded limit: 50 Average over frame: 55
