START
-0.03, -0.65, 24.63, -16.03, 1, 19, 512
-0.03, -0.33, 24.63, -8.02, 1, 150, 7192
-0.03, -0.65, 24.63, -16.03, 1, 84, 19028
-0.03, -0.65, 24.63, -16.03, 1, 84, 30844
-0.03, -0.65, 24.63, -16.03, 1, 84, 42664
-0.03, -0.33, 24.63, -8.02, 1, 84, 54492
-0.03, -0.65, 24.63, -16.03, 1, 84, 66312
-0.03, -0.65, 24.63, -16.03, 1, 84, 78144
-0.03, -0.65, 24.63, -16.03, 1, 85, 89960
-0.03, -0.65, 24.63, -16.03, 1, 84, 101788
-0.03, -0.65, 24.63, -16.03, 1, 84, 113620
-0.03, -0.65, 24.63, -16.03, 1, 84, 125440
-0.03, -0.65, 24.63, -16.03, 1, 84, 137272
-0.03, -0.65, 24.63, -16.03, 1, 84, 149092
-0.03, -0.65, 24.63, -16.03, 1, 84, 160924
-0.03, -0.65, 24.63, -16.03, 1, 84, 172744
-0.03, -0.65, 24.63, -16.03, 1, 84, 184580
-0.03, -0.65, 24.63, -16.03, 1, 84, 196400
-0.03, -0.65, 24.63, -16.03, 1, 84, 208228
-0.03, -0.65, 24.63, -16.03, 2, 84, 220068
-0.03, -0.65, 24.63, -16.03, 2, 85, 231880
-0.03, -0.65, 24.63, -16.03, 2, 84, 243712
-0.03, -0.65, 24.63, -16.03, 2, 84, 255532
-0.03, -0.65, 24.63, -16.03, 2, 84, 267364
-0.03, -0.65, 24.63, -16.03, 2, 84, 279196
-0.03, -0.65, 24.63, -16.03, 2, 85, 291012
-0.03, -0.65, 24.63, -16.03, 2, 84, 302832
-0.03, -0.65, 24.63, -16.03, 2, 84, 314664
-0.03, -0.65, 24.63, -16.03, 2, 84, 326484
-0.03, -0.65, 24.63, -16.03, 2, 84, 338312
-0.03, -0.65, 24.63, -16.03, 2, 84, 350148
-0.03, -0.65, 24.63, -16.03, 2, 84, 361968
-0.03, -0.65, 24.63, -16.03, 2, 84, 373800
-0.03, -0.65, 24.63, -16.03, 2, 84, 385620
-0.03, -0.65, 24.63, -16.03, 2, 84, 397452
-0.03, -0.65, 24.63, -16.03, 2, 84, 409272
-0.03, -0.65, 24.63, -16.03, 3, 84, 421104
-0.03, -0.65, 24.63, -16.03, 3, 84, 432920
-0.03, -0.65, 24.63, -16.03, 3, 84, 444748
-0.03, -0.65, 24.63, -16.03, 3, 84, 456576
-0.03, -0.65, 24.63, -16.03, 3, 84, 468400
-0.03, -0.65, 24.63, -16.03, 3, 84, 480252
-0.03, -0.65, 24.63, -16.03, 3, 85, 492056
-0.03, -0.65, 24.63, -16.03, 3, 84, 503892
-0.03, -0.65, 24.63, -16.03, 3, 84, 515708
-0.03, -0.65, 24.63, -16.03, 3, 84, 527544
-0.03, -0.65, 24.63, -16.03, 3, 84, 539364
-0.03, -0.65, 24.63, -16.03, 3, 84, 551196
-0.03, -0.65, 24.63, -16.03, 3, 84, 563016
-0.03, -0.65, 24.63, -16.03, 3, 84, 574840
-0.03, -0.65, 24.63, -16.03, 3, 84, 586664
-0.03, -0.65, 24.63, -16.03, 3, 84, 598488
-0.03, -0.65, 24.63, -16.03, 3, 84, 610320
-0.03, -0.65, 24.63, -16.03, 4, 84, 622140
-0.03, -0.65, 24.63, -16.03, 4, 84, 633972
-0.03, -0.65, 24.63, -16.03, 4, 84, 645792
-0.03, -0.65, 24.63, -16.03, 4, 84, 657624
-0.03, -0.65, 24.63, -16.03, 4, 84, 669448
-0.03, -0.65, 24.63, -16.03, 4, 84, 681280
-0.03, -0.65, 24.63, -16.03, 4, 84, 693096
-0.03, -0.65, 24.63, -16.03, 4, 84, 704928
-0.03, -0.65, 24.63, -16.03, 4, 84, 716756
-0.03, -0.65, 24.63, -16.03, 4, 84, 728580
-0.03, -0.65, 24.63, -16.03, 4, 84, 740416
-0.03, -0.65, 24.63, -16.03, 4, 84, 752236
-0.03, -0.65, 24.63, -16.03, 4, 84, 764068
-0.03, -0.65, 24.63, -16.03, 4, 84, 775888
-0.03, -0.65, 24.63, -16.03, 4, 84, 787720
-0.03, -0.65, 24.63, -16.03, 4, 84, 799544
-0.03, -0.65, 24.63, -16.03, 4, 84, 811372
-0.03, -0.65, 24.63, -16.03, 5, 84, 823196
-0.03, -0.65, 24.63, -16.03, 5, 84, 835024
-0.03, -0.65, 24.63, -16.03, 5, 84, 846856
-0.03, -0.65, 24.63, -16.03, 5, 84, 858676
-0.03, -0.65, 24.63, -16.03, 5, 84, 870508
-0.03, -0.65, 24.60, -16.01, 5, 84, 882328
-0.03, -0.65, 24.63, -16.03, 5, 84, 894156
-0.03, -0.65, 24.63, -16.03, 5, 84, 905980
-0.03, -0.65, 24.63, -16.03, 5, 84, 917808
-0.03, -0.65, 24.63, -16.03, 5, 85, 929628
-0.03, -0.65, 24.63, -16.03, 5, 84, 941452
-0.03, -0.65, 24.63, -16.03, 5, 84, 953284
-0.03, -0.65, 24.63, -16.03, 5, 84, 965104
-0.03, -0.65, 24.63, -16.03, 5, 84, 976940
-0.03, -0.65, 24.63, -16.03, 5, 84, 988760
-0.03, -0.33, 24.63, -8.02, 5, 84, 1000592
-0.03, -0.65, 24.63, -16.03, 5, 84, 1012416
-0.03, -0.65, 24.63, -16.03, 6, 84, 1024252
-0.03, -0.65, 24.63, -16.03, 6, 84, 1036072
-0.03, -0.65, 24.63, -16.03, 6, 84, 1047900
-0.03, -0.65, 24.63, -16.03, 6, 84, 1059728
-0.03, -0.65, 24.63, -16.03, 6, 84, 1071556
-0.03, -0.65, 24.63, -16.03, 6, 84, 1083388
-0.03, -0.65, 24.63, -16.03, 6, 84, 1095208
-0.03, -0.65, 24.63, -16.03, 6, 84, 1107044
-0.03, -0.65, 24.65, -16.05, 6, 84, 1118860
-0.03, -0.65, 24.63, -16.03, 6, 84, 1130696
-0.03, -0.65, 24.63, -16.03, 6, 84, 1142516
-0.03, -0.65, 24.63, -16.03, 6, 84, 1154348
-0.03, -0.65, 24.63, -16.03, 6, 84, 1166168
-0.03, -0.65, 24.63, -16.03, 6, 84, 1177996
-0.03, -0.65, 24.63, -16.03, 6, 84, 1189824
-0.03, -0.65, 24.63, -16.03, 6, 84, 1201648
-0.03, -0.65, 24.63, -16.03, 6, 84, 1213476
-0.03, -0.65, 24.63, -16.03, 7, 84, 1225296
-0.03, -0.65, 24.60, -16.01, 7, 84, 1237128
-0.03, -0.65, 24.63, -16.03, 7, 84, 1248948
-0.03, -0.65, 24.63, -16.03, 7, 84, 1260776
-0.03, -0.65, 24.63, -16.03, 7, 84, 1272596
-0.03, -0.65, 24.63, -16.03, 7, 84, 1284428
-0.03, -0.65, 24.63, -16.03, 7, 84, 1296248
-0.03, -0.65, 24.63, -16.03, 7, 84, 1308072
-0.03, -0.65, 24.63, -16.03, 7, 84, 1319904
-0.03, -0.65, 24.63, -16.03, 7, 84, 1331724
-0.03, -0.65, 24.63, -16.03, 7, 84, 1343556
-0.03, -0.65, 24.63, -16.03, 7, 84, 1355376
-0.03, -0.65, 24.63, -16.03, 7, 84, 1367208
-0.03, -0.65, 24.65, -16.05, 7, 84, 1379040
-0.03, -0.65, 24.63, -16.03, 7, 85, 1390856
-0.03, -0.65, 24.63, -16.03, 7, 84, 1402680
-0.03, -0.65, 24.63, -16.03, 7, 84, 1414508
-0.03, -0.65, 24.63, -16.03, 8, 84, 1426332
-0.03, -0.65, 24.60, -16.01, 8, 84, 1438160
-0.03, -0.65, 24.63, -16.03, 8, 84, 1449992
-0.03, -0.65, 24.63, -16.03, 8, 84, 1461816
-0.03, -0.65, 24.63, -16.03, 8, 84, 1473648
-0.03, -0.65, 24.63, -16.03, 8, 84, 1485472
-0.03, -0.65, 24.63, -16.03, 8, 84, 1497304
-0.03, -0.65, 24.63, -16.03, 8, 84, 1509124
-0.03, -0.33, 24.60, -8.01, 8, 84, 1520956
-0.03, -0.33, 24.63, -8.02, 8, 84, 1532780
-0.03, -0.33, 24.63, -8.02, 8, 84, 1544604
-0.03, -0.33, 24.63, -8.02, 8, 84, 1556440
-0.03, -0.33, 24.63, -8.02, 8, 84, 1568260
-0.03, -0.33, 24.63, -8.02, 8, 84, 1580108
-0.03, -0.65, 24.60, -16.01, 8, 85, 1591912
-0.03, -0.33, 24.60, -8.01, 8, 84, 1603744
-0.03, -0.33, 24.63, -8.02, 8, 84, 1615568
-0.03, -0.65, 24.63, -16.03, 9, 84, 1627400
-0.03, -0.65, 24.63, -16.03, 9, 84, 1639232
-0.03, -0.33, 24.60, -8.01, 9, 84, 1651048
-0.03, -0.33, 24.60, -8.01, 9, 84, 1662872
-0.03, -0.33, 24.60, -8.01, 9, 84, 1674700
-0.03, -0.33, 24.60, -8.01, 9, 84, 1686532
-0.03, -0.33, 24.63, -8.02, 9, 84, 1698352
-0.03, -0.33, 24.60, -8.01, 9, 84, 1710188
-0.02, -0.33, 24.60, -8.01, 9, 84, 1722012
-0.02, -0.33, 24.63, -8.02, 9, 84, 1733844
-0.03, -0.33, 24.63, -8.02, 9, 84, 1745664
-0.02, -0.33, 24.63, -8.02, 9, 84, 1757492
-0.03, -0.33, 24.60, -8.01, 9, 84, 1769312
-0.02, -0.33, 24.60, -8.01, 9, 84, 1781136
-0.02, -0.33, 24.63, -8.02, 9, 84, 1792968
-0.02, -0.33, 24.60, -8.01, 9, 84, 1804788
-0.02, -0.33, 24.60, -8.01, 9, 84, 1816620
-0.03, -0.33, 24.60, -8.01, 10, 84, 1828436
-0.02, -0.33, 24.63, -8.02, 10, 84, 1840284
-0.03, -0.33, 24.60, -8.01, 10, 84, 1852092
-0.02, -0.33, 24.63, -8.02, 10, 84, 1863924
-0.02, -0.33, 24.63, -8.02, 10, 84, 1875748
-0.02, -0.33, 24.60, -8.01, 10, 84, 1887572
-0.02, -0.65, 24.63, -16.03, 10, 84, 1899412
-0.02, -0.33, 24.63, -8.02, 10, 84, 1911220
-0.02, -0.33, 24.60, -8.01, 10, 84, 1923052
-0.02, -0.33, 24.60, -8.01, 10, 84, 1934876
-0.01, -0.33, 24.63, -8.02, 10, 84, 1946704
-0.02, -0.33, 24.63, -8.02, 10, 84, 1958520
-0.02, -0.33, 24.63, -8.02, 10, 84, 1970352
-0.02, -0.33, 24.60, -8.01, 10, 84, 1982168
-0.02, -0.33, 24.63, -8.02, 10, 84, 1994004
-0.02, -0.33, 24.60, -8.01, 10, 84, 2005828
-0.02, -0.33, 24.60, -8.01, 10, 84, 2017652
-0.02, -0.33, 24.60, -8.01, 11, 84, 2029480
-0.02, -0.33, 24.60, -8.01, 11, 84, 2041300
-0.02, -0.33, 24.60, -8.01, 11, 84, 2053132
-0.02, -0.33, 24.63, -8.02, 11, 84, 2064952
-0.02, -0.33, 24.60, -8.01, 11, 84, 2076784
-0.02, -0.33, 24.60, -8.01, 11, 84, 2088612
-0.02, -0.33, 24.60, -8.01, 11, 84, 2100456
-0.01, -0.33, 24.60, -8.01, 11, 84, 2112260
-0.02, -0.33, 24.63, -8.02, 11, 84, 2124096
-0.01, -0.33, 24.60, -8.01, 11, 84, 2135916
-0.01, -0.33, 24.60, -8.01, 11, 84, 2147744
-0.01, -0.33, 24.63, -8.02, 11, 84, 2159576
-0.01, -0.33, 24.63, -8.02, 11, 84, 2171396
-0.01, -0.33, 24.60, -8.01, 11, 84, 2183228
-0.01, -0.33, 24.63, -8.02, 11, 84, 2195048
-0.01, -0.33, 24.60, -8.01, 11, 84, 2206880
-0.01, -0.33, 24.63, -8.02, 11, 84, 2218704
-0.01, -0.33, 24.63, -8.02, 12, 84, 2230536
-0.01, -0.33, 24.60, -8.01, 12, 84, 2242356
-0.01, -0.33, 24.63, -8.02, 12, 84, 2254184
-0.01, -0.33, 24.63, -8.02, 12, 84, 2266016
-0.01, -0.33, 24.60, -8.01, 12, 84, 2277840
-0.01, -0.33, 24.60, -8.01, 12, 84, 2289672
-0.01, -0.33, 24.60, -8.01, 12, 84, 2301492
-0.01, -0.33, 24.60, -8.01, 12, 84, 2313324
-0.01, -0.33, 24.60, -8.01, 12, 84, 2325148
-0.01, -0.33, 24.63, -8.02, 12, 84, 2336980
-0.01, -0.33, 24.63, -8.02, 12, 84, 2348796
-0.01, -0.33, 24.63, -8.02, 12, 84, 2360644
-0.01, -0.33, 24.63, -8.02, 12, 85, 2372448
-0.01, -0.33, 24.60, -8.01, 12, 84, 2384280
-0.01, -0.33, 24.60, -8.01, 12, 84, 2396112
-0.01, -0.33, 24.60, -8.01, 12, 84, 2407932
-0.01, -0.33, 24.63, -8.02, 12, 84, 2419760
-0.01, -0.33, 24.60, -8.01, 13, 84, 2431580
-0.01, -0.33, 24.57, -8.00, 13, 84, 2443412
-0.01, -0.33, 24.60, -8.01, 13, 84, 2455232
-0.01, -0.33, 24.60, -8.01, 13, 84, 2467064
-0.00, -0.33, 24.63, -8.02, 13, 84, 2478880
-0.00, -0.00, 24.60, -0.00, 13, 84, 2490712
-0.00, -0.00, 24.60, -0.00, 13, 84, 2502536
-0.00, -0.33, 24.60, -8.01, 13, 84, 2514368
-0.00, -0.00, 24.63, -0.00, 13, 84, 2526200
-0.00, -0.00, 24.57, -0.00, 13, 84, 2538020
-0.00, -0.00, 24.60, -0.00, 13, 84, 2549852
-0.00, -0.33, 24.63, -8.02, 13, 84, 2561672
0.00, -0.00, 24.60, -0.00, 13, 84, 2573500
0.00, -0.00, 24.60, -0.00, 13, 84, 2585320
0.00, -0.33, 24.60, -8.01, 13, 84, 2597148
0.00, -0.00, 24.60, -0.00, 13, 84, 2608972
0.00, -0.33, 24.60, -8.01, 13, 84, 2620800
0.00, -0.33, 24.60, -8.01, 14, 84, 2632620
0.00, -0.33, 24.60, -8.01, 14, 84, 2644448
0.00, -0.00, 24.60, -0.00, 14, 84, 2656280
0.00, -0.00, 24.63, -0.00, 14, 84, 2668096
0.00, -0.33, 24.60, -8.01, 14, 84, 2679928
0.00, -0.00, 24.60, -0.00, 14, 84, 2691748
0.00, -0.00, 24.60, -0.00, 14, 84, 2703580
0.00, -0.00, 24.63, -0.00, 14, 84, 2715400
0.01, -0.00, 24.60, -0.00, 14, 84, 2727232
0.01, -0.00, 24.63, -0.00, 14, 84, 2739052
0.01, -0.00, 24.60, -0.00, 14, 84, 2750872
0.01, -0.00, 24.63, -0.00, 14, 84, 2762708
0.01, -0.00, 24.60, -0.00, 14, 84, 2774524
0.01, -0.00, 24.60, -0.00, 14, 84, 2786360
0.01, -0.00, 24.60, -0.00, 14, 84, 2798180
0.01, -0.00, 24.57, -0.00, 14, 84, 2810012
0.01, -0.00, 24.60, -0.00, 14, 84, 2821836
0.01, -0.00, 24.60, -0.00, 15, 84, 2833668
0.01, -0.00, 24.63, -0.00, 15, 84, 2845488
0.01, -0.00, 24.60, -0.00, 15, 84, 2857316
0.01, -0.00, 24.60, -0.00, 15, 84, 2869140
0.01, -0.00, 24.60, -0.00, 15, 84, 2880968
0.01, -0.00, 24.57, -0.00, 15, 84, 2892796
0.01, -0.00, 24.60, -0.00, 15, 84, 2904616
0.01, -0.00, 24.60, -0.00, 15, 84, 2916448
0.01, -0.00, 24.63, -0.00, 15, 84, 2928268
0.01, -0.00, 24.57, -0.00, 15, 84, 2940100
0.01, -0.00, 24.60, -0.00, 15, 85, 2951920
0.02, -0.00, 24.63, -0.00, 15, 84, 2963752
0.02, -0.00, 24.63, -0.00, 15, 84, 2975568
0.01, -0.00, 24.57, -0.00, 15, 84, 2987396
0.02, -0.00, 24.65, -0.00, 15, 84, 2999244
0.02, -0.00, 24.60, -0.00, 15, 85, 3011044
0.02, -0.00, 24.60, -0.00, 15, 84, 3022876
0.02, -0.00, 24.57, -0.00, 16, 84, 3034692
0.02, -0.00, 24.60, -0.00, 16, 84, 3046524
0.02, -0.00, 24.63, -0.00, 16, 84, 3058348
0.02, 0.33, 24.60, 8.01, 16, 84, 3070176
0.02, -0.00, 24.57, -0.00, 16, 84, 3081996
0.02, -0.00, 24.60, -0.00, 16, 84, 3093828
0.02, -0.00, 24.60, -0.00, 16, 84, 3105644
0.02, 0.33, 24.63, 8.02, 16, 84, 3117468
0.02, -0.00, 24.60, -0.00, 16, 84, 3129300
0.02, 0.33, 24.60, 8.01, 16, 84, 3141120
0.02, -0.00, 24.63, -0.00, 16, 84, 3152952
0.02, 0.33, 24.63, 8.02, 16, 84, 3164772
0.02, 0.33, 24.60, 8.01, 16, 84, 3176600
0.02, 0.33, 24.57, 8.00, 16, 84, 3188420
0.02, -0.00, 24.63, -0.00, 16, 84, 3200252
0.02, 0.33, 24.63, 8.02, 16, 84, 3212072
0.02, 0.33, 24.57, 8.00, 16, 84, 3223896
0.02, 0.33, 24.60, 8.01, 17, 84, 3235724
0.02, -0.00, 24.63, -0.00, 17, 84, 3247548
0.02, -0.00, 24.63, -0.00, 17, 84, 3259400
0.03, 0.33, 24.60, 8.01, 17, 85, 3271204
0.03, 0.33, 24.63, 8.02, 17, 84, 3283036
0.03, 0.33, 24.60, 8.01, 17, 84, 3294852
0.03, 0.33, 24.60, 8.01, 17, 84, 3306684
0.03, 0.33, 24.60, 8.01, 17, 84, 3318504
0.03, 0.33, 24.63, 8.02, 17, 84, 3330336
0.03, 0.33, 24.63, 8.02, 17, 84, 3342152
0.03, 0.33, 24.57, 8.00, 17, 84, 3353980
0.03, 0.33, 24.60, 8.01, 17, 84, 3365816
0.03, 0.33, 24.63, 8.02, 17, 84, 3377632
0.03, 0.33, 24.57, 8.00, 17, 84, 3389468
0.03, 0.33, 24.60, 8.01, 17, 84, 3401284
0.03, 0.33, 24.63, 8.02, 17, 84, 3413120
0.03, 0.33, 24.60, 8.01, 17, 84, 3424944
0.03, 0.33, 24.60, 8.01, 18, 84, 3436776
0.03, 0.33, 24.60, 8.01, 18, 84, 3448592
0.03, 0.33, 24.60, 8.01, 18, 84, 3460424
0.03, 0.33, 24.57, 8.00, 18, 84, 3472248
0.03, 0.33, 24.57, 8.00, 18, 84, 3484072
0.04, 0.33, 24.60, 8.01, 18, 84, 3495904
0.04, 0.33, 24.63, 8.02, 18, 84, 3507724
0.04, 0.33, 24.63, 8.02, 18, 84, 3519568
0.04, 0.33, 24.57, 8.00, 18, 85, 3531376
0.04, 0.33, 24.63, 8.02, 18, 84, 3543204
0.04, 0.33, 24.60, 8.01, 18, 84, 3555024
0.04, 0.33, 24.57, 8.00, 18, 84, 3566852
0.04, 0.33, 24.63, 8.02, 18, 84, 3578672
0.04, 0.33, 24.60, 8.01, 18, 84, 3590496
0.04, 0.33, 24.63, 8.02, 18, 84, 3602324
0.04, 0.33, 24.57, 8.00, 18, 84, 3614148
0.04, 0.65, 24.60, 16.01, 18, 84, 3625980
0.04, 0.33, 24.63, 8.02, 19, 84, 3637804
0.04, 0.33, 24.57, 8.00, 19, 84, 3649632
0.04, 0.65, 24.57, 16.00, 19, 84, 3661456
0.04, 0.65, 24.63, 16.03, 19, 84, 3673288
0.05, 0.65, 24.63, 16.03, 19, 84, 3685112
0.05, 0.65, 24.60, 16.01, 19, 84, 3696944
0.05, 0.65, 24.60, 16.01, 19, 84, 3708764
0.05, 0.65, 24.54, 15.98, 19, 84, 3720608
0.05, 0.65, 24.54, 15.98, 19, 84, 3732424
0.05, 0.65, 24.57, 16.00, 19, 84, 3744248
0.05, 0.65, 24.63, 16.03, 19, 84, 3756080
0.05, 0.65, 24.60, 16.01, 19, 84, 3767904
0.05, 0.33, 24.63, 8.02, 19, 84, 3779748
0.05, 0.65, 24.63, 16.03, 19, 84, 3791556
0.05, 0.65, 24.57, 16.00, 19, 84, 3803388
0.05, 0.65, 24.57, 16.00, 19, 84, 3815208
0.05, 0.65, 24.63, 16.03, 19, 84, 3827040
0.05, 0.65, 24.63, 16.03, 20, 84, 3838864
0.05, 0.65, 24.52, 15.96, 20, 84, 3850692
0.05, 0.65, 24.60, 16.01, 20, 84, 3862524
0.05, 0.65, 24.60, 16.01, 20, 84, 3874344
0.05, 0.65, 24.52, 15.96, 20, 84, 3886180
0.05, 0.65, 24.57, 16.00, 20, 84, 3898000
0.06, 0.65, 24.60, 16.01, 20, 84, 3909836
0.06, 0.65, 24.60, 16.01, 20, 84, 3921656
0.06, 0.65, 24.60, 16.01, 20, 84, 3933492
0.06, 0.65, 24.57, 16.00, 20, 84, 3945312
0.06, 0.65, 24.60, 16.01, 20, 84, 3957136
0.06, 0.65, 24.63, 16.03, 20, 84, 3968968
0.06, 0.98, 24.57, 24.00, 20, 84, 3980808
0.06, 0.98, 24.57, 24.00, 20, 84, 3992624
0.06, 0.65, 24.63, 16.03, 20, 84, 4004448
0.06, 0.65, 24.54, 15.98, 20, 84, 4016280
0.06, 0.65, 24.60, 16.01, 20, 84, 4028096
0.06, 0.65, 24.65, 16.05, 21, 84, 4039928
0.06, 0.65, 24.63, 16.03, 21, 84, 4051752
0.06, 0.65, 24.57, 16.00, 21, 84, 4063580
0.06, 0.98, 24.57, 24.00, 21, 84, 4075404
0.06, 0.65, 24.60, 16.01, 21, 84, 4087228
0.06, 0.65, 24.54, 15.98, 21, 84, 4099064
0.07, 0.65, 24.54, 15.98, 21, 84, 4110880
0.07, 0.65, 24.63, 16.03, 21, 84, 4122716
0.07, 0.65, 24.57, 16.00, 21, 84, 4134532
0.07, 0.65, 24.57, 16.00, 21, 84, 4146368
0.07, 0.98, 24.63, 24.05, 21, 84, 4158192
0.07, 0.65, 24.63, 16.03, 21, 84, 4170020
0.07, 0.98, 24.52, 23.94, 21, 84, 4181844
0.07, 0.98, 24.63, 24.05, 21, 84, 4193668
0.07, 0.98, 24.63, 24.05, 21, 84, 4205500
0.07, 0.98, 24.60, 24.02, 21, 84, 4217320
0.07, 0.98, 24.60, 24.02, 21, 84, 4229156
0.07, 0.98, 24.63, 24.05, 22, 84, 4240988
0.07, 0.65, 24.63, 16.03, 22, 84, 4252800
0.07, 0.98, 24.60, 24.02, 22, 84, 4264620
0.07, 0.98, 24.57, 24.00, 22, 84, 4276452
0.07, 0.98, 24.57, 24.00, 22, 84, 4288272
0.07, 0.98, 24.57, 24.00, 22, 84, 4300100
0.07, 0.98, 24.63, 24.05, 22, 85, 4311920
0.07, 0.98, 24.52, 23.94, 22, 84, 4323744
0.08, 1.30, 24.60, 32.03, 22, 84, 4335576
0.08, 0.98, 24.57, 24.00, 22, 84, 4347396
0.08, 0.98, 24.60, 24.02, 22, 84, 4359228
0.08, 0.98, 24.52, 23.94, 22, 85, 4371048
0.08, 0.98, 24.60, 24.02, 22, 84, 4382880
0.08, 0.98, 24.63, 24.05, 22, 84, 4394700
0.08, 0.98, 24.52, 23.94, 22, 84, 4406536
0.08, 0.98, 24.57, 24.00, 22, 84, 4418356
0.08, 0.98, 24.63, 24.05, 22, 84, 4430180
0.08, 0.98, 24.63, 24.05, 23, 84, 4442008
0.08, 0.98, 24.52, 23.94, 23, 84, 4453836
0.08, 1.30, 24.60, 32.03, 23, 84, 4465668
0.08, 0.98, 24.63, 24.05, 23, 84, 4477492
0.08, 1.30, 24.52, 31.92, 23, 84, 4489324
0.08, 1.30, 24.57, 31.99, 23, 84, 4501140
0.09, 1.30, 24.60, 32.03, 23, 84, 4512972
0.09, 0.98, 24.63, 24.05, 23, 84, 4524792
0.09, 1.30, 24.54, 31.96, 23, 84, 4536624
0.09, 1.30, 24.57, 31.99, 23, 84, 4548444
0.09, 0.98, 24.63, 24.05, 23, 84, 4560268
0.09, 0.98, 24.63, 24.05, 23, 84, 4572100
0.09, 0.98, 24.63, 24.05, 23, 84, 4583920
0.09, 1.30, 24.57, 31.99, 23, 84, 4595752
0.09, 1.30, 24.60, 32.03, 23, 84, 4607572
0.09, 0.98, 24.65, 24.07, 23, 84, 4619408
0.09, 0.98, 24.54, 23.97, 23, 84, 4631228
0.09, 1.30, 24.57, 31.99, 24, 84, 4643060
0.09, 1.63, 24.57, 39.99, 24, 84, 4654880
0.09, 1.30, 24.57, 31.99, 24, 84, 4666704
0.09, 1.30, 24.49, 31.89, 24, 84, 4678528
0.09, 1.63, 24.57, 39.99, 24, 84, 4690352
0.09, 1.30, 24.63, 32.06, 24, 84, 4702188
0.10, 1.30, 24.63, 32.06, 24, 84, 4714008
0.10, 1.30, 24.49, 31.89, 24, 84, 4725840
0.10, 1.30, 24.54, 31.96, 24, 84, 4737656
0.10, 1.63, 24.57, 39.99, 24, 84, 4749488
0.10, 1.30, 24.63, 32.06, 24, 84, 4761308
0.10, 1.30, 24.46, 31.85, 24, 84, 4773140
0.10, 1.30, 24.57, 31.99, 24, 84, 4784960
0.10, 1.30, 24.60, 32.03, 24, 84, 4796788
0.10, 1.30, 24.60, 32.03, 24, 84, 4808616
0.10, 1.30, 24.54, 31.96, 24, 84, 4820444
0.10, 1.63, 24.57, 39.99, 24, 84, 4832276
0.10, 1.30, 24.63, 32.06, 25, 84, 4844096
0.10, 1.63, 24.49, 39.86, 25, 84, 4855932
0.10, 1.63, 24.54, 39.95, 25, 84, 4867756
0.10, 1.30, 24.52, 31.92, 25, 84, 4879600
0.10, 1.30, 24.63, 32.06, 25, 84, 4891408
0.10, 1.63, 24.52, 39.91, 25, 84, 4903240
0.10, 1.63, 24.60, 40.04, 25, 84, 4915064
0.10, 1.63, 24.60, 40.04, 25, 84, 4926892
0.10, 1.63, 24.52, 39.91, 25, 84, 4938724
0.11, 1.63, 24.49, 39.86, 25, 84, 4950548
0.11, 1.63, 24.60, 40.04, 25, 84, 4962380
0.11, 1.63, 24.63, 40.08, 25, 84, 4974196
0.11, 1.63, 24.49, 39.86, 25, 84, 4986036
0.11, 1.63, 24.52, 39.91, 25, 84, 4997852
0.10, 1.63, 24.57, 39.99, 25, 84, 5009688
0.10, 1.63, 24.65, 40.12, 25, 84, 5021508
0.11, 1.63, 24.54, 39.95, 25, 84, 5033336
0.11, 1.95, 24.57, 47.99, 26, 84, 5045164
0.11, 1.95, 24.54, 47.94, 26, 84, 5056992
0.11, 1.63, 24.54, 39.95, 26, 84, 5068824
0.11, 1.63, 24.46, 39.82, 26, 84, 5080648
0.11, 1.95, 24.60, 48.04, 26, 84, 5092476
0.11, 1.63, 24.60, 40.04, 26, 84, 5104300
0.11, 1.95, 24.49, 47.83, 26, 84, 5116132
0.12, 1.95, 24.57, 47.99, 26, 84, 5127956
0.12, 1.95, 24.54, 47.94, 26, 84, 5139800
0.12, 1.95, 24.52, 47.89, 26, 85, 5151608
0.12, 1.95, 24.52, 47.89, 26, 84, 5163436
0.12, 1.95, 24.60, 48.04, 26, 84, 5175268
0.12, 1.63, 24.63, 40.08, 26, 84, 5187092
0.12, 1.95, 24.52, 47.89, 26, 84, 5198924
0.12, 1.95, 24.52, 47.89, 26, 84, 5210748
0.12, 1.95, 24.63, 48.10, 26, 84, 5222580
0.12, 1.95, 24.54, 47.94, 26, 84, 5234400
0.12, 1.95, 24.57, 47.99, 27, 84, 5246236
0.12, 1.95, 24.57, 47.99, 27, 84, 5258056
0.12, 1.95, 24.54, 47.94, 27, 84, 5269884
0.12, 1.95, 24.49, 47.83, 27, 84, 5281720
0.12, 2.28, 24.57, 55.99, 27, 84, 5293540
0.13, 1.95, 24.63, 48.10, 27, 84, 5305372
0.13, 1.95, 24.63, 48.10, 27, 84, 5317192
0.13, 2.28, 24.57, 55.99, 27, 84, 5329028
0.13, 2.28, 24.54, 55.93, 27, 84, 5340848
0.13, 1.95, 24.65, 48.15, 27, 84, 5352680
0.13, 1.95, 24.60, 48.04, 27, 84, 5364500
0.13, 2.28, 24.63, 56.11, 27, 84, 5376328
0.13, 2.28, 24.57, 55.99, 27, 84, 5388156
0.13, 1.95, 24.46, 47.78, 27, 84, 5399996
0.13, 2.28, 24.49, 55.81, 27, 84, 5411812
0.13, 2.28, 24.46, 55.74, 27, 84, 5423632
0.13, 2.60, 24.54, 63.92, 27, 84, 5435464
0.13, 2.28, 24.63, 56.11, 28, 84, 5447284
0.13, 2.28, 24.38, 55.56, 28, 84, 5459116
0.13, 2.28, 24.41, 55.62, 28, 84, 5470932
0.14, 2.60, 24.54, 63.92, 28, 84, 5482768
0.14, 2.28, 24.68, 56.24, 28, 84, 5494588
0.14, 2.28, 24.49, 55.81, 28, 84, 5506416
0.14, 2.28, 24.49, 55.81, 28, 84, 5518244
0.14, 2.60, 24.60, 64.06, 28, 84, 5530068
0.14, 2.28, 24.65, 56.17, 28, 84, 5541900
0.14, 2.28, 24.49, 55.81, 28, 84, 5553724
0.14, 2.28, 24.49, 55.81, 28, 84, 5565552
0.14, 2.60, 24.52, 63.85, 28, 84, 5577372
0.14, 2.28, 24.65, 56.17, 28, 84, 5589208
0.14, 2.60, 24.57, 63.99, 28, 84, 5601044
0.14, 2.60, 24.63, 64.13, 28, 84, 5612856
0.14, 2.60, 24.52, 63.85, 28, 84, 5624676
0.14, 2.60, 24.54, 63.92, 28, 84, 5636500
0.14, 2.28, 24.60, 56.05, 29, 84, 5648336
0.14, 2.28, 24.60, 56.05, 29, 84, 5660152
0.14, 2.93, 24.54, 71.91, 29, 84, 5671984
0.15, 2.60, 24.57, 63.99, 29, 84, 5683808
0.15, 2.28, 24.65, 56.17, 29, 84, 5695640
0.15, 2.60, 24.49, 63.78, 29, 84, 5707460
0.15, 2.93, 24.54, 71.91, 29, 84, 5719296
0.15, 2.93, 24.57, 71.99, 29, 84, 5731116
0.15, 2.60, 24.54, 63.92, 29, 84, 5742944
0.15, 2.60, 24.44, 63.64, 29, 84, 5754772
0.15, 2.93, 24.52, 71.83, 29, 84, 5766600
0.15, 2.60, 24.60, 64.06, 29, 84, 5778432
0.16, 2.60, 24.63, 64.13, 29, 84, 5790248
0.16, 2.60, 24.49, 63.78, 29, 84, 5802080
0.15, 2.60, 24.49, 63.78, 29, 84, 5813904
0.15, 2.93, 24.57, 71.99, 29, 84, 5825736
0.15, 2.28, 24.65, 56.17, 29, 84, 5837552
0.15, 2.93, 24.52, 71.83, 30, 84, 5849384
0.15, 2.93, 24.54, 71.91, 30, 84, 5861224
0.16, 2.60, 24.52, 63.85, 30, 84, 5873032
0.15, 2.60, 24.44, 63.64, 30, 84, 5884864
0.16, 2.93, 24.46, 71.67, 30, 84, 5896688
0.16, 3.26, 24.54, 79.90, 30, 84, 5908520
0.16, 2.93, 24.57, 71.99, 30, 84, 5920344
0.16, 2.93, 24.52, 71.83, 30, 84, 5932176
0.17, 2.93, 24.52, 71.83, 30, 84, 5943996
0.16, 3.26, 24.52, 79.81, 30, 84, 5955828
0.17, 3.26, 24.60, 80.07, 30, 84, 5967644
0.16, 2.93, 24.73, 72.46, 30, 84, 5979468
0.16, 2.93, 24.41, 71.51, 30, 85, 5991296
0.17, 3.26, 24.54, 79.90, 30, 84, 6003120
0.17, 2.93, 24.63, 72.15, 30, 84, 6014956
0.17, 2.93, 24.49, 71.75, 30, 84, 6026780
0.17, 3.26, 24.44, 79.55, 30, 84, 6038608
0.17, 3.26, 24.54, 79.90, 31, 84, 6050428
0.17, 2.93, 24.68, 72.30, 31, 84, 6062260
0.17, 2.93, 24.52, 71.83, 31, 84, 6074080
0.17, 3.26, 24.38, 79.37, 31, 84, 6085912
0.17, 3.26, 24.54, 79.90, 31, 84, 6097732
0.18, 3.26, 24.60, 80.07, 31, 84, 6109560
0.18, 3.58, 24.49, 87.69, 31, 84, 6121408
0.18, 3.26, 24.44, 79.55, 31, 84, 6133216
0.18, 3.58, 24.54, 87.89, 31, 84, 6145048
0.18, 3.26, 24.57, 79.99, 31, 84, 6156872
0.18, 3.58, 24.36, 87.21, 31, 84, 6168704
0.18, 3.58, 24.49, 87.69, 31, 84, 6180524
0.18, 3.26, 24.54, 79.90, 31, 84, 6192352
0.18, 3.58, 24.52, 87.79, 31, 84, 6204172
0.18, 3.58, 24.46, 87.60, 31, 84, 6216004
0.18, 3.26, 24.54, 79.90, 31, 84, 6227824
0.18, 3.58, 24.54, 87.89, 31, 84, 6239648
0.18, 3.91, 24.52, 95.77, 32, 84, 6251480
0.18, 3.26, 24.65, 80.25, 32, 84, 6263304
0.18, 3.58, 24.38, 87.31, 32, 84, 6275136
0.18, 3.91, 24.46, 95.56, 32, 84, 6286956
0.18, 3.91, 24.60, 96.09, 32, 84, 6298784
0.18, 3.91, 24.54, 95.88, 32, 84, 6310604
0.19, 3.58, 24.60, 88.08, 32, 84, 6322436
0.19, 3.58, 24.63, 88.18, 32, 84, 6334252
0.19, 3.58, 24.57, 87.98, 32, 84, 6346080
0.19, 3.91, 24.52, 95.77, 32, 84, 6357908
0.20, 3.91, 24.57, 95.98, 32, 84, 6369736
0.20, 3.91, 24.33, 95.03, 32, 84, 6381572
0.20, 3.91, 24.30, 94.93, 32, 84, 6393392
0.20, 4.23, 24.54, 103.87, 32, 84, 6405224
0.19, 3.91, 24.60, 96.09, 32, 84, 6417044
0.19, 3.91, 24.44, 95.46, 32, 84, 6428880
0.19, 3.91, 24.38, 95.25, 32, 84, 6440700
0.19, 3.58, 24.60, 88.08, 33, 84, 6452532
0.20, 4.23, 24.52, 103.75, 33, 84, 6464348
0.20, 3.91, 24.52, 95.77, 33, 84, 6476176
0.20, 3.91, 24.25, 94.72, 33, 84, 6488004
0.20, 3.91, 24.54, 95.88, 33, 84, 6499840
0.20, 4.23, 24.49, 103.64, 33, 84, 6511656
0.20, 4.23, 24.57, 103.98, 33, 84, 6523476
0.21, 3.91, 24.54, 95.88, 33, 84, 6535308
0.21, 3.91, 24.54, 95.88, 33, 84, 6547128
0.21, 4.23, 24.54, 103.87, 33, 84, 6558960
0.21, 4.56, 24.49, 111.61, 33, 84, 6570776
0.21, 4.23, 24.52, 103.75, 33, 84, 6582604
0.21, 3.91, 24.65, 96.30, 33, 84, 6594428
0.21, 4.23, 24.49, 103.64, 33, 84, 6606256
0.21, 4.56, 24.52, 111.73, 33, 84, 6618084
0.21, 4.56, 24.57, 111.98, 33, 84, 6629900
0.20, 3.91, 24.54, 95.88, 33, 84, 6641732
0.20, 3.91, 24.54, 95.88, 34, 84, 6653552
0.20, 4.23, 24.41, 103.30, 34, 84, 6665384
0.20, 4.23, 24.33, 102.95, 34, 84, 6677208
0.21, 4.88, 24.46, 119.45, 34, 84, 6689040
0.21, 4.88, 24.52, 119.72, 34, 84, 6700856
0.22, 4.23, 24.41, 103.30, 34, 84, 6712680
0.21, 4.56, 24.41, 111.24, 34, 84, 6724512
0.22, 4.88, 24.46, 119.45, 34, 84, 6736336
0.22, 4.23, 24.63, 104.21, 34, 84, 6748172
0.22, 4.23, 24.38, 103.18, 34, 84, 6760008
0.22, 4.88, 24.41, 119.19, 34, 84, 6771824
0.22, 4.88, 24.41, 119.19, 34, 84, 6783648
0.22, 4.23, 24.68, 104.44, 34, 84, 6795484
0.22, 4.23, 24.68, 104.44, 34, 84, 6807304
0.22, 4.88, 24.63, 120.24, 34, 84, 6819140
0.22, 4.56, 24.46, 111.49, 34, 84, 6830956
0.22, 4.88, 24.49, 119.58, 34, 84, 6842780
0.22, 4.23, 24.65, 104.32, 35, 84, 6854612
0.22, 4.56, 24.60, 112.10, 35, 84, 6866432
0.22, 5.21, 24.49, 127.56, 35, 84, 6878268
0.22, 5.21, 24.46, 127.42, 35, 84, 6890088
0.23, 4.23, 24.68, 104.44, 35, 84, 6901924
0.23, 4.56, 24.57, 111.98, 35, 84, 6913744
0.23, 4.88, 24.33, 118.79, 35, 84, 6925576
0.24, 4.88, 24.38, 119.06, 35, 84, 6937396
0.24, 5.21, 24.57, 127.98, 35, 84, 6949224
0.23, 4.88, 24.60, 120.11, 35, 84, 6961052
0.23, 4.56, 24.63, 112.23, 35, 84, 6972876
0.23, 5.21, 24.44, 127.27, 35, 84, 6984716
0.23, 5.21, 24.44, 127.27, 35, 84, 6996536
0.24, 5.21, 24.57, 127.98, 35, 84, 7008368
0.24, 4.88, 24.41, 119.19, 35, 84, 7020204
0.24, 5.21, 24.33, 126.71, 35, 85, 7032020
0.24, 5.21, 24.44, 127.27, 35, 84, 7043844
0.23, 4.88, 24.54, 119.85, 36, 84, 7055676
0.24, 4.56, 24.71, 112.59, 36, 84, 7067500
0.23, 5.53, 24.49, 135.53, 36, 84, 7079324
0.24, 5.53, 24.38, 134.93, 36, 84, 7091160
0.24, 5.86, 24.49, 143.50, 36, 84, 7102984
0.24, 5.21, 24.63, 128.26, 36, 84, 7114816
0.25, 5.21, 24.46, 127.42, 36, 84, 7126636
0.25, 5.86, 24.38, 142.87, 36, 84, 7138468
0.25, 5.53, 24.36, 134.78, 36, 84, 7150284
0.25, 5.86, 24.52, 143.66, 36, 84, 7162120
0.25, 5.53, 24.60, 136.13, 36, 84, 7173940
0.25, 5.21, 24.41, 127.13, 36, 84, 7185768
0.25, 5.53, 24.27, 134.33, 36, 84, 7197592
0.25, 5.53, 24.44, 135.23, 36, 84, 7209420
0.25, 5.53, 24.49, 135.53, 36, 84, 7221252
0.25, 5.21, 24.57, 127.98, 36, 84, 7233072
0.25, 5.53, 24.44, 135.23, 36, 84, 7244904
0.25, 5.53, 24.41, 135.08, 37, 84, 7256724
0.25, 6.18, 24.49, 151.47, 37, 84, 7268556
0.25, 5.86, 24.49, 143.50, 37, 84, 7280376
0.26, 5.21, 24.49, 127.56, 37, 84, 7292208
0.25, 6.18, 24.46, 151.31, 37, 84, 7304024
0.26, 5.86, 24.33, 142.55, 37, 84, 7315848
0.26, 6.18, 24.33, 150.47, 37, 84, 7327684
0.26, 5.86, 24.36, 142.71, 37, 84, 7339508
0.27, 6.18, 24.49, 151.47, 37, 84, 7351340
0.27, 5.86, 24.63, 144.29, 37, 84, 7363164
0.27, 5.86, 24.33, 142.55, 37, 84, 7374996
0.26, 5.53, 24.41, 135.08, 37, 84, 7386816
0.27, 6.18, 24.25, 149.97, 37, 84, 7398644
0.27, 6.18, 24.27, 150.14, 37, 84, 7410464
0.27, 6.18, 24.63, 152.31, 37, 84, 7422292
0.27, 6.51, 24.44, 159.09, 37, 84, 7434116
0.26, 5.86, 24.52, 143.66, 37, 84, 7445944
0.26, 5.86, 24.54, 143.82, 38, 84, 7457772
0.27, 5.86, 24.52, 143.66, 38, 84, 7469592
0.26, 5.86, 24.54, 143.82, 38, 84, 7481440
0.27, 6.51, 24.38, 158.74, 38, 84, 7493244
0.27, 7.16, 24.57, 175.97, 38, 84, 7505080
0.28, 6.51, 24.46, 159.27, 38, 84, 7516904
0.28, 6.18, 24.57, 151.97, 38, 84, 7528732
0.28, 6.18, 24.38, 150.81, 38, 84, 7540556
0.28, 6.84, 24.27, 165.94, 38, 84, 7552380
0.28, 7.16, 24.49, 175.39, 38, 84, 7564216
0.28, 6.84, 24.54, 167.79, 38, 84, 7576036
0.28, 6.18, 24.60, 152.14, 38, 84, 7587868
0.28, 6.18, 24.60, 152.14, 38, 84, 7599692
0.28, 6.51, 24.27, 158.04, 38, 84, 7611524
0.28, 6.84, 24.33, 166.31, 38, 84, 7623348
0.28, 7.16, 24.46, 175.20, 38, 84, 7635184
0.28, 6.18, 24.68, 152.64, 38, 84, 7647004
0.28, 6.18, 24.44, 151.14, 39, 84, 7658828
0.28, 6.51, 24.41, 158.92, 39, 84, 7670656
0.28, 7.16, 24.30, 174.04, 39, 84, 7682484
0.29, 7.16, 24.52, 175.58, 39, 84, 7694316
0.29, 7.16, 24.49, 175.39, 39, 84, 7706136
0.29, 6.51, 24.73, 161.03, 39, 84, 7717968
0.30, 6.84, 24.44, 167.05, 39, 84, 7729788
0.30, 7.49, 24.63, 184.37, 39, 84, 7741636
0.30, 7.16, 24.30, 174.04, 39, 84, 7753440
0.30, 7.49, 24.38, 182.55, 39, 84, 7765272
0.30, 7.81, 24.41, 190.70, 39, 84, 7777088
0.30, 7.16, 24.49, 175.39, 39, 84, 7788916
0.30, 7.16, 24.49, 175.39, 39, 84, 7800740
0.30, 7.16, 24.54, 175.78, 39, 84, 7812564
0.30, 6.84, 24.46, 167.23, 39, 84, 7824400
0.30, 6.51, 24.63, 160.32, 39, 84, 7836216
0.30, 7.49, 24.33, 182.15, 39, 84, 7848048
0.30, 7.16, 24.33, 174.23, 40, 84, 7859868
0.30, 7.81, 24.44, 190.91, 40, 84, 7871704
0.30, 8.14, 24.41, 198.65, 40, 84, 7883520
0.31, 7.16, 24.60, 176.16, 40, 84, 7895360
0.31, 6.84, 24.54, 167.79, 40, 84, 7907180
0.31, 7.49, 24.36, 182.35, 40, 84, 7919004
0.32, 7.81, 24.27, 189.65, 40, 84, 7930836
0.32, 8.14, 24.41, 198.65, 40, 84, 7942652
0.31, 8.14, 24.27, 197.55, 40, 84, 7954484
0.31, 8.14, 24.38, 198.43, 40, 84, 7966304
0.32, 8.46, 24.44, 206.82, 40, 84, 7978136
0.32, 8.14, 24.44, 198.87, 40, 84, 7989956
0.32, 7.81, 23.98, 187.33, 40, 84, 8001808
0.32, 7.49, 24.60, 184.17, 40, 84, 8013612
0.31, 7.49, 24.33, 182.15, 40, 84, 8025436
0.32, 8.14, 24.17, 196.67, 40, 84, 8037268
0.32, 8.14, 24.33, 197.99, 40, 84, 8049096
0.32, 7.49, 24.44, 182.96, 41, 84, 8060928
0.32, 8.46, 24.33, 205.91, 41, 85, 8072748
0.31, 7.81, 24.65, 192.60, 41, 84, 8084580
0.32, 8.46, 24.54, 207.73, 41, 84, 8096400
0.32, 8.14, 24.14, 196.45, 41, 84, 8108236
0.33, 7.81, 24.52, 191.54, 41, 84, 8120056
0.33, 8.46, 24.27, 205.45, 41, 84, 8131888
0.33, 8.46, 24.09, 203.85, 41, 84, 8143708
0.33, 8.79, 24.38, 214.30, 41, 84, 8155532
0.33, 8.79, 24.41, 214.54, 41, 84, 8167364
0.33, 8.79, 24.25, 213.12, 41, 84, 8179184
0.33, 9.44, 24.38, 230.18, 41, 84, 8191016
0.33, 9.11, 24.49, 223.22, 41, 84, 8202836
0.34, 8.46, 24.63, 208.42, 41, 84, 8214668
0.34, 9.11, 24.44, 222.73, 41, 84, 8226488
0.33, 8.14, 24.36, 198.21, 41, 84, 8238320
0.33, 8.14, 24.52, 199.53, 41, 84, 8250140
0.33, 8.46, 24.30, 205.68, 42, 84, 8261968
0.33, 8.46, 24.22, 205.00, 42, 84, 8273792
0.34, 8.79, 24.22, 212.88, 42, 84, 8285624
0.34, 9.11, 24.38, 222.24, 42, 84, 8297456
0.34, 8.79, 24.36, 214.07, 42, 84, 8309280
0.34, 9.77, 24.49, 239.17, 42, 84, 8321112
0.34, 9.11, 24.49, 223.22, 42, 84, 8332932
0.34, 8.14, 24.41, 198.65, 42, 84, 8344764
0.34, 9.11, 24.60, 224.21, 42, 84, 8356584
0.34, 8.46, 24.52, 207.51, 42, 84, 8368416
0.34, 8.79, 24.19, 212.64, 42, 84, 8380252
0.34, 8.79, 24.30, 213.59, 42, 84, 8392060
0.34, 9.11, 24.17, 220.27, 42, 84, 8403884
0.34, 8.46, 24.30, 205.68, 42, 84, 8415712
0.35, 8.79, 24.17, 212.41, 42, 84, 8427540
0.34, 8.14, 24.30, 197.77, 42, 84, 8439360
0.34, 9.11, 24.44, 222.73, 42, 84, 8451192
0.34, 9.44, 24.27, 229.16, 43, 84, 8463008
0.34, 9.77, 24.36, 237.85, 43, 84, 8474844
0.35, 9.44, 24.19, 228.39, 43, 84, 8486660
0.35, 9.44, 24.54, 231.70, 43, 84, 8498496
0.35, 10.09, 24.25, 244.69, 43, 84, 8510312
0.36, 10.09, 24.49, 247.14, 43, 84, 8522140
0.35, 9.11, 24.52, 223.47, 43, 84, 8533972
0.36, 9.11, 24.71, 225.19, 43, 84, 8545792
0.36, 8.79, 24.33, 213.83, 43, 84, 8557624
0.36, 8.79, 24.60, 216.20, 43, 84, 8569444
0.36, 9.44, 24.09, 227.38, 43, 84, 8581272
0.37, 9.44, 24.38, 230.18, 43, 84, 8593096
0.37, 10.09, 24.17, 243.87, 43, 84, 8604924
0.36, 9.77, 24.09, 235.22, 43, 84, 8616748
0.36, 9.77, 24.54, 239.69, 43, 84, 8628568
0.36, 9.44, 24.54, 231.70, 43, 84, 8640412
0.36, 10.09, 24.27, 244.96, 43, 84, 8652224
0.36, 10.42, 24.44, 254.55, 44, 84, 8664052
0.36, 10.09, 24.33, 245.51, 44, 84, 8675872
0.36, 10.42, 24.57, 255.95, 44, 84, 8687704
0.37, 10.74, 24.14, 259.32, 44, 84, 8699520
0.37, 10.09, 24.57, 247.96, 44, 85, 8711352
0.37, 10.09, 24.68, 249.04, 44, 84, 8723172
0.38, 9.77, 24.49, 239.17, 44, 84, 8735008
0.38, 9.77, 24.57, 239.96, 44, 84, 8746824
0.38, 10.42, 24.19, 252.02, 44, 84, 8758652
0.38, 10.09, 24.06, 242.78, 44, 84, 8770476
0.38, 9.77, 24.38, 238.11, 44, 84, 8782304
0.38, 10.42, 24.11, 251.18, 44, 84, 8794132
0.38, 10.09, 24.14, 243.60, 44, 84, 8805956
0.37, 11.07, 24.36, 269.56, 44, 84, 8817788
0.38, 10.74, 24.17, 259.61, 44, 84, 8829608
0.38, 10.09, 24.52, 247.41, 44, 84, 8841440
0.38, 11.07, 24.49, 271.06, 44, 84, 8853260
0.38, 9.11, 24.22, 220.76, 45, 84, 8865092
0.38, 10.74, 24.46, 262.79, 45, 84, 8876912
0.38, 10.09, 24.54, 247.68, 45, 84, 8888740
0.38, 11.07, 24.33, 269.27, 45, 84, 8900588
0.39, 10.09, 24.63, 248.50, 45, 85, 8912392
0.39, 10.74, 24.09, 258.74, 45, 84, 8924224
0.39, 10.74, 24.27, 260.77, 45, 84, 8936044
0.39, 11.07, 24.17, 267.47, 45, 84, 8947876
0.39, 10.42, 24.25, 252.58, 45, 84, 8959696
0.40, 11.72, 24.30, 284.79, 45, 84, 8971536
0.40, 11.39, 24.60, 280.26, 45, 84, 8983356
0.40, 10.74, 24.63, 264.53, 45, 84, 8995184
0.40, 10.74, 24.52, 263.37, 45, 84, 9007012
0.39, 10.42, 24.38, 253.99, 45, 84, 9018840
0.40, 10.42, 24.14, 251.46, 45, 84, 9030676
0.40, 10.42, 24.46, 254.83, 45, 84, 9042496
0.40, 11.39, 24.17, 275.34, 45, 84, 9054332
0.40, 11.39, 24.17, 275.34, 46, 84, 9066156
0.39, 11.39, 24.36, 277.49, 46, 84, 9077988
0.40, 11.72, 24.49, 287.00, 46, 84, 9089812
0.40, 10.74, 24.41, 262.21, 46, 84, 9101644
0.41, 10.74, 24.76, 265.98, 46, 84, 9113468
0.41, 10.42, 24.57, 255.95, 46, 84, 9125296
0.41, 11.39, 24.11, 274.73, 46, 84, 9137128
0.41, 10.42, 24.49, 255.11, 46, 84, 9148952
0.41, 11.39, 24.25, 276.26, 46, 84, 9160784
0.41, 11.39, 24.11, 274.73, 46, 84, 9172612
0.41, 12.37, 24.49, 302.95, 46, 84, 9184444
0.41, 12.04, 24.44, 294.32, 46, 84, 9196268
0.41, 12.04, 24.52, 295.30, 46, 84, 9208104
0.41, 11.72, 24.54, 287.63, 46, 84, 9219924
0.41, 11.07, 24.44, 270.46, 46, 84, 9231752
0.41, 11.07, 24.30, 268.97, 46, 84, 9243588
0.41, 11.07, 24.46, 270.76, 46, 84, 9255412
0.41, 11.39, 24.17, 275.34, 47, 84, 9267244
0.41, 11.72, 24.06, 281.94, 47, 84, 9279068
0.41, 12.04, 24.03, 289.45, 47, 84, 9290900
0.42, 12.04, 23.98, 288.80, 47, 84, 9302724
0.42, 12.37, 24.36, 301.28, 47, 84, 9314560
0.42, 12.37, 24.17, 298.94, 47, 84, 9326380
0.43, 12.70, 24.46, 310.58, 47, 84, 9338204
0.42, 12.70, 24.09, 305.78, 47, 84, 9350032
0.42, 11.39, 24.52, 279.34, 47, 84, 9361876
0.42, 13.02, 24.41, 317.84, 47, 84, 9373696
0.42, 12.70, 24.49, 310.92, 47, 84, 9385512
0.43, 12.37, 24.54, 303.61, 47, 84, 9397348
0.42, 13.35, 24.19, 322.90, 47, 84, 9409164
0.43, 12.70, 24.52, 311.26, 47, 84, 9421000
0.43, 13.02, 24.33, 316.78, 47, 84, 9432820
0.42, 11.72, 24.46, 286.68, 47, 84, 9444656
0.42, 12.70, 24.36, 309.21, 47, 84, 9456476
0.42, 12.04, 24.65, 296.92, 48, 84, 9468304
0.43, 11.72, 24.73, 289.85, 48, 84, 9480140
0.43, 12.04, 24.52, 295.30, 48, 84, 9491964
0.43, 11.72, 24.44, 286.37, 48, 84, 9503800
0.43, 12.04, 24.57, 295.95, 48, 84, 9515616
0.43, 11.39, 24.46, 278.72, 48, 84, 9527456
0.44, 12.04, 24.52, 295.30, 48, 84, 9539276
0.44, 12.04, 24.25, 292.05, 48, 84, 9551112
0.44, 12.04, 24.27, 292.37, 48, 84, 9562936
0.44, 12.70, 24.19, 307.15, 48, 84, 9574760
0.43, 12.04, 24.30, 292.70, 48, 84, 9586592
0.44, 12.37, 24.33, 300.94, 48, 84, 9598420
0.44, 12.70, 24.09, 305.78, 48, 84, 9610252
0.43, 13.35, 24.06, 321.10, 48, 84, 9622088
0.44, 12.37, 24.25, 299.94, 48, 84, 9633900
0.43, 12.04, 24.33, 293.02, 48, 84, 9645724
0.44, 12.37, 24.33, 300.94, 48, 84, 9657556
0.44, 12.70, 24.54, 311.60, 49, 84, 9669376
0.44, 13.02, 24.52, 319.24, 49, 84, 9681212
0.44, 13.02, 24.54, 319.59, 49, 85, 9693032
0.44, 13.02, 24.44, 318.19, 49, 84, 9704856
0.45, 12.70, 24.33, 308.86, 49, 84, 9716692
0.45, 13.02, 24.36, 317.13, 49, 84, 9728512
0.45, 14.32, 24.06, 344.60, 49, 84, 9740348
0.45, 12.70, 24.52, 311.26, 49, 84, 9752172
0.45, 13.02, 24.22, 315.38, 49, 84, 9764004
0.46, 12.04, 24.44, 294.32, 49, 84, 9775832
0.45, 13.02, 24.27, 316.08, 49, 84, 9787664
0.45, 13.35, 23.95, 319.66, 49, 84, 9799488
0.46, 13.67, 24.22, 331.15, 49, 84, 9811316
0.46, 13.35, 24.36, 325.06, 49, 84, 9823140
0.46, 13.02, 24.49, 318.89, 49, 84, 9834968
0.46, 13.67, 24.17, 330.41, 49, 84, 9846804
0.46, 12.70, 24.60, 312.29, 49, 84, 9858620
0.45, 13.02, 24.54, 319.59, 50, 84, 9870452
0.45, 14.00, 23.74, 332.24, 50, 84, 9882292
0.45, 13.35, 24.27, 323.98, 50, 84, 9894108
0.45, 13.35, 24.41, 325.78, 50, 84, 9905932
0.45, 14.32, 23.95, 343.05, 50, 84, 9917764
0.46, 13.35, 24.38, 325.42, 50, 84, 9929588
0.46, 13.35, 24.25, 323.62, 50, 84, 9941420
0.46, 14.00, 23.98, 335.63, 50, 84, 9953252
0.46, 13.67, 24.49, 334.83, 50, 84, 9965068
0.47, 13.67, 24.03, 328.57, 50, 84, 9976908
0.47, 13.67, 24.38, 333.36, 50, 84, 9988728
0.46, 14.65, 24.27, 355.59, 50, 84, 10000584
0.46, 13.35, 24.27, 323.98, 50, 84, 10012384
0.47, 13.67, 24.19, 330.78, 50, 84, 10024224
0.46, 14.00, 24.25, 339.41, 50, 84, 10036048
0.46, 13.67, 24.22, 331.15, 50, 84, 10047872
0.47, 14.00, 24.09, 337.14, 50, 84, 10059712
0.46, 14.00, 24.19, 338.65, 51, 84, 10071528
0.47, 13.67, 24.14, 330.04, 51, 84, 10083364
0.47, 14.00, 24.17, 338.28, 51, 84, 10095188
0.47, 14.00, 24.17, 338.28, 51, 84, 10107024
0.47, 14.32, 24.22, 346.92, 51, 84, 10118840
0.47, 14.32, 24.17, 346.14, 51, 84, 10130680
0.47, 14.32, 24.44, 350.01, 51, 84, 10142500
0.48, 15.30, 23.98, 366.85, 51, 84, 10154332
0.48, 14.00, 24.54, 343.56, 51, 84, 10166156
0.48, 14.65, 24.49, 358.75, 51, 84, 10177984
0.47, 14.32, 24.22, 346.92, 51, 84, 10189820
0.48, 14.00, 24.57, 343.94, 51, 84, 10201640
0.48, 14.65, 24.36, 356.78, 51, 84, 10213476
0.48, 15.63, 24.41, 381.40, 51, 84, 10225300
0.48, 14.00, 24.60, 344.32, 51, 84, 10237132
0.48, 15.30, 24.52, 375.11, 51, 84, 10248952
0.48, 14.32, 24.11, 345.37, 51, 84, 10260800
0.48, 15.30, 24.33, 372.22, 52, 85, 10272604
0.47, 15.95, 24.11, 384.62, 52, 84, 10284432
0.47, 15.95, 24.22, 386.34, 52, 84, 10296264
0.48, 14.97, 23.95, 358.65, 52, 84, 10308088
0.49, 15.30, 23.92, 366.03, 52, 84, 10319920
0.49, 14.97, 24.27, 363.49, 52, 84, 10331740
0.49, 15.95, 23.98, 382.47, 52, 84, 10343576
0.49, 14.97, 24.14, 361.47, 52, 84, 10355400
0.49, 15.95, 23.79, 379.45, 52, 84, 10367236
0.50, 15.30, 24.46, 374.28, 52, 84, 10379056
0.50, 15.30, 24.14, 369.33, 52, 84, 10390884
0.49, 14.97, 24.33, 364.30, 52, 84, 10402712
0.49, 15.63, 24.60, 384.35, 52, 84, 10414540
0.49, 15.30, 24.49, 374.70, 52, 84, 10426372
0.50, 16.28, 24.44, 397.73, 52, 84, 10438200
0.50, 15.95, 24.49, 390.64, 52, 84, 10450032
0.49, 16.60, 24.33, 403.90, 52, 84, 10461856
0.49, 16.93, 24.06, 407.25, 53, 84, 10473688
0.50, 16.28, 23.79, 387.20, 53, 84, 10485512
0.50, 15.63, 24.38, 380.98, 53, 84, 10497348
0.49, 15.95, 23.84, 380.31, 53, 84, 10509168
0.50, 15.63, 23.79, 371.71, 53, 84, 10520996
0.51, 16.60, 23.74, 394.05, 53, 84, 10532832
0.51, 15.95, 24.19, 385.91, 53, 84, 10544652
0.51, 16.28, 24.19, 393.78, 53, 84, 10556488
0.50, 16.60, 24.14, 400.76, 53, 84, 10568312
0.51, 16.93, 24.27, 410.90, 53, 84, 10580144
0.51, 16.28, 24.46, 398.17, 53, 84, 10591968
0.50, 15.95, 24.22, 386.34, 53, 84, 10603800
0.51, 16.93, 24.33, 411.82, 53, 84, 10615624
0.51, 16.60, 24.60, 408.38, 53, 84, 10627456
0.51, 18.23, 24.19, 441.04, 53, 84, 10639288
0.51, 16.60, 23.63, 392.26, 53, 84, 10651108
0.51, 16.60, 23.76, 394.49, 53, 84, 10662944
0.51, 15.95, 24.33, 388.06, 54, 84, 10674768
0.51, 17.58, 23.90, 420.07, 54, 84, 10686604
0.51, 16.93, 24.30, 411.36, 54, 84, 10698420
0.51, 16.60, 24.30, 403.45, 54, 84, 10710252
0.52, 16.28, 24.27, 395.10, 54, 84, 10722092
0.52, 19.21, 23.98, 460.52, 54, 84, 10733904
0.52, 18.23, 23.74, 432.68, 54, 84, 10745728
0.52, 15.95, 24.01, 382.90, 54, 84, 10757556
0.52, 16.93, 24.17, 409.08, 54, 84, 10769388
0.52, 18.23, 24.33, 443.50, 54, 84, 10781208
0.52, 17.25, 24.54, 423.46, 54, 84, 10793040
0.53, 18.55, 24.03, 445.91, 54, 84, 10804860
0.53, 18.88, 24.11, 455.26, 54, 84, 10816692
0.52, 16.60, 24.06, 399.42, 54, 84, 10828512
0.52, 16.93, 23.84, 403.60, 54, 84, 10840348
0.52, 17.90, 24.41, 437.02, 54, 84, 10852164
0.52, 16.93, 24.54, 415.47, 54, 84, 10863996
0.52, 18.88, 24.01, 453.22, 55, 84, 10875828
0.52, 17.25, 24.30, 419.27, 55, 84, 10887652
0.52, 17.25, 24.17, 416.94, 55, 84, 10899484
0.52, 17.25, 23.87, 411.83, 55, 84, 10911308
0.53, 16.93, 24.73, 418.67, 55, 84, 10923144
0.53, 17.58, 24.44, 429.55, 55, 84, 10934968
0.53, 18.88, 24.14, 455.77, 55, 84, 10946800
0.53, 19.86, 24.25, 481.49, 55, 84, 10958624
0.53, 17.58, 23.63, 415.33, 55, 84, 10970448
0.53, 18.88, 23.95, 452.21, 55, 84, 10982292
0.53, 17.90, 24.63, 440.89, 55, 84, 10994104
0.54, 18.55, 24.41, 452.92, 55, 84, 11005936
0.54, 18.23, 23.98, 437.10, 55, 84, 11017752
0.53, 19.53, 23.92, 467.27, 55, 84, 11029588
0.53, 17.58, 24.52, 430.98, 55, 84, 11041408
0.53, 19.21, 24.33, 467.25, 55, 84, 11053240
0.53, 20.18, 23.79, 480.13, 55, 84, 11065060
0.53, 18.55, 24.27, 450.41, 56, 84, 11076892
0.53, 18.23, 23.90, 435.63, 56, 84, 11088716
0.53, 17.58, 24.22, 425.76, 56, 84, 11100540
0.54, 18.88, 24.90, 470.03, 56, 84, 11112364
0.54, 20.83, 23.63, 492.24, 56, 84, 11124196
0.54, 19.21, 23.95, 460.00, 56, 84, 11136028
0.55, 18.88, 24.38, 460.35, 56, 84, 11147848
0.54, 18.55, 24.38, 452.42, 56, 84, 11159680
0.54, 19.53, 23.95, 467.80, 56, 84, 11171504
0.54, 19.86, 24.11, 478.81, 56, 84, 11183340
0.54, 18.23, 24.36, 443.99, 56, 84, 11195160
0.55, 18.23, 24.38, 444.48, 56, 84, 11206988
0.55, 19.53, 24.27, 474.12, 56, 84, 11218816
0.55, 18.88, 24.09, 454.75, 56, 84, 11230640
0.55, 19.86, 23.98, 476.13, 56, 84, 11242488
0.54, 18.55, 24.46, 453.92, 56, 84, 11254296
0.55, 19.21, 24.33, 467.25, 56, 84, 11266128
0.55, 20.51, 23.68, 485.66, 57, 84, 11277948
0.55, 21.16, 23.71, 501.65, 57, 84, 11289776
0.55, 19.53, 23.90, 466.75, 57, 84, 11301604
0.55, 19.53, 24.19, 472.54, 57, 84, 11313432
0.56, 20.18, 23.60, 476.32, 57, 84, 11325256
0.55, 20.18, 23.65, 477.40, 57, 84, 11337084
0.56, 18.55, 24.57, 455.92, 57, 84, 11348908
0.56, 19.53, 24.68, 482.02, 57, 84, 11360752
0.56, 20.83, 23.90, 497.86, 57, 84, 11372564
0.56, 19.53, 24.44, 477.28, 57, 84, 11384384
0.56, 20.18, 24.41, 492.65, 57, 84, 11396220
0.56, 20.18, 23.87, 481.76, 57, 84, 11408036
0.56, 19.53, 23.82, 465.16, 57, 84, 11419872
0.57, 20.83, 24.73, 515.28, 57, 84, 11431692
0.56, 20.18, 24.49, 494.28, 57, 84, 11443524
0.56, 18.88, 24.09, 454.75, 57, 84, 11455348
0.56, 21.48, 24.17, 519.21, 57, 84, 11467172
0.56, 21.81, 24.03, 524.14, 58, 84, 11479008
0.56, 21.48, 23.82, 511.68, 58, 84, 11490828
0.56, 20.51, 24.03, 492.85, 58, 84, 11502664
0.57, 21.81, 23.90, 521.20, 58, 84, 11514480
0.57, 20.83, 23.95, 498.99, 58, 84, 11526308
0.57, 20.51, 24.03, 492.85, 58, 84, 11538132
0.57, 20.18, 24.41, 492.65, 58, 84, 11549960
0.57, 20.83, 24.06, 501.23, 58, 84, 11561784
0.57, 20.83, 23.98, 499.55, 58, 84, 11573612
0.58, 22.79, 24.46, 557.44, 58, 84, 11585436
0.57, 21.48, 23.57, 506.47, 58, 84, 11597268
0.57, 21.16, 23.74, 502.22, 58, 84, 11609096
0.58, 19.86, 24.54, 487.38, 58, 84, 11620940
0.58, 23.44, 24.17, 566.42, 58, 84, 11632756
0.57, 20.51, 24.36, 499.49, 58, 84, 11644580
0.57, 20.83, 24.30, 506.29, 58, 84, 11656412
0.57, 22.46, 23.82, 534.94, 58, 84, 11668236
0.57, 20.83, 24.46, 509.66, 59, 84, 11680068
0.58, 22.79, 24.36, 554.98, 59, 85, 11691892
0.58, 22.79, 23.38, 532.86, 59, 84, 11703720
0.58, 20.83, 23.84, 496.74, 59, 84, 11715552
0.58, 21.16, 24.87, 526.19, 59, 84, 11727372
0.58, 23.11, 23.79, 549.82, 59, 84, 11739204
0.58, 21.81, 24.60, 536.49, 59, 84, 11751024
0.58, 21.81, 24.49, 534.14, 59, 84, 11762860
0.59, 22.79, 23.49, 535.32, 59, 84, 11774680
0.59, 22.14, 23.68, 524.20, 59, 84, 11786516
0.59, 21.48, 24.38, 523.85, 59, 84, 11798340
0.59, 22.79, 23.90, 544.54, 59, 84, 11810168
0.60, 22.79, 23.79, 542.08, 59, 84, 11821996
0.59, 23.11, 24.09, 556.68, 59, 85, 11833820
0.59, 22.14, 23.92, 529.57, 59, 84, 11845652
0.59, 22.14, 24.30, 537.93, 59, 84, 11857476
0.59, 22.46, 24.09, 541.00, 59, 84, 11869308
0.59, 22.46, 23.63, 530.70, 60, 84, 11881140
0.59, 22.79, 24.33, 554.37, 60, 84, 11892960
0.59, 21.16, 23.74, 502.22, 60, 84, 11904784
0.59, 22.46, 23.63, 530.70, 60, 84, 11916616
0.60, 24.09, 24.63, 593.19, 60, 84, 11928436
0.60, 22.46, 24.06, 540.39, 60, 84, 11940264
0.60, 21.81, 24.63, 537.08, 60, 84, 11952100
0.61, 22.46, 23.68, 531.91, 60, 84, 11963920
0.60, 22.14, 24.17, 534.95, 60, 84, 11975756
0.60, 24.41, 23.98, 585.41, 60, 84, 11987576
0.60, 23.11, 23.41, 541.09, 60, 84, 11999412
0.60, 22.79, 24.46, 557.44, 60, 84, 12011236
0.60, 24.09, 24.11, 580.85, 60, 84, 12023072
0.61, 22.46, 23.98, 538.57, 60, 84, 12034892
0.60, 23.44, 24.27, 568.94, 60, 84, 12046720
0.60, 24.74, 24.17, 597.88, 60, 84, 12058556
0.60, 21.81, 24.25, 528.85, 60, 84, 12070380
0.59, 24.09, 23.71, 571.10, 61, 84, 12082212
0.60, 22.79, 23.92, 545.15, 61, 84, 12094036
0.60, 23.44, 24.25, 568.31, 61, 84, 12105872
0.61, 23.44, 23.41, 548.72, 61, 84, 12117688
0.61, 23.76, 24.38, 579.41, 61, 84, 12129528
0.60, 23.44, 23.25, 544.92, 61, 84, 12141348
0.62, 23.44, 23.92, 560.73, 61, 84, 12153176
0.62, 25.07, 23.95, 600.34, 61, 84, 12165004
0.61, 22.46, 24.06, 540.39, 61, 84, 12176832
0.61, 24.09, 24.57, 591.90, 61, 84, 12188660
0.61, 23.11, 24.27, 561.04, 61, 84, 12200480
0.61, 23.76, 24.19, 574.92, 61, 84, 12212316
0.61, 24.09, 24.11, 580.85, 61, 84, 12224132
0.61, 24.41, 24.46, 597.26, 61, 84, 12235964
0.61, 23.11, 24.11, 557.30, 61, 84, 12247788
0.62, 24.09, 23.87, 575.00, 61, 84, 12259620
0.61, 24.74, 23.71, 586.54, 61, 84, 12271440
0.61, 24.09, 23.55, 567.21, 62, 84, 12283264
0.62, 22.14, 23.95, 530.17, 62, 84, 12295100
0.62, 25.07, 23.92, 599.67, 62, 84, 12306920
0.63, 23.76, 24.22, 575.56, 62, 84, 12318752
0.62, 25.72, 23.14, 595.13, 62, 84, 12330572
0.62, 23.76, 23.92, 568.51, 62, 84, 12342408
0.63, 26.04, 23.25, 605.47, 62, 84, 12354228
0.63, 24.41, 23.98, 585.41, 62, 84, 12366064
0.63, 25.72, 23.71, 609.69, 62, 84, 12377888
0.63, 24.09, 23.92, 576.30, 62, 84, 12389716
0.63, 26.37, 23.30, 614.46, 62, 84, 12401540
0.63, 24.09, 24.03, 578.90, 62, 84, 12413372
0.63, 25.07, 23.74, 594.93, 62, 84, 12425204
0.63, 23.76, 24.33, 578.13, 62, 84, 12437028
0.63, 24.74, 23.92, 591.88, 62, 84, 12448856
0.63, 24.41, 24.06, 587.38, 62, 84, 12460680
0.63, 25.07, 23.92, 599.67, 62, 84, 12472512
0.63, 24.74, 24.03, 594.55, 63, 84, 12484336
0.64, 25.07, 23.79, 596.29, 63, 84, 12496172
0.63, 26.69, 24.14, 644.36, 63, 84, 12507996
0.64, 24.74, 23.38, 578.53, 63, 84, 12519820
0.64, 25.72, 24.30, 624.95, 63, 84, 12531656
0.64, 26.37, 24.09, 635.08, 63, 84, 12543480
0.65, 27.67, 23.65, 654.51, 63, 84, 12555316
0.64, 26.04, 24.57, 639.89, 63, 84, 12567136
0.64, 25.72, 23.30, 599.29, 63, 84, 12578968
0.64, 26.04, 23.90, 622.33, 63, 84, 12590796
0.64, 26.69, 23.57, 629.25, 63, 84, 12602640
0.65, 26.04, 23.90, 622.33, 63, 84, 12614448
0.65, 26.37, 24.01, 632.95, 63, 84, 12626280
0.64, 25.72, 23.36, 600.68, 63, 84, 12638108
0.65, 27.67, 23.47, 649.28, 63, 84, 12649936
0.65, 23.44, 24.17, 566.42, 63, 84, 12661768
0.65, 27.67, 23.36, 646.30, 63, 84, 12673588
0.65, 24.74, 24.14, 597.22, 64, 84, 12685420
0.64, 25.39, 24.65, 625.94, 64, 84, 12697240
0.64, 27.99, 23.92, 669.76, 64, 84, 12709072
0.65, 26.04, 24.09, 627.24, 64, 84, 12720912
0.66, 27.34, 23.57, 644.59, 64, 84, 12732732
0.65, 27.99, 23.82, 666.74, 64, 84, 12744556
0.66, 26.04, 24.14, 628.65, 64, 84, 12756380
0.66, 25.72, 23.71, 609.69, 64, 84, 12768216
0.66, 26.69, 23.71, 632.85, 64, 84, 12780040
0.66, 26.37, 23.74, 625.84, 64, 84, 12791876
0.67, 26.69, 23.68, 632.13, 64, 84, 12803696
0.66, 26.69, 24.33, 649.40, 64, 84, 12815528
0.66, 26.04, 24.03, 625.84, 64, 84, 12827348
0.67, 26.69, 23.38, 624.21, 64, 84, 12839180
0.66, 26.69, 24.81, 662.36, 64, 84, 12851004
0.66, 28.32, 23.52, 666.09, 64, 84, 12862848
0.66, 27.34, 23.82, 651.23, 64, 84, 12874660
0.67, 28.32, 23.38, 662.27, 65, 84, 12886484
0.66, 25.72, 23.79, 611.77, 65, 84, 12898320
0.67, 24.74, 24.84, 614.57, 65, 84, 12910140
0.68, 26.04, 24.41, 635.67, 65, 84, 12921972
0.67, 28.97, 24.11, 698.59, 65, 84, 12933796
0.68, 26.37, 25.22, 664.95, 65, 84, 12945624
0.68, 26.69, 24.41, 651.56, 65, 84, 12957444
0.68, 29.30, 23.76, 696.17, 65, 84, 12969280
0.67, 26.69, 23.87, 637.17, 65, 84, 12981116
0.67, 28.65, 24.01, 687.65, 65, 84, 12992924
0.68, 26.69, 24.25, 647.24, 65, 84, 13004756
0.68, 26.04, 24.27, 632.16, 65, 84, 13016580
0.68, 27.02, 23.52, 635.46, 65, 84, 13028412
0.68, 28.97, 23.14, 670.46, 65, 84, 13040232
0.68, 27.34, 24.52, 670.41, 65, 84, 13052068
0.68, 27.02, 24.68, 666.80, 65, 84, 13063884
0.68, 28.65, 23.82, 682.24, 65, 84, 13075720
0.68, 27.34, 24.03, 657.13, 66, 84, 13087540
0.68, 29.30, 24.71, 723.82, 66, 84, 13099368
0.68, 27.34, 23.98, 655.66, 66, 84, 13111196
0.68, 28.32, 24.46, 692.82, 66, 84, 13123024
0.69, 29.30, 23.44, 686.68, 66, 84, 13134856
0.70, 26.37, 23.60, 622.28, 66, 84, 13146680
0.70, 27.02, 23.95, 647.12, 66, 84, 13158516
0.69, 26.69, 24.54, 655.16, 66, 84, 13170336
0.69, 26.04, 23.49, 611.79, 66, 84, 13182172
0.69, 26.37, 24.11, 635.80, 66, 84, 13193992
0.70, 28.32, 24.60, 696.64, 66, 84, 13205828
0.69, 29.30, 24.11, 706.44, 66, 84, 13217652
0.70, 27.67, 23.87, 660.48, 66, 84, 13229480
0.69, 27.67, 24.25, 670.92, 66, 84, 13241332
0.69, 26.69, 23.36, 623.49, 66, 85, 13253136
0.69, 29.62, 23.44, 694.31, 66, 84, 13264968
0.70, 27.02, 23.57, 636.92, 66, 84, 13276792
0.70, 29.30, 23.60, 691.43, 67, 84, 13288624
0.69, 30.27, 24.33, 736.52, 67, 84, 13300452
0.70, 27.34, 24.52, 670.41, 67, 84, 13312284
0.70, 28.97, 23.71, 686.87, 67, 84, 13324108
0.70, 28.32, 23.47, 664.56, 67, 84, 13335936
0.71, 29.62, 24.03, 711.89, 67, 84, 13347772
0.71, 28.65, 23.84, 683.01, 67, 84, 13359592
0.71, 29.62, 23.82, 705.50, 67, 84, 13371428
0.71, 31.25, 23.44, 732.46, 67, 84, 13383248
0.71, 28.97, 24.14, 699.37, 67, 84, 13395084
0.71, 28.65, 24.09, 689.97, 67, 84, 13406908
0.71, 29.30, 23.41, 685.89, 67, 84, 13418740
0.71, 30.92, 24.22, 749.02, 67, 84, 13430560
0.71, 29.95, 24.54, 735.06, 67, 84, 13442392
0.71, 27.99, 23.90, 669.00, 67, 84, 13454220
0.71, 28.65, 23.41, 670.65, 67, 84, 13466044
0.71, 29.30, 24.06, 704.86, 67, 84, 13477880
0.71, 29.62, 23.14, 685.53, 68, 84, 13489704
0.71, 28.97, 23.17, 671.24, 68, 84, 13501536
0.72, 31.58, 23.55, 743.50, 68, 84, 13513360
0.72, 30.60, 24.44, 747.74, 68, 84, 13525192
0.71, 30.60, 23.09, 706.47, 68, 84, 13537016
0.71, 28.97, 24.25, 702.50, 68, 84, 13548852
0.72, 30.60, 23.95, 732.88, 68, 84, 13560676
0.72, 28.97, 24.22, 701.72, 68, 84, 13572504
0.73, 29.95, 24.17, 723.75, 68, 84, 13584336
0.72, 29.62, 24.71, 731.87, 68, 84, 13596156
0.73, 29.95, 24.06, 720.52, 68, 84, 13607992
0.72, 29.95, 24.30, 727.79, 68, 84, 13619808
0.72, 30.27, 24.95, 755.30, 68, 84, 13631644
0.73, 31.25, 23.90, 746.79, 68, 84, 13643464
0.72, 29.62, 23.47, 695.11, 68, 84, 13655296
0.72, 32.23, 23.76, 765.78, 68, 84, 13667112
0.72, 29.95, 23.44, 701.94, 68, 84, 13678944
0.72, 32.23, 23.87, 769.26, 69, 84, 13690768
0.72, 31.58, 24.11, 761.38, 69, 84, 13702596
0.72, 31.90, 23.68, 755.47, 69, 84, 13714428
0.72, 29.30, 23.98, 702.49, 69, 84, 13726248
0.72, 32.55, 23.33, 759.47, 69, 84, 13738080
0.72, 29.62, 23.65, 700.71, 69, 84, 13749904
0.74, 29.30, 24.41, 715.13, 69, 84, 13761736
0.74, 29.95, 23.65, 708.41, 69, 84, 13773556
0.73, 29.95, 23.65, 708.41, 69, 84, 13785388
0.74, 30.60, 24.11, 737.84, 69, 84, 13797208
0.74, 30.60, 24.06, 736.19, 69, 84, 13809036
0.74, 30.27, 24.22, 733.25, 69, 84, 13820868
0.74, 31.25, 23.65, 739.21, 69, 84, 13832688
0.74, 30.92, 23.60, 729.84, 69, 84, 13844524
0.74, 30.92, 23.38, 723.17, 69, 84, 13856344
0.73, 30.27, 23.57, 713.66, 69, 84, 13868180
0.74, 30.27, 23.98, 725.90, 69, 84, 13880000
0.74, 28.65, 23.63, 676.83, 70, 84, 13891840
0.74, 30.60, 24.30, 743.61, 70, 84, 13903660
0.74, 30.27, 24.11, 729.99, 70, 84, 13915488
0.74, 30.27, 23.30, 705.49, 70, 84, 13927316
0.75, 30.27, 23.30, 705.49, 70, 84, 13939144
0.75, 31.58, 23.25, 734.13, 70, 84, 13950976
0.75, 31.58, 23.68, 747.76, 70, 84, 13962816
0.75, 29.62, 24.38, 722.28, 70, 84, 13974632
0.75, 32.23, 24.03, 774.48, 70, 84, 13986456
0.75, 31.25, 23.55, 735.83, 70, 84, 13998296
0.76, 32.88, 23.90, 785.69, 70, 84, 14010116
0.75, 31.90, 24.33, 776.12, 70, 84, 14021948
0.75, 30.27, 23.65, 716.11, 70, 84, 14033768
0.75, 31.25, 24.63, 769.55, 70, 84, 14045596
0.75, 31.90, 23.79, 758.91, 70, 84, 14057432
0.75, 32.55, 23.84, 776.15, 70, 84, 14069256
0.75, 30.60, 23.57, 721.33, 70, 84, 14081108
0.76, 30.27, 23.28, 704.67, 71, 84, 14092908
0.76, 30.92, 23.33, 721.50, 71, 84, 14104748
0.75, 32.55, 23.92, 778.79, 71, 84, 14116568
0.75, 32.55, 24.52, 798.10, 71, 84, 14128404
0.76, 32.55, 23.22, 755.96, 71, 84, 14140228
0.76, 31.25, 23.60, 737.52, 71, 84, 14152056
0.76, 32.23, 24.36, 784.91, 71, 84, 14163884
0.76, 32.23, 24.54, 790.99, 71, 84, 14175716
0.76, 33.53, 23.55, 789.49, 71, 84, 14187548
0.77, 30.92, 24.14, 746.52, 71, 84, 14199368
0.77, 31.90, 24.25, 773.54, 71, 84, 14211200
0.77, 31.90, 24.06, 767.51, 71, 84, 14223036
0.78, 33.53, 23.22, 778.64, 71, 84, 14234856
0.77, 31.58, 24.01, 757.98, 71, 84, 14246676
0.77, 33.53, 23.87, 800.34, 71, 84, 14258508
0.77, 33.20, 23.41, 777.35, 71, 84, 14270332
0.77, 31.25, 23.74, 741.73, 71, 84, 14282160
0.77, 32.23, 23.82, 767.52, 72, 84, 14293992
0.77, 31.25, 23.52, 734.99, 72, 84, 14305816
0.77, 34.18, 23.57, 805.74, 72, 84, 14317652
0.77, 32.55, 24.03, 782.30, 72, 84, 14329476
0.77, 32.55, 24.06, 783.18, 72, 84, 14341324
0.77, 33.20, 22.98, 763.02, 72, 84, 14353132
0.78, 32.23, 23.60, 760.57, 72, 84, 14364968
0.78, 33.53, 23.90, 801.25, 72, 84, 14376788
0.78, 35.16, 24.49, 861.00, 72, 84, 14388620
0.78, 32.55, 23.68, 770.88, 72, 84, 14400452
0.78, 33.85, 23.87, 808.11, 72, 84, 14412280
0.78, 33.85, 23.74, 803.55, 72, 84, 14424112
0.78, 32.23, 23.90, 770.13, 72, 84, 14435932
0.79, 32.55, 24.19, 787.57, 72, 84, 14447772
0.78, 32.88, 23.20, 762.63, 72, 84, 14459592
0.78, 33.20, 23.17, 769.29, 72, 84, 14471428
0.79, 33.85, 23.90, 809.02, 72, 84, 14483264
0.78, 34.51, 23.41, 807.83, 73, 84, 14495072
0.79, 32.23, 23.36, 752.75, 73, 84, 14506900
0.78, 33.53, 24.11, 808.48, 73, 84, 14518732
0.78, 35.48, 23.20, 823.04, 73, 84, 14530564
0.80, 35.81, 24.25, 868.25, 73, 84, 14542384
0.79, 34.18, 24.11, 824.18, 73, 84, 14554216
0.80, 32.88, 23.49, 772.39, 73, 84, 14566040
0.80, 33.20, 23.36, 775.56, 73, 84, 14577868
0.79, 34.18, 24.33, 831.55, 73, 84, 14589696
0.80, 34.18, 23.76, 812.19, 73, 84, 14601540
0.80, 33.53, 23.76, 796.72, 73, 85, 14613344
0.80, 34.51, 23.82, 821.79, 73, 84, 14625176
0.79, 34.83, 23.17, 807.00, 73, 84, 14637008
0.79, 33.85, 23.74, 803.55, 73, 84, 14648828
0.80, 36.13, 23.09, 834.24, 73, 84, 14660660
0.79, 35.81, 24.14, 864.39, 73, 84, 14672484
0.80, 33.85, 23.52, 796.24, 73, 84, 14684316
0.80, 34.18, 23.79, 813.12, 74, 84, 14696144
0.80, 36.13, 24.22, 875.17, 74, 84, 14707976
0.80, 32.55, 23.57, 767.37, 74, 84, 14719800
0.80, 33.53, 24.52, 822.05, 74, 84, 14731628
0.81, 32.88, 23.49, 772.39, 74, 84, 14743460
0.81, 35.16, 23.36, 821.18, 74, 84, 14755288
0.81, 35.16, 23.22, 816.44, 74, 84, 14767120
0.81, 37.11, 24.52, 909.84, 74, 84, 14778940
0.81, 36.13, 22.82, 824.50, 74, 84, 14790776
0.81, 34.83, 23.76, 827.66, 74, 84, 14802596
0.81, 35.16, 23.38, 822.12, 74, 84, 14814428
0.81, 34.51, 23.63, 815.28, 74, 84, 14826252
0.81, 35.81, 23.01, 823.83, 74, 84, 14838084
0.81, 36.46, 23.65, 862.41, 74, 84, 14849908
0.81, 34.18, 24.01, 820.49, 74, 84, 14861732
0.81, 37.76, 23.14, 873.86, 74, 84, 14873564
0.81, 34.83, 24.49, 853.03, 74, 84, 14885388
0.80, 35.48, 22.79, 808.68, 75, 84, 14897220
0.81, 36.46, 23.84, 869.29, 75, 84, 14909040
0.81, 37.43, 23.68, 886.52, 75, 84, 14920872
0.81, 37.43, 23.03, 862.28, 75, 84, 14932696
0.82, 34.83, 23.44, 816.39, 75, 84, 14944528
0.82, 35.48, 23.57, 836.44, 75, 84, 14956348
0.82, 37.43, 24.84, 929.93, 75, 84, 14968176
0.82, 36.13, 24.25, 876.15, 75, 84, 14980000
0.81, 37.76, 23.84, 900.34, 75, 84, 14991828
0.81, 36.13, 24.44, 882.97, 75, 84, 15003660
0.82, 35.48, 24.11, 855.58, 75, 84, 15015484
0.82, 35.81, 24.33, 871.15, 75, 84, 15027320
0.81, 33.53, 23.52, 788.59, 75, 84, 15039140
0.82, 35.81, 23.20, 830.59, 75, 84, 15050976
0.82, 34.83, 23.60, 822.03, 75, 84, 15062796
0.82, 36.46, 22.93, 835.86, 75, 84, 15074632
0.82, 36.13, 23.47, 847.89, 75, 84, 15086448
0.82, 35.48, 24.33, 863.23, 76, 84, 15098280
0.82, 36.13, 24.01, 867.38, 76, 84, 15110112
0.82, 36.78, 22.63, 832.41, 76, 84, 15121936
0.82, 34.18, 23.52, 803.90, 76, 84, 15133772
0.83, 35.81, 24.25, 868.25, 76, 84, 15145588
0.83, 35.48, 23.03, 817.30, 76, 84, 15157424
0.83, 35.16, 24.14, 848.68, 76, 84, 15169248
0.83, 36.78, 23.01, 846.30, 76, 84, 15181080
0.83, 39.39, 23.71, 933.83, 76, 84, 15192908
0.83, 34.83, 24.38, 849.27, 76, 84, 15204732
0.83, 36.78, 22.76, 837.37, 76, 84, 15216568
0.83, 39.71, 23.22, 922.27, 76, 84, 15228388
0.83, 36.13, 24.57, 887.84, 76, 84, 15240224
0.83, 35.81, 23.03, 824.79, 76, 84, 15252048
0.82, 39.06, 23.79, 929.28, 76, 84, 15263876
0.83, 36.46, 23.17, 844.71, 76, 84, 15275700
0.83, 38.41, 24.46, 939.69, 76, 84, 15287532
0.82, 35.81, 23.65, 847.01, 77, 84, 15299356
0.83, 38.74, 23.41, 906.90, 77, 84, 15311180
0.83, 40.04, 23.79, 952.51, 77, 84, 15323008
0.84, 36.46, 23.44, 854.54, 77, 84, 15334836
0.83, 38.09, 24.09, 917.34, 77, 84, 15346672
0.84, 35.81, 22.90, 819.96, 77, 84, 15358496
0.84, 37.43, 23.33, 873.39, 77, 84, 15370328
0.84, 39.71, 24.30, 965.12, 77, 84, 15382152
0.84, 37.76, 22.93, 865.71, 77, 84, 15393984
0.84, 35.48, 23.25, 824.95, 77, 84, 15405804
0.85, 37.76, 23.20, 875.89, 77, 84, 15417640
0.84, 40.36, 24.36, 983.11, 77, 84, 15429460
0.84, 38.74, 24.03, 930.94, 77, 84, 15441292
0.84, 38.74, 23.20, 898.55, 77, 84, 15453124
0.84, 36.78, 23.09, 849.27, 77, 84, 15464948
0.84, 37.11, 23.30, 864.80, 77, 84, 15476780
0.84, 39.06, 24.41, 953.51, 77, 84, 15488608
0.84, 40.04, 23.63, 946.03, 78, 84, 15500440
0.85, 36.13, 23.33, 843.01, 78, 84, 15512260
0.85, 38.41, 23.20, 891.00, 78, 84, 15524092
0.85, 38.41, 23.14, 888.92, 78, 84, 15535912
0.85, 40.04, 23.12, 925.51, 78, 84, 15547740
0.85, 41.67, 23.84, 993.48, 78, 84, 15559564
0.85, 37.43, 22.85, 855.22, 78, 84, 15571388
0.86, 39.06, 24.14, 942.97, 78, 84, 15583244
0.85, 37.76, 22.93, 865.71, 78, 85, 15595044
0.85, 39.71, 23.47, 931.91, 78, 84, 15606876
0.86, 39.06, 24.19, 945.08, 78, 84, 15618696
0.86, 41.02, 24.57, 1007.82, 78, 84, 15630532
0.86, 38.41, 23.36, 897.21, 78, 84, 15642352
0.85, 38.09, 22.87, 871.12, 78, 84, 15654184
0.85, 41.02, 24.60, 1008.93, 78, 84, 15666008
0.86, 40.04, 23.92, 957.91, 78, 84, 15677840
0.85, 39.71, 22.85, 907.27, 78, 84, 15689676
0.85, 37.76, 23.33, 880.99, 79, 84, 15701512
0.86, 41.99, 23.33, 979.72, 79, 84, 15713324
0.85, 38.74, 24.01, 929.89, 79, 84, 15725148
0.85, 41.67, 23.76, 990.10, 79, 84, 15736984
0.85, 42.32, 23.49, 994.16, 79, 84, 15748804
0.86, 41.34, 23.25, 961.18, 79, 84, 15760640
0.87, 41.99, 23.06, 968.39, 79, 84, 15772460
0.86, 42.97, 23.63, 1015.25, 79, 84, 15784284
0.86, 41.67, 23.65, 985.61, 79, 84, 15796116
0.87, 40.69, 23.92, 973.48, 79, 84, 15807940
0.87, 39.71, 23.60, 937.27, 79, 84, 15819768
0.87, 39.06, 22.68, 886.08, 79, 84, 15831596
0.86, 42.32, 23.98, 1014.71, 79, 84, 15843440
0.87, 40.04, 24.33, 974.11, 79, 84, 15855244
0.88, 38.41, 23.47, 901.36, 79, 84, 15867076
0.87, 38.74, 23.68, 917.35, 79, 84, 15878900
0.87, 39.06, 22.82, 891.35, 79, 84, 15890728
0.86, 38.09, 23.63, 899.88, 80, 84, 15902552
0.87, 38.41, 23.17, 889.96, 80, 84, 15914380
0.87, 42.32, 24.46, 1035.25, 80, 84, 15926216
0.87, 42.97, 23.98, 1030.32, 80, 84, 15938040
0.87, 43.62, 23.87, 1041.22, 80, 84, 15949872
0.87, 39.39, 23.68, 932.77, 80, 84, 15961708
0.88, 41.34, 24.01, 992.40, 80, 84, 15973528
0.87, 40.04, 23.20, 928.75, 80, 84, 15985352
0.88, 41.02, 22.85, 937.02, 80, 84, 15997188
0.88, 41.67, 22.63, 942.90, 80, 84, 16009012
0.87, 41.34, 23.55, 973.45, 80, 84, 16020836
0.88, 41.67, 23.06, 960.88, 80, 84, 16032668
0.87, 42.32, 23.63, 999.87, 80, 84, 16044496
0.87, 40.04, 24.14, 966.55, 80, 84, 16056328
0.87, 40.69, 23.92, 973.48, 80, 84, 16068148
0.88, 39.71, 23.79, 944.76, 80, 84, 16079980
0.88, 41.02, 22.90, 939.23, 80, 84, 16091800
0.88, 41.67, 24.60, 1024.94, 81, 84, 16103652
0.87, 39.71, 23.41, 929.77, 81, 85, 16115456
0.88, 41.02, 22.87, 938.13, 81, 84, 16127292
0.88, 40.69, 23.76, 966.90, 81, 84, 16139108
0.88, 42.97, 23.22, 997.87, 81, 84, 16150940
0.88, 42.97, 23.47, 1008.30, 81, 84, 16162772
0.89, 43.62, 23.20, 1011.81, 81, 84, 16174592
0.90, 43.62, 23.38, 1020.04, 81, 84, 16186428
0.89, 43.29, 23.84, 1032.28, 81, 84, 16198248
0.89, 43.29, 24.38, 1055.64, 81, 84, 16210076
0.89, 42.32, 23.57, 997.58, 81, 84, 16221900
0.89, 43.62, 23.84, 1040.04, 81, 84, 16233732
0.89, 43.62, 24.25, 1057.69, 81, 84, 16245556
0.88, 42.32, 23.90, 1011.28, 81, 84, 16257380
0.89, 44.27, 23.63, 1046.01, 81, 84, 16269208
0.89, 41.34, 22.68, 937.77, 81, 84, 16281036
0.89, 41.34, 22.95, 948.92, 81, 84, 16292868
0.88, 41.67, 23.60, 983.36, 82, 84, 16304688
0.88, 43.62, 24.71, 1077.69, 82, 84, 16316520
0.89, 41.99, 23.01, 966.13, 82, 84, 16328340
0.90, 43.29, 24.14, 1045.13, 82, 84, 16340176
0.90, 44.60, 23.90, 1065.73, 82, 84, 16351996
0.88, 42.32, 23.20, 981.60, 82, 84, 16363828
0.89, 42.97, 23.03, 989.75, 82, 84, 16375648
0.90, 44.27, 24.38, 1079.45, 82, 84, 16387476
0.90, 42.64, 23.03, 982.25, 82, 84, 16399308
0.90, 42.32, 23.01, 973.61, 82, 84, 16411132
0.90, 44.60, 23.79, 1060.92, 82, 84, 16422960
0.90, 44.92, 23.98, 1077.15, 82, 84, 16434784
0.90, 44.60, 23.60, 1052.50, 82, 84, 16446620
0.90, 44.27, 23.71, 1049.60, 82, 84, 16458440
0.89, 44.27, 23.90, 1057.96, 82, 84, 16470272
0.90, 44.27, 24.01, 1062.73, 82, 84, 16482092
0.90, 42.64, 23.76, 1013.31, 82, 84, 16493916
0.89, 43.62, 23.20, 1011.81, 83, 84, 16505744
0.90, 42.32, 23.01, 973.61, 83, 84, 16517572
0.90, 42.97, 24.33, 1045.38, 83, 84, 16529404
0.91, 44.60, 23.09, 1029.65, 83, 84, 16541224
0.91, 42.32, 22.85, 966.77, 83, 84, 16553052
0.90, 44.27, 23.68, 1048.40, 83, 84, 16564876
0.91, 43.29, 23.03, 997.25, 83, 84, 16576708
0.90, 44.27, 23.14, 1024.52, 83, 84, 16588532
0.91, 44.60, 23.92, 1066.94, 83, 84, 16600364
0.91, 44.27, 23.57, 1043.63, 83, 84, 16612192
0.91, 42.97, 24.14, 1037.27, 83, 84, 16624016
0.91, 46.88, 23.65, 1108.81, 83, 84, 16635852
0.91, 45.25, 24.49, 1108.14, 83, 84, 16647672
0.91, 46.88, 24.22, 1135.36, 83, 84, 16659512
0.91, 43.95, 23.98, 1053.73, 83, 84, 16671332
0.91, 44.27, 23.87, 1056.76, 83, 84, 16683164
0.90, 45.25, 24.01, 1086.17, 83, 84, 16694984
0.92, 44.92, 23.60, 1060.19, 84, 84, 16706816
0.91, 45.25, 23.38, 1058.10, 84, 84, 16718640
0.90, 43.95, 23.14, 1016.99, 84, 84, 16730464
0.92, 45.90, 23.01, 1056.00, 84, 84, 16742292
0.91, 44.60, 23.20, 1034.46, 84, 84, 16754124
0.92, 44.92, 22.71, 1020.20, 84, 84, 16765956
0.91, 43.29, 22.79, 986.74, 84, 84, 16777780
0.91, 44.60, 22.98, 1024.84, 84, 84, 16789616
0.92, 44.27, 22.95, 1016.16, 84, 84, 16801436
0.92, 46.22, 24.11, 1114.60, 84, 84, 16813272
0.92, 44.92, 23.25, 1044.43, 84, 84, 16825092
0.91, 46.22, 23.14, 1069.72, 84, 84, 16836932
0.92, 45.90, 22.85, 1048.57, 84, 84, 16848752
0.91, 45.25, 22.76, 1030.04, 84, 84, 16860580
0.92, 43.29, 23.36, 1011.26, 84, 84, 16872416
0.92, 46.88, 23.84, 1117.66, 84, 84, 16884240
0.91, 44.92, 23.65, 1062.61, 84, 84, 16896068
0.92, 47.20, 22.95, 1083.41, 85, 84, 16907892
0.91, 45.90, 24.19, 1110.47, 85, 84, 16919724
0.91, 45.25, 22.95, 1038.58, 85, 84, 16931544
0.91, 46.55, 23.25, 1082.28, 85, 84, 16943376
0.92, 46.22, 23.60, 1090.92, 85, 84, 16955200
0.92, 46.22, 22.79, 1053.51, 85, 84, 16967024
0.92, 46.22, 23.65, 1093.41, 85, 84, 16978848
0.93, 44.27, 22.79, 1009.00, 85, 84, 16990676
0.92, 45.90, 23.84, 1094.38, 85, 84, 17002508
0.92, 46.88, 23.22, 1088.58, 85, 85, 17014328
0.92, 47.53, 23.03, 1094.73, 85, 84, 17026164
0.92, 47.20, 23.25, 1097.41, 85, 84, 17037984
0.92, 46.88, 23.68, 1110.07, 85, 84, 17049812
0.92, 46.22, 23.28, 1075.95, 85, 84, 17061648
0.93, 47.85, 23.09, 1104.81, 85, 84, 17073468
0.92, 47.20, 23.25, 1097.41, 85, 84, 17085288
0.92, 45.90, 23.57, 1082.00, 85, 84, 17097112
0.92, 47.53, 23.28, 1106.26, 86, 84, 17108944
0.92, 46.55, 22.68, 1055.91, 86, 84, 17120764
0.92, 46.88, 24.01, 1125.25, 86, 84, 17132600
0.92, 46.88, 22.95, 1075.94, 86, 84, 17144420
0.92, 48.18, 23.41, 1127.91, 86, 84, 17156256
0.93, 47.20, 23.25, 1097.41, 86, 84, 17168072
0.93, 46.88, 23.82, 1116.40, 86, 84, 17179908
0.93, 47.20, 23.55, 1111.42, 86, 84, 17191728
0.93, 47.53, 22.93, 1089.60, 86, 84, 17203572
0.92, 47.53, 23.90, 1135.75, 86, 84, 17215380
0.92, 46.55, 22.87, 1064.70, 86, 84, 17227208
0.93, 47.85, 24.03, 1149.98, 86, 84, 17239040
0.93, 47.20, 22.90, 1080.86, 86, 84, 17250864
0.93, 47.20, 23.17, 1093.59, 86, 84, 17262692
0.93, 47.20, 23.30, 1099.96, 86, 84, 17274516
0.93, 47.85, 22.93, 1097.06, 86, 84, 17286352
0.93, 48.83, 23.33, 1139.21, 86, 84, 17298168
0.92, 48.18, 23.79, 1146.11, 87, 84, 17310004
0.92, 47.53, 22.63, 1075.50, 87, 84, 17321844
0.93, 48.18, 23.95, 1153.90, 87, 84, 17333648
0.93, 49.15, 23.12, 1136.19, 87, 84, 17345484
0.93, 48.50, 23.01, 1115.91, 87, 84, 17357304
0.93, 48.50, 23.33, 1131.61, 87, 84, 17369140
0.93, 48.50, 23.38, 1134.23, 87, 84, 17380960
0.94, 48.18, 23.41, 1127.91, 87, 84, 17392792
0.93, 47.20, 23.25, 1097.41, 87, 84, 17404612
0.93, 46.22, 23.25, 1074.71, 87, 84, 17416444
0.94, 47.20, 23.44, 1106.32, 87, 84, 17428268
0.94, 47.20, 23.06, 1088.50, 87, 84, 17440096
0.93, 48.18, 24.19, 1165.60, 87, 84, 17451924
0.93, 48.50, 23.63, 1146.00, 87, 84, 17463768
0.94, 48.83, 23.28, 1136.57, 87, 84, 17475584
0.93, 49.48, 22.87, 1131.71, 87, 84, 17487408
0.93, 47.85, 23.57, 1128.04, 87, 84, 17499244
0.94, 48.50, 23.09, 1119.84, 88, 84, 17511064
0.93, 47.53, 22.66, 1076.78, 88, 84, 17522900
0.93, 49.15, 24.01, 1179.95, 88, 84, 17534724
0.94, 48.50, 23.60, 1144.69, 88, 84, 17546560
0.94, 48.83, 23.68, 1156.33, 88, 84, 17558380
0.94, 49.48, 23.41, 1158.40, 88, 84, 17570208
0.94, 49.80, 23.09, 1149.90, 88, 84, 17582060
0.93, 50.78, 23.49, 1192.99, 88, 85, 17593868
0.93, 49.15, 23.14, 1137.52, 88, 84, 17605704
0.94, 49.48, 23.74, 1174.41, 88, 84, 17617528
0.95, 48.83, 23.30, 1137.89, 88, 84, 17629360
0.95, 49.48, 22.98, 1137.05, 88, 84, 17641184
0.94, 49.15, 23.20, 1140.17, 88, 84, 17653020
0.94, 48.50, 23.55, 1142.08, 88, 84, 17664840
0.94, 48.50, 23.71, 1149.93, 88, 84, 17676672
0.94, 47.85, 23.49, 1124.17, 88, 84, 17688504
0.94, 49.15, 23.47, 1153.43, 88, 84, 17700328
0.94, 48.83, 23.33, 1139.21, 89, 84, 17712164
0.93, 48.18, 23.76, 1144.81, 89, 84, 17724000
0.93, 49.80, 23.12, 1151.24, 89, 84, 17735820
0.94, 50.46, 23.57, 1189.43, 89, 84, 17747640
0.94, 50.78, 22.79, 1157.38, 89, 84, 17759480
0.94, 51.11, 23.17, 1184.10, 89, 84, 17771300
0.94, 51.76, 22.60, 1169.87, 89, 84, 17783132
0.95, 49.48, 23.22, 1149.06, 89, 84, 17794956
0.93, 49.80, 23.68, 1179.45, 89, 84, 17806788
0.94, 48.83, 23.63, 1153.69, 89, 84, 17818624
0.95, 50.78, 23.41, 1188.88, 89, 84, 17830448
0.94, 49.80, 23.44, 1167.36, 89, 84, 17842280
0.95, 50.46, 23.06, 1163.57, 89, 84, 17854100
0.95, 50.13, 22.98, 1152.01, 89, 84, 17865940
0.95, 49.80, 23.55, 1172.74, 89, 84, 17877760
0.94, 49.80, 23.28, 1159.30, 89, 84, 17889596
0.94, 48.83, 23.84, 1164.23, 89, 84, 17901416
0.94, 50.46, 23.17, 1169.01, 90, 84, 17913248
0.93, 51.11, 23.49, 1200.64, 90, 84, 17925080
0.94, 49.80, 22.74, 1132.44, 90, 84, 17936908
0.94, 50.78, 23.25, 1180.66, 90, 84, 17948744
0.95, 52.08, 22.87, 1191.27, 90, 84, 17960564
0.95, 50.46, 22.36, 1128.19, 90, 84, 17972400
0.95, 50.46, 23.20, 1170.37, 90, 84, 17984224
0.95, 50.46, 23.28, 1174.46, 90, 84, 17996060
0.95, 50.46, 23.87, 1204.40, 90, 84, 18007880
0.96, 51.43, 23.01, 1183.32, 90, 84, 18019708
0.96, 51.76, 22.74, 1176.85, 90, 84, 18031544
0.95, 51.11, 24.09, 1230.97, 90, 84, 18043368
0.95, 51.11, 23.03, 1177.21, 90, 84, 18055200
0.95, 51.11, 23.22, 1186.85, 90, 84, 18067020
0.96, 50.78, 23.03, 1169.71, 90, 84, 18078852
0.95, 50.78, 23.06, 1171.08, 90, 84, 18090676
0.95, 49.80, 23.38, 1164.68, 90, 84, 18102512
0.95, 50.78, 23.52, 1194.36, 91, 84, 18114332
0.95, 49.80, 23.25, 1157.96, 91, 84, 18126164
0.95, 50.13, 23.20, 1162.82, 91, 84, 18137996
0.95, 51.11, 23.33, 1192.37, 91, 84, 18149824
0.96, 52.73, 23.57, 1243.14, 91, 84, 18161656
0.95, 50.13, 23.01, 1153.36, 91, 84, 18173476
0.95, 51.43, 23.63, 1215.22, 91, 84, 18185308
0.96, 51.76, 23.25, 1203.37, 91, 84, 18197132
0.95, 52.73, 23.38, 1233.19, 91, 84, 18208964
0.96, 51.43, 23.25, 1195.80, 91, 84, 18220784
0.96, 50.78, 23.57, 1197.10, 91, 84, 18232620
0.96, 52.41, 22.95, 1202.96, 91, 84, 18244440
0.96, 51.11, 22.71, 1160.66, 91, 84, 18256268
0.96, 52.08, 23.03, 1199.70, 91, 84, 18268100
0.96, 51.43, 23.28, 1197.19, 91, 84, 18279924
0.95, 51.43, 23.76, 1222.16, 91, 84, 18291756
0.96, 51.43, 23.01, 1183.32, 91, 84, 18303580
0.95, 52.41, 23.55, 1234.06, 92, 84, 18315412
0.95, 50.46, 23.44, 1182.62, 92, 84, 18327232
0.95, 52.41, 23.03, 1207.20, 92, 84, 18339064
0.95, 51.76, 23.60, 1221.52, 92, 84, 18350888
0.96, 53.71, 23.33, 1253.13, 92, 84, 18362716
0.96, 51.43, 23.47, 1206.90, 92, 85, 18374540
0.96, 52.73, 22.79, 1201.90, 92, 84, 18386372
0.95, 51.76, 23.12, 1196.39, 92, 84, 18398204
0.96, 53.71, 23.03, 1237.19, 92, 84, 18410024
0.97, 51.76, 22.74, 1176.85, 92, 84, 18421872
0.97, 52.08, 23.63, 1230.61, 92, 84, 18433676
0.97, 52.41, 22.90, 1200.13, 92, 84, 18445512
0.96, 54.04, 23.03, 1244.69, 92, 84, 18457332
0.97, 54.69, 22.68, 1240.51, 92, 84, 18469164
0.96, 51.76, 23.06, 1193.60, 92, 84, 18480984
0.96, 51.43, 23.03, 1184.70, 92, 84, 18492812
0.96, 52.08, 23.52, 1224.99, 92, 84, 18504644
0.96, 53.06, 22.95, 1217.90, 93, 84, 18516464
0.97, 52.08, 22.60, 1177.22, 93, 84, 18528300
0.96, 54.04, 22.93, 1238.86, 93, 84, 18540120
0.96, 54.36, 22.63, 1230.19, 93, 84, 18551952
0.97, 52.73, 23.41, 1234.61, 93, 84, 18563784
0.96, 51.76, 22.85, 1182.43, 93, 84, 18575604
0.97, 52.41, 23.03, 1207.20, 93, 84, 18587424
0.96, 54.69, 23.30, 1274.44, 93, 84, 18599252
0.96, 52.41, 23.33, 1222.75, 93, 84, 18611076
0.96, 52.73, 23.12, 1218.96, 93, 84, 18622908
0.97, 53.06, 22.79, 1209.31, 93, 84, 18634736
0.97, 52.73, 23.33, 1230.34, 93, 84, 18646564
0.97, 53.06, 23.28, 1235.07, 93, 84, 18658396
0.97, 51.76, 23.22, 1201.97, 93, 84, 18670220
0.96, 53.39, 23.30, 1244.09, 93, 84, 18682068
0.97, 55.34, 23.06, 1276.17, 93, 84, 18693876
0.97, 51.43, 23.44, 1205.51, 93, 84, 18705708
0.96, 54.04, 23.41, 1265.09, 94, 84, 18717528
0.97, 52.41, 22.93, 1201.54, 94, 84, 18729356
0.96, 53.06, 22.76, 1207.88, 94, 84, 18741188
0.97, 53.71, 22.90, 1229.95, 94, 84, 18753012
0.98, 55.34, 22.71, 1256.77, 94, 84, 18764840
0.97, 55.01, 22.66, 1246.41, 94, 84, 18776660
0.97, 53.71, 23.20, 1245.88, 94, 84, 18788496
0.97, 53.06, 23.44, 1243.66, 94, 84, 18800316
0.98, 53.71, 23.09, 1240.09, 94, 84, 18812152
0.97, 55.01, 22.68, 1247.89, 94, 84, 18823988
0.97, 55.34, 22.79, 1261.25, 94, 84, 18835796
0.98, 54.36, 23.47, 1275.65, 94, 84, 18847624
0.98, 52.73, 23.44, 1236.03, 94, 84, 18859452
0.98, 53.71, 23.06, 1238.64, 94, 84, 18871284
0.98, 53.39, 23.17, 1236.89, 94, 84, 18883104
0.97, 54.04, 22.98, 1241.77, 94, 84, 18894940
0.98, 54.36, 22.90, 1244.86, 94, 84, 18906760
0.98, 54.36, 23.03, 1252.19, 95, 84, 18918592
0.98, 54.04, 23.09, 1247.60, 95, 84, 18930416
0.98, 53.39, 23.06, 1231.13, 95, 84, 18942264
0.97, 54.69, 23.03, 1259.69, 95, 85, 18954068
0.98, 56.32, 22.95, 1292.62, 95, 84, 18965896
0.98, 54.36, 22.90, 1244.86, 95, 84, 18977728
0.98, 54.36, 23.09, 1255.12, 95, 84, 18989548
0.98, 54.69, 23.20, 1268.54, 95, 84, 19001380
0.98, 55.99, 23.20, 1298.74, 95, 84, 19013200
0.98, 55.01, 23.55, 1295.38, 95, 84, 19025036
0.99, 54.04, 22.93, 1238.86, 95, 84, 19036852
0.98, 54.36, 22.90, 1244.86, 95, 84, 19048688
0.98, 57.62, 22.85, 1316.29, 95, 84, 19060508
0.98, 54.69, 22.76, 1244.93, 95, 84, 19072340
0.98, 55.34, 23.71, 1312.00, 95, 84, 19084184
0.99, 54.36, 23.22, 1262.45, 95, 84, 19095996
0.98, 55.99, 23.36, 1307.80, 95, 84, 19107832
0.98, 55.01, 22.98, 1264.22, 96, 84, 19119656
0.98, 54.69, 23.01, 1258.21, 96, 84, 19131492
STOP CURRENT LIMIT
Current limit exceeded limit: 50 Average over frame: 52
