START
-0.03, -0.33, 24.60, -8.01, 1, 19, 516
-0.03, -0.33, 24.57, -8.00, 1, 142, 7564
-0.03, -0.33, 24.57, -8.00, 1, 84, 19400
-0.03, -0.33, 24.57, -8.00, 1, 84, 31224
-0.03, -0.33, 24.60, -8.01, 1, 84, 43056
-0.03, -0.33, 24.57, -8.00, 1, 84, 54880
-0.03, -0.33, 24.60, -8.01, 1, 84, 66716
-0.03, -0.33, 24.60, -8.01, 1, 84, 78536
-0.03, -0.33, 24.57, -8.00, 1, 84, 90372
-0.03, -0.33, 24.57, -8.00, 1, 84, 102196
-0.03, -0.33, 24.60, -8.01, 1, 84, 114024
-0.03, -0.33, 24.57, -8.00, 1, 84, 125852
-0.03, -0.33, 24.57, -8.00, 1, 84, 137696
-0.03, -0.33, 24.60, -8.01, 1, 84, 149516
-0.03, -0.33, 24.60, -8.01, 1, 84, 161336
-0.03, -0.33, 24.57, -8.00, 1, 84, 173172
-0.03, -0.33, 24.57, -8.00, 1, 84, 184996
-0.03, -0.33, 24.60, -8.01, 1, 84, 196844
-0.03, -0.33, 24.57, -8.00, 1, 85, 208652
-0.03, -0.33, 24.60, -8.01, 2, 84, 220488
-0.03, -0.33, 24.60, -8.01, 2, 84, 232312
-0.03, -0.33, 24.60, -8.01, 2, 84, 244136
-0.03, -0.33, 24.57, -8.00, 2, 84, 255972
-0.03, -0.33, 24.57, -8.00, 2, 84, 267792
-0.03, -0.33, 24.60, -8.01, 2, 84, 279628
-0.03, -0.33, 24.60, -8.01, 2, 84, 291452
-0.03, -0.33, 24.57, -8.00, 2, 84, 303288
-0.03, -0.33, 24.57, -8.00, 2, 84, 315112
-0.03, -0.33, 24.60, -8.01, 2, 84, 326944
-0.03, -0.33, 24.57, -8.00, 2, 84, 338764
-0.03, -0.33, 24.57, -8.00, 2, 84, 350596
-0.03, -0.33, 24.60, -8.01, 2, 84, 362432
-0.03, -0.33, 24.60, -8.01, 2, 84, 374256
-0.03, -0.33, 24.57, -8.00, 2, 84, 386092
-0.03, -0.33, 24.60, -8.01, 2, 84, 397928
-0.03, -0.33, 24.60, -8.01, 2, 84, 409748
-0.03, -0.33, 24.57, -8.00, 3, 84, 421572
-0.03, -0.33, 24.57, -8.00, 3, 84, 433404
-0.03, -0.33, 24.60, -8.01, 3, 84, 445232
-0.03, -0.33, 24.60, -8.01, 3, 84, 457064
-0.03, -0.33, 24.57, -8.00, 3, 84, 468888
-0.03, -0.33, 24.60, -8.01, 3, 84, 480716
-0.03, -0.33, 24.60, -8.01, 3, 84, 492556
-0.03, -0.33, 24.60, -8.01, 3, 84, 504380
-0.03, -0.33, 24.60, -8.01, 3, 84, 516216
-0.03, -0.33, 24.60, -8.01, 3, 84, 528044
-0.03, -0.33, 24.60, -8.01, 3, 84, 539876
-0.03, -0.33, 24.57, -8.00, 3, 84, 551700
-0.03, -0.33, 24.60, -8.01, 3, 84, 563532
-0.03, -0.33, 24.60, -8.01, 3, 84, 575364
-0.03, -0.33, 24.57, -8.00, 3, 84, 587192
-0.03, -0.33, 24.60, -8.01, 3, 84, 599028
-0.03, -0.33, 24.60, -8.01, 3, 84, 610852
-0.03, -0.33, 24.57, -8.00, 4, 84, 622692
-0.03, -0.33, 24.60, -8.01, 4, 84, 634512
-0.03, -0.33, 24.60, -8.01, 4, 84, 646352
-0.03, -0.33, 24.60, -8.01, 4, 84, 658176
-0.03, -0.33, 24.57, -8.00, 4, 84, 670012
-0.03, -0.33, 24.60, -8.01, 4, 84, 681836
-0.03, -0.33, 24.60, -8.01, 4, 84, 693664
-0.03, -0.33, 24.57, -8.00, 4, 84, 705504
-0.03, -0.33, 24.57, -8.00, 4, 84, 717324
-0.03, -0.33, 24.60, -8.01, 4, 84, 729160
-0.03, -0.33, 24.57, -8.00, 4, 84, 740988
-0.03, -0.33, 24.60, -8.01, 4, 84, 752824
-0.03, -0.33, 24.60, -8.01, 4, 84, 764648
-0.03, -0.33, 24.60, -8.01, 4, 84, 776484
-0.03, -0.33, 24.60, -8.01, 4, 84, 788308
-0.03, -0.33, 24.60, -8.01, 4, 84, 800136
-0.03, -0.33, 24.60, -8.01, 4, 84, 811976
-0.03, -0.33, 24.57, -8.00, 5, 84, 823804
-0.03, -0.33, 24.57, -8.00, 5, 84, 835636
-0.03, -0.33, 24.57, -8.00, 5, 84, 847464
-0.03, -0.33, 24.57, -8.00, 5, 84, 859300
-0.03, -0.33, 24.57, -8.00, 5, 84, 871124
-0.03, -0.33, 24.60, -8.01, 5, 84, 882960
-0.03, -0.33, 24.60, -8.01, 5, 84, 894788
-0.03, -0.33, 24.57, -8.00, 5, 84, 906616
-0.03, -0.33, 24.57, -8.00, 5, 84, 918448
-0.03, -0.33, 24.60, -8.01, 5, 84, 930276
-0.03, -0.33, 24.57, -8.00, 5, 84, 942108
-0.03, -0.33, 24.57, -8.00, 5, 84, 953932
-0.03, -0.33, 24.60, -8.01, 5, 84, 965764
-0.03, -0.33, 24.60, -8.01, 5, 84, 977592
-0.03, -0.33, 24.57, -8.00, 5, 84, 989424
-0.03, -0.33, 24.57, -8.00, 5, 84, 1001244
-0.03, -0.33, 24.60, -8.01, 5, 84, 1013080
-0.03, -0.33, 24.57, -8.00, 6, 84, 1024904
-0.03, -0.65, 24.60, -16.01, 6, 84, 1036756
-0.03, -0.33, 24.57, -8.00, 6, 84, 1048576
-0.03, -0.33, 24.60, -8.01, 6, 84, 1060400
-0.03, -0.33, 24.57, -8.00, 6, 84, 1072236
-0.03, -0.33, 24.57, -8.00, 6, 84, 1084060
-0.03, -0.33, 24.60, -8.01, 6, 84, 1095896
-0.03, -0.33, 24.57, -8.00, 6, 84, 1107720
-0.03, -0.33, 24.57, -8.00, 6, 84, 1119556
-0.03, -0.33, 24.60, -8.01, 6, 84, 1131380
-0.03, -0.33, 24.60, -8.01, 6, 84, 1143212
-0.03, -0.33, 24.57, -8.00, 6, 84, 1155048
-0.03, -0.33, 24.57, -8.00, 6, 84, 1166872
-0.03, -0.33, 24.60, -8.01, 6, 84, 1178704
-0.03, -0.33, 24.57, -8.00, 6, 84, 1190536
-0.03, -0.33, 24.57, -8.00, 6, 84, 1202364
-0.03, -0.33, 24.60, -8.01, 6, 84, 1214192
-0.03, -0.33, 24.57, -8.00, 7, 84, 1226028
-0.03, -0.33, 24.57, -8.00, 7, 84, 1237868
-0.03, -0.33, 24.57, -8.00, 7, 84, 1249680
-0.03, -0.33, 24.60, -8.01, 7, 84, 1261512
-0.03, -0.33, 24.57, -8.00, 7, 84, 1273332
-0.03, -0.33, 24.57, -8.00, 7, 84, 1285168
-0.03, -0.65, 24.60, -16.01, 7, 84, 1297004
-0.03, -0.33, 24.57, -8.00, 7, 84, 1308828
-0.03, -0.33, 24.57, -8.00, 7, 84, 1320648
-0.03, -0.33, 24.60, -8.01, 7, 84, 1332480
-0.03, -0.33, 24.60, -8.01, 7, 84, 1344304
-0.03, -0.33, 24.57, -8.00, 7, 84, 1356132
-0.03, -0.33, 24.57, -8.00, 7, 84, 1367964
-0.03, -0.33, 24.60, -8.01, 7, 84, 1379788
-0.03, -0.33, 24.57, -8.00, 7, 84, 1391624
-0.03, -0.33, 24.57, -8.00, 7, 84, 1403448
-0.03, -0.33, 24.57, -8.00, 7, 84, 1415284
-0.03, -0.33, 24.60, -8.01, 8, 84, 1427104
-0.03, -0.33, 24.57, -8.00, 8, 84, 1438940
-0.03, -0.33, 24.57, -8.00, 8, 84, 1450760
-0.03, -0.33, 24.57, -8.00, 8, 84, 1462592
-0.03, -0.33, 24.57, -8.00, 8, 84, 1474416
-0.03, -0.33, 24.57, -8.00, 8, 84, 1486244
-0.03, -0.33, 24.60, -8.01, 8, 84, 1498096
-0.03, -0.33, 24.57, -8.00, 8, 85, 1509900
-0.03, -0.33, 24.57, -8.00, 8, 84, 1521736
-0.03, -0.33, 24.57, -8.00, 8, 84, 1533556
-0.03, -0.33, 24.57, -8.00, 8, 84, 1545392
-0.03, -0.33, 24.60, -8.01, 8, 84, 1557216
-0.03, -0.33, 24.57, -8.00, 8, 84, 1569056
-0.03, -0.33, 24.57, -8.00, 8, 84, 1580880
-0.03, -0.33, 24.57, -8.00, 8, 84, 1592712
-0.03, -0.33, 24.57, -8.00, 8, 84, 1604544
-0.03, -0.33, 24.60, -8.01, 8, 84, 1616372
-0.03, -0.33, 24.57, -8.00, 9, 84, 1628204
-0.03, -0.33, 24.57, -8.00, 9, 84, 1640028
-0.03, -0.33, 24.57, -8.00, 9, 84, 1651868
-0.03, -0.33, 24.57, -8.00, 9, 84, 1663692
-0.02, -0.33, 24.57, -8.00, 9, 84, 1675528
-0.02, -0.33, 24.57, -8.00, 9, 84, 1687348
-0.02, -0.33, 24.57, -8.00, 9, 84, 1699176
-0.02, -0.33, 24.57, -8.00, 9, 84, 1711004
-0.03, -0.33, 24.57, -8.00, 9, 84, 1722832
-0.02, -0.33, 24.57, -8.00, 9, 84, 1734668
-0.02, -0.33, 24.57, -8.00, 9, 84, 1746488
-0.02, -0.33, 24.57, -8.00, 9, 84, 1758324
-0.02, -0.33, 24.57, -8.00, 9, 84, 1770148
-0.02, -0.33, 24.57, -8.00, 9, 84, 1781984
-0.02, -0.33, 24.57, -8.00, 9, 84, 1793804
-0.02, -0.33, 24.57, -8.00, 9, 84, 1805644
-0.02, -0.33, 24.60, -8.01, 9, 84, 1817464
-0.02, -0.33, 24.57, -8.00, 10, 84, 1829296
-0.02, -0.33, 24.57, -8.00, 10, 84, 1841128
-0.02, -0.33, 24.57, -8.00, 10, 84, 1852952
-0.02, -0.33, 24.57, -8.00, 10, 84, 1864788
-0.02, -0.33, 24.60, -8.01, 10, 84, 1876608
-0.02, -0.33, 24.57, -8.00, 10, 84, 1888440
-0.02, -0.33, 24.57, -8.00, 10, 84, 1900264
-0.02, -0.33, 24.57, -8.00, 10, 84, 1912096
-0.02, -0.33, 24.57, -8.00, 10, 84, 1923920
-0.02, -0.33, 24.57, -8.00, 10, 84, 1935748
-0.02, -0.33, 24.57, -8.00, 10, 84, 1947584
-0.02, -0.33, 24.57, -8.00, 10, 84, 1959404
-0.02, -0.33, 24.57, -8.00, 10, 84, 1971244
-0.02, -0.33, 24.57, -8.00, 10, 84, 1983064
-0.02, -0.33, 24.57, -8.00, 10, 84, 1994900
-0.02, -0.00, 24.57, -0.00, 10, 84, 2006724
-0.02, -0.33, 24.57, -8.00, 10, 84, 2018556
-0.02, -0.33, 24.57, -8.00, 11, 84, 2030376
-0.02, -0.33, 24.57, -8.00, 11, 84, 2042208
-0.02, -0.00, 24.57, -0.00, 11, 84, 2054036
-0.02, -0.33, 24.57, -8.00, 11, 84, 2065868
-0.02, -0.00, 24.57, -0.00, 11, 84, 2077700
-0.02, -0.33, 24.54, -7.99, 11, 84, 2089528
-0.02, -0.00, 24.57, -0.00, 11, 84, 2101364
-0.02, -0.00, 24.57, -0.00, 11, 84, 2113184
-0.02, -0.00, 24.57, -0.00, 11, 84, 2125024
-0.02, -0.33, 24.60, -8.01, 11, 84, 2136860
-0.01, -0.00, 24.57, -0.00, 11, 84, 2148680
-0.02, -0.33, 24.57, -8.00, 11, 84, 2160504
-0.01, -0.00, 24.57, -0.00, 11, 84, 2172332
-0.02, -0.00, 24.57, -0.00, 11, 84, 2184168
-0.02, -0.33, 24.57, -8.00, 11, 84, 2195988
-0.02, -0.00, 24.54, -0.00, 11, 84, 2207824
-0.02, -0.00, 24.57, -0.00, 11, 84, 2219644
-0.01, -0.00, 24.57, -0.00, 12, 84, 2231480
-0.01, -0.00, 24.57, -0.00, 12, 84, 2243304
-0.01, -0.00, 24.57, -0.00, 12, 84, 2255136
-0.01, -0.00, 24.57, -0.00, 12, 84, 2266960
-0.01, -0.00, 24.57, -0.00, 12, 84, 2278792
-0.01, -0.00, 24.57, -0.00, 12, 84, 2290624
-0.01, -0.00, 24.57, -0.00, 12, 84, 2302444
-0.01, -0.00, 24.57, -0.00, 12, 84, 2314284
-0.01, -0.00, 24.57, -0.00, 12, 84, 2326108
-0.01, -0.00, 24.57, -0.00, 12, 84, 2337944
-0.01, -0.00, 24.57, -0.00, 12, 84, 2349764
-0.01, -0.00, 24.57, -0.00, 12, 84, 2361604
-0.01, -0.00, 24.57, -0.00, 12, 84, 2373424
-0.01, -0.00, 24.57, -0.00, 12, 84, 2385252
-0.01, -0.33, 24.60, -8.01, 12, 84, 2397096
-0.01, -0.00, 24.57, -0.00, 12, 85, 2408908
-0.01, -0.00, 24.57, -0.00, 12, 84, 2420744
-0.01, -0.00, 24.57, -0.00, 13, 84, 2432564
-0.01, -0.00, 24.57, -0.00, 13, 84, 2444400
-0.01, -0.00, 24.54, -0.00, 13, 84, 2456220
-0.01, -0.00, 24.57, -0.00, 13, 84, 2468056
-0.01, -0.00, 24.57, -0.00, 13, 84, 2479880
-0.01, -0.00, 24.57, -0.00, 13, 84, 2491712
-0.01, -0.00, 24.57, -0.00, 13, 84, 2503536
-0.01, -0.00, 24.57, -0.00, 13, 84, 2515364
-0.01, -0.00, 24.57, -0.00, 13, 84, 2527200
-0.01, -0.00, 24.57, -0.00, 13, 84, 2539020
-0.00, -0.00, 24.57, -0.00, 13, 84, 2550852
-0.00, -0.00, 24.57, -0.00, 13, 84, 2562676
-0.00, -0.00, 24.57, -0.00, 13, 84, 2574512
-0.00, -0.00, 24.54, -0.00, 13, 84, 2586336
-0.00, -0.00, 24.57, -0.00, 13, 84, 2598188
-0.00, -0.00, 24.57, -0.00, 13, 84, 2609992
-0.00, -0.00, 24.57, -0.00, 13, 84, 2621820
-0.00, -0.00, 24.57, -0.00, 14, 84, 2633648
-0.00, -0.00, 24.57, -0.00, 14, 84, 2645476
-0.00, -0.00, 24.57, -0.00, 14, 84, 2657316
-0.00, -0.00, 24.54, -0.00, 14, 84, 2669140
-0.00, -0.00, 24.57, -0.00, 14, 84, 2680972
-0.00, -0.00, 24.57, -0.00, 14, 84, 2692796
-0.00, -0.00, 24.57, -0.00, 14, 84, 2704628
-0.00, -0.00, 24.60, -0.00, 14, 84, 2716448
-0.00, -0.00, 24.57, -0.00, 14, 84, 2728276
-0.00, -0.00, 24.54, -0.00, 14, 84, 2740108
-0.00, -0.00, 24.54, -0.00, 14, 84, 2751932
-0.00, -0.00, 24.57, -0.00, 14, 84, 2763768
0.00, -0.00, 24.57, -0.00, 14, 84, 2775592
0.00, -0.00, 24.57, -0.00, 14, 84, 2787428
0.00, -0.00, 24.57, -0.00, 14, 84, 2799248
0.00, -0.00, 24.57, -0.00, 14, 84, 2811084
0.00, -0.00, 24.57, -0.00, 14, 84, 2822908
0.00, -0.00, 24.57, -0.00, 15, 84, 2834744
0.00, -0.00, 24.57, -0.00, 15, 84, 2846564
0.00, -0.00, 24.54, -0.00, 15, 84, 2858412
0.00, 0.33, 24.57, 8.00, 15, 84, 2870232
0.00, -0.00, 24.57, -0.00, 15, 84, 2882056
0.00, -0.00, 24.57, -0.00, 15, 84, 2893892
0.01, -0.00, 24.57, -0.00, 15, 84, 2905716
0.01, -0.00, 24.54, -0.00, 15, 84, 2917552
0.01, -0.00, 24.54, -0.00, 15, 84, 2929376
0.01, -0.00, 24.57, -0.00, 15, 84, 2941208
0.01, 0.33, 24.57, 8.00, 15, 84, 2953036
0.01, -0.00, 24.57, -0.00, 15, 84, 2964864
0.01, -0.00, 24.60, -0.00, 15, 84, 2976700
0.01, -0.00, 24.54, -0.00, 15, 84, 2988524
0.01, 0.33, 24.57, 8.00, 15, 84, 3000360
0.01, -0.00, 24.57, -0.00, 15, 84, 3012184
0.01, 0.33, 24.54, 7.99, 15, 84, 3024024
0.01, -0.00, 24.57, -0.00, 16, 84, 3035844
0.01, 0.33, 24.60, 8.01, 16, 84, 3047684
0.01, 0.33, 24.57, 8.00, 16, 84, 3059508
0.01, 0.33, 24.54, 7.99, 16, 84, 3071336
0.01, 0.33, 24.60, 8.01, 16, 84, 3083160
0.01, 0.33, 24.54, 7.99, 16, 84, 3094992
0.01, 0.33, 24.57, 8.00, 16, 84, 3106824
0.01, 0.33, 24.57, 8.00, 16, 84, 3118648
0.01, 0.33, 24.57, 8.00, 16, 84, 3130480
0.01, 0.33, 24.60, 8.01, 16, 84, 3142304
0.01, 0.33, 24.57, 8.00, 16, 84, 3154136
0.01, 0.33, 24.54, 7.99, 16, 84, 3165964
0.02, 0.33, 24.54, 7.99, 16, 84, 3177800
0.02, 0.33, 24.54, 7.99, 16, 85, 3189624
0.02, 0.33, 24.57, 8.00, 16, 84, 3201456
0.01, 0.33, 24.54, 7.99, 16, 84, 3213288
0.01, -0.00, 24.54, -0.00, 16, 84, 3225112
0.01, 0.33, 24.60, 8.01, 17, 84, 3236948
0.01, 0.33, 24.54, 7.99, 17, 84, 3248768
0.01, 0.33, 24.60, 8.01, 17, 84, 3260604
0.02, 0.33, 24.57, 8.00, 17, 84, 3272424
0.02, 0.33, 24.52, 7.98, 17, 84, 3284260
0.02, 0.33, 24.52, 7.98, 17, 84, 3296080
0.02, 0.33, 24.57, 8.00, 17, 84, 3307912
0.02, 0.33, 24.57, 8.00, 17, 84, 3319744
0.02, 0.33, 24.60, 8.01, 17, 84, 3331568
0.02, 0.33, 24.54, 7.99, 17, 84, 3343404
0.02, 0.33, 24.54, 7.99, 17, 84, 3355232
0.02, 0.33, 24.54, 7.99, 17, 84, 3367068
0.02, 0.33, 24.57, 8.00, 17, 84, 3378892
0.02, 0.33, 24.54, 7.99, 17, 84, 3390728
0.02, 0.33, 24.54, 7.99, 17, 84, 3402552
0.02, 0.33, 24.60, 8.01, 17, 84, 3414384
0.02, 0.33, 24.57, 8.00, 17, 84, 3426212
0.02, 0.33, 24.57, 8.00, 18, 84, 3438044
0.02, 0.33, 24.52, 7.98, 18, 84, 3449880
0.02, 0.33, 24.54, 7.99, 18, 84, 3461704
0.02, 0.65, 24.54, 15.98, 18, 84, 3473540
0.03, 0.65, 24.57, 16.00, 18, 84, 3485364
0.03, 0.33, 24.54, 7.99, 18, 84, 3497212
0.03, 0.33, 24.52, 7.98, 18, 85, 3509020
0.03, 0.65, 24.54, 15.98, 18, 84, 3520848
0.03, 0.33, 24.54, 7.99, 18, 84, 3532676
0.03, 0.33, 24.60, 8.01, 18, 84, 3544508
0.03, 0.33, 24.60, 8.01, 18, 84, 3556344
0.03, 0.33, 24.57, 8.00, 18, 84, 3568168
0.03, 0.33, 24.54, 7.99, 18, 84, 3580004
0.03, 0.65, 24.54, 15.98, 18, 84, 3591828
0.03, 0.33, 24.60, 8.01, 18, 84, 3603664
0.03, 0.33, 24.60, 8.01, 18, 84, 3615488
0.03, 0.33, 24.57, 8.00, 18, 84, 3627324
0.03, 0.33, 24.52, 7.98, 19, 84, 3639148
0.03, 0.65, 24.52, 15.96, 19, 84, 3650980
0.03, 0.65, 24.57, 16.00, 19, 84, 3662816
0.03, 0.65, 24.57, 16.00, 19, 84, 3674640
0.03, 0.65, 24.52, 15.96, 19, 84, 3686476
0.04, 0.65, 24.54, 15.98, 19, 84, 3698316
0.04, 0.65, 24.57, 16.00, 19, 84, 3710140
0.04, 0.65, 24.57, 16.00, 19, 84, 3721960
0.04, 0.33, 24.57, 8.00, 19, 84, 3733796
0.04, 0.65, 24.60, 16.01, 19, 84, 3745616
0.04, 0.33, 24.60, 8.01, 19, 84, 3757464
0.04, 0.65, 24.54, 15.98, 19, 84, 3769284
0.04, 0.65, 24.57, 16.00, 19, 84, 3781108
0.04, 0.65, 24.60, 16.01, 19, 84, 3792944
0.04, 0.65, 24.57, 16.00, 19, 84, 3804764
0.04, 0.33, 24.54, 7.99, 19, 84, 3816600
0.04, 0.65, 24.54, 15.98, 19, 84, 3828428
0.04, 0.65, 24.54, 15.98, 20, 84, 3840256
0.04, 0.65, 24.57, 16.00, 20, 84, 3852084
0.04, 0.65, 24.54, 15.98, 20, 84, 3863916
0.04, 0.65, 24.52, 15.96, 20, 84, 3875744
0.04, 0.65, 24.54, 15.98, 20, 84, 3887576
0.04, 0.65, 24.60, 16.01, 20, 84, 3899412
0.05, 0.65, 24.57, 16.00, 20, 84, 3911232
0.04, 0.65, 24.60, 16.01, 20, 84, 3923068
0.05, 0.65, 24.57, 16.00, 20, 84, 3934892
0.05, 0.65, 24.57, 16.00, 20, 84, 3946728
0.05, 0.65, 24.54, 15.98, 20, 84, 3958564
0.05, 0.65, 24.54, 15.98, 20, 84, 3970384
0.05, 0.65, 24.57, 16.00, 20, 84, 3982212
0.05, 0.65, 24.57, 16.00, 20, 84, 3994040
0.05, 0.65, 24.57, 16.00, 20, 84, 4005880
0.05, 0.65, 24.57, 16.00, 20, 84, 4017704
0.05, 0.65, 24.60, 16.01, 20, 84, 4029540
0.05, 0.65, 24.57, 16.00, 21, 84, 4041364
0.05, 0.65, 24.49, 15.94, 21, 84, 4053200
0.05, 0.65, 24.54, 15.98, 21, 84, 4065020
0.05, 0.65, 24.49, 15.94, 21, 84, 4076856
0.05, 0.98, 24.57, 24.00, 21, 84, 4088680
0.05, 0.98, 24.57, 24.00, 21, 84, 4100508
0.05, 0.65, 24.57, 16.00, 21, 84, 4112340
0.05, 0.98, 24.54, 23.97, 21, 84, 4124168
0.05, 0.65, 24.49, 15.94, 21, 84, 4136000
0.06, 0.98, 24.49, 23.92, 21, 84, 4147820
0.06, 0.98, 24.57, 24.00, 21, 84, 4159656
0.06, 0.98, 24.54, 23.97, 21, 84, 4171480
0.06, 0.65, 24.60, 16.01, 21, 84, 4183312
0.06, 0.65, 24.52, 15.96, 21, 84, 4195136
0.06, 0.65, 24.54, 15.98, 21, 84, 4206964
0.06, 0.98, 24.54, 23.97, 21, 84, 4218796
0.06, 0.98, 24.54, 23.97, 21, 84, 4230624
0.06, 0.65, 24.60, 16.01, 22, 84, 4242456
0.06, 0.65, 24.60, 16.01, 22, 84, 4254280
0.06, 0.98, 24.49, 23.92, 22, 84, 4266112
0.06, 0.65, 24.54, 15.98, 22, 84, 4277932
0.06, 0.98, 24.52, 23.94, 22, 84, 4289772
0.06, 0.98, 24.54, 23.97, 22, 84, 4301596
0.06, 0.98, 24.60, 24.02, 22, 84, 4313420
0.06, 0.98, 24.54, 23.97, 22, 84, 4325252
0.06, 0.65, 24.60, 16.01, 22, 84, 4337080
0.06, 0.98, 24.49, 23.92, 22, 84, 4348912
0.06, 0.98, 24.49, 23.92, 22, 84, 4360740
0.06, 0.98, 24.54, 23.97, 22, 84, 4372576
0.06, 0.98, 24.54, 23.97, 22, 84, 4384400
0.06, 0.98, 24.60, 24.02, 22, 84, 4396236
0.06, 0.65, 24.57, 16.00, 22, 84, 4408056
0.06, 0.98, 24.54, 23.97, 22, 84, 4419900
0.06, 0.98, 24.54, 23.97, 22, 84, 4431720
0.06, 1.30, 24.54, 31.96, 23, 84, 4443552
0.06, 0.98, 24.60, 24.02, 23, 84, 4455388
0.06, 0.98, 24.60, 24.02, 23, 84, 4467212
0.07, 0.98, 24.54, 23.97, 23, 84, 4479048
0.07, 0.98, 24.52, 23.94, 23, 84, 4490872
0.07, 1.30, 24.54, 31.96, 23, 84, 4502708
0.07, 0.98, 24.57, 24.00, 23, 84, 4514532
0.07, 0.98, 24.60, 24.02, 23, 84, 4526372
0.07, 0.98, 24.60, 24.02, 23, 84, 4538192
0.07, 0.98, 24.52, 23.94, 23, 84, 4550020
0.07, 0.98, 24.54, 23.97, 23, 84, 4561856
0.07, 1.30, 24.54, 31.96, 23, 84, 4573676
0.07, 1.30, 24.54, 31.96, 23, 84, 4585512
0.07, 0.98, 24.60, 24.02, 23, 84, 4597352
0.07, 0.98, 24.60, 24.02, 23, 85, 4609168
0.07, 1.30, 24.57, 31.99, 23, 84, 4620988
0.07, 0.98, 24.52, 23.94, 23, 84, 4632824
0.07, 1.30, 24.49, 31.89, 24, 84, 4644648
0.07, 1.30, 24.52, 31.92, 24, 84, 4656472
0.07, 1.30, 24.52, 31.92, 24, 84, 4668304
0.08, 1.30, 24.57, 31.99, 24, 84, 4680132
0.08, 1.30, 24.60, 32.03, 24, 84, 4691972
0.08, 1.30, 24.57, 31.99, 24, 84, 4703796
0.08, 1.30, 24.46, 31.85, 24, 84, 4715632
0.08, 0.98, 24.54, 23.97, 24, 84, 4727460
0.08, 1.30, 24.54, 31.96, 24, 84, 4739292
0.08, 1.30, 24.57, 31.99, 24, 84, 4751120
0.08, 0.98, 24.52, 23.94, 24, 84, 4762956
0.08, 1.30, 24.57, 31.99, 24, 84, 4774776
0.08, 1.30, 24.46, 31.85, 24, 84, 4786608
0.08, 1.30, 24.54, 31.96, 24, 84, 4798440
0.08, 1.30, 24.57, 31.99, 24, 84, 4810264
0.08, 1.30, 24.52, 31.92, 24, 84, 4822096
0.08, 1.30, 24.54, 31.96, 24, 84, 4833920
0.08, 0.98, 24.60, 24.02, 25, 84, 4845756
0.08, 1.30, 24.46, 31.85, 25, 84, 4857596
0.08, 1.30, 24.52, 31.92, 25, 85, 4869412
0.09, 1.30, 24.46, 31.85, 25, 84, 4881232
0.09, 1.63, 24.52, 39.91, 25, 84, 4893064
0.09, 1.63, 24.54, 39.95, 25, 84, 4904900
0.09, 1.63, 24.57, 39.99, 25, 84, 4916724
0.09, 1.30, 24.60, 32.03, 25, 84, 4928560
0.09, 1.30, 24.57, 31.99, 25, 84, 4940388
0.09, 1.63, 24.52, 39.91, 25, 84, 4952220
0.09, 1.63, 24.49, 39.86, 25, 84, 4964048
0.09, 1.63, 24.54, 39.95, 25, 84, 4975880
0.09, 1.63, 24.54, 39.95, 25, 84, 4987704
0.09, 1.30, 24.52, 31.92, 25, 84, 4999536
0.09, 1.30, 24.52, 31.92, 25, 84, 5011368
0.09, 1.63, 24.49, 39.86, 25, 84, 5023196
0.09, 1.63, 24.49, 39.86, 25, 84, 5035028
0.09, 1.63, 24.54, 39.95, 26, 84, 5046852
0.09, 1.63, 24.52, 39.91, 26, 84, 5058704
0.09, 1.63, 24.49, 39.86, 26, 84, 5070508
0.09, 1.30, 24.60, 32.03, 26, 84, 5082340
0.09, 1.30, 24.57, 31.99, 26, 84, 5094164
0.10, 1.63, 24.52, 39.91, 26, 84, 5105996
0.10, 1.30, 24.44, 31.82, 26, 84, 5117824
0.10, 1.95, 24.54, 47.94, 26, 84, 5129656
0.10, 1.63, 24.57, 39.99, 26, 84, 5141492
0.10, 1.95, 24.52, 47.89, 26, 84, 5153316
0.10, 1.63, 24.49, 39.86, 26, 84, 5165152
0.10, 1.30, 24.60, 32.03, 26, 84, 5176980
0.10, 1.95, 24.54, 47.94, 26, 84, 5188816
0.10, 1.63, 24.49, 39.86, 26, 84, 5200636
0.10, 1.63, 24.54, 39.95, 26, 84, 5212472
0.10, 1.63, 24.57, 39.99, 26, 84, 5224296
0.10, 1.63, 24.57, 39.99, 26, 84, 5236128
0.10, 1.63, 24.44, 39.77, 27, 84, 5247964
0.10, 1.63, 24.44, 39.77, 27, 84, 5259788
0.10, 1.95, 24.54, 47.94, 27, 84, 5271624
0.10, 1.63, 24.54, 39.95, 27, 84, 5283448
0.10, 1.63, 24.57, 39.99, 27, 84, 5295288
0.11, 1.63, 24.52, 39.91, 27, 84, 5307112
0.11, 1.63, 24.52, 39.91, 27, 84, 5318964
0.11, 1.95, 24.44, 47.73, 27, 85, 5330768
0.11, 1.95, 24.60, 48.04, 27, 84, 5342600
0.11, 1.95, 24.52, 47.89, 27, 84, 5354432
0.11, 1.95, 24.54, 47.94, 27, 84, 5366260
0.11, 1.63, 24.54, 39.95, 27, 84, 5378096
0.11, 1.95, 24.46, 47.78, 27, 84, 5389920
0.11, 1.95, 24.49, 47.83, 27, 84, 5401756
0.11, 1.95, 24.52, 47.89, 27, 84, 5413580
0.11, 1.95, 24.54, 47.94, 27, 84, 5425416
0.11, 1.95, 24.57, 47.99, 27, 84, 5437240
0.11, 1.95, 24.49, 47.83, 28, 84, 5449072
0.11, 1.63, 24.52, 39.91, 28, 84, 5460900
0.12, 1.95, 24.44, 47.73, 28, 84, 5472724
0.11, 1.95, 24.52, 47.89, 28, 84, 5484560
0.12, 1.95, 24.46, 47.78, 28, 84, 5496380
0.12, 1.95, 24.57, 47.99, 28, 84, 5508216
0.12, 2.28, 24.60, 56.05, 28, 84, 5520040
0.12, 1.95, 24.60, 48.04, 28, 84, 5531872
0.12, 1.63, 24.57, 39.99, 28, 84, 5543696
0.12, 1.95, 24.54, 47.94, 28, 84, 5555536
0.12, 1.95, 24.44, 47.73, 28, 84, 5567356
0.12, 2.28, 24.54, 55.93, 28, 84, 5579188
0.12, 1.95, 24.60, 48.04, 28, 84, 5591020
0.12, 2.28, 24.52, 55.87, 28, 84, 5602844
0.13, 1.95, 24.60, 48.04, 28, 84, 5614676
0.13, 1.95, 24.57, 47.99, 28, 84, 5626504
0.12, 2.28, 24.44, 55.68, 28, 84, 5638344
0.12, 2.28, 24.44, 55.68, 29, 84, 5650164
0.12, 1.95, 24.54, 47.94, 29, 84, 5662000
0.12, 2.28, 24.52, 55.87, 29, 84, 5673828
0.13, 2.28, 24.54, 55.93, 29, 84, 5685652
0.13, 1.95, 24.52, 47.89, 29, 84, 5697504
0.13, 2.28, 24.63, 56.11, 29, 85, 5709308
0.13, 2.28, 24.41, 55.62, 29, 84, 5721148
0.14, 2.28, 24.41, 55.62, 29, 84, 5732968
0.14, 2.28, 24.52, 55.87, 29, 84, 5744804
0.14, 2.60, 24.46, 63.71, 29, 84, 5756624
0.14, 2.60, 24.52, 63.85, 29, 84, 5768460
0.14, 2.60, 24.54, 63.92, 29, 84, 5780284
0.14, 2.28, 24.49, 55.81, 29, 84, 5792112
0.14, 2.28, 24.52, 55.87, 29, 84, 5803940
0.14, 2.28, 24.38, 55.56, 29, 84, 5815772
0.14, 2.60, 24.52, 63.85, 29, 84, 5827608
0.14, 2.60, 24.52, 63.85, 29, 84, 5839428
0.14, 2.60, 24.52, 63.85, 30, 84, 5851264
0.14, 2.60, 24.52, 63.85, 30, 84, 5863088
0.14, 2.28, 24.60, 56.05, 30, 84, 5874920
0.14, 2.60, 24.57, 63.99, 30, 84, 5886744
0.15, 2.28, 24.44, 55.68, 30, 84, 5898580
0.15, 2.60, 24.44, 63.64, 30, 84, 5910408
0.15, 2.60, 24.41, 63.57, 30, 84, 5922240
0.15, 2.60, 24.52, 63.85, 30, 84, 5934076
0.15, 2.60, 24.52, 63.85, 30, 84, 5945900
0.15, 2.28, 24.41, 55.62, 30, 84, 5957748
0.15, 2.60, 24.60, 64.06, 30, 85, 5969564
0.15, 2.28, 24.60, 56.05, 30, 84, 5981396
0.15, 2.28, 24.60, 56.05, 30, 84, 5993220
0.15, 2.60, 24.52, 63.85, 30, 84, 6005056
0.15, 2.60, 24.57, 63.99, 30, 84, 6016884
0.15, 2.93, 24.54, 71.91, 30, 84, 6028708
0.15, 2.60, 24.52, 63.85, 30, 84, 6040548
0.15, 2.28, 24.60, 56.05, 31, 84, 6052376
0.15, 2.28, 24.54, 55.93, 31, 84, 6064208
0.15, 2.60, 24.52, 63.85, 31, 84, 6076032
0.15, 2.93, 24.57, 71.99, 31, 84, 6087872
0.16, 2.93, 24.44, 71.59, 31, 84, 6099696
0.16, 2.60, 24.54, 63.92, 31, 84, 6111532
0.16, 2.93, 24.54, 71.91, 31, 84, 6123360
0.16, 2.93, 24.52, 71.83, 31, 84, 6135188
0.16, 2.60, 24.54, 63.92, 31, 84, 6147020
0.16, 2.93, 24.49, 71.75, 31, 84, 6158864
0.16, 2.93, 24.46, 71.67, 31, 84, 6170688
0.16, 2.93, 24.41, 71.51, 31, 84, 6182508
0.16, 2.93, 24.54, 71.91, 31, 84, 6194348
0.16, 3.26, 24.52, 79.81, 31, 84, 6206168
0.16, 2.60, 24.65, 64.20, 31, 84, 6218008
0.16, 2.60, 24.57, 63.99, 31, 84, 6229832
0.16, 2.93, 24.46, 71.67, 31, 84, 6241660
0.16, 2.93, 24.41, 71.51, 32, 84, 6253488
0.16, 2.93, 24.38, 71.43, 32, 84, 6265320
0.16, 2.93, 24.49, 71.75, 32, 84, 6277156
0.16, 3.26, 24.49, 79.72, 32, 85, 6288976
0.17, 3.26, 24.49, 79.72, 32, 84, 6300808
0.17, 3.26, 24.54, 79.90, 32, 84, 6312632
0.17, 2.93, 24.60, 72.07, 32, 84, 6324464
0.17, 2.93, 24.57, 71.99, 32, 84, 6336288
0.17, 3.26, 24.46, 79.63, 32, 84, 6348120
0.17, 2.93, 24.41, 71.51, 32, 84, 6359952
0.17, 3.26, 24.49, 79.72, 32, 84, 6371784
0.17, 3.26, 24.52, 79.81, 32, 84, 6383620
0.17, 3.26, 24.52, 79.81, 32, 84, 6395444
0.17, 2.93, 24.57, 71.99, 32, 84, 6407284
0.17, 3.26, 24.41, 79.46, 32, 84, 6419124
0.17, 3.26, 24.46, 79.63, 32, 84, 6430944
0.17, 3.26, 24.46, 79.63, 32, 84, 6442768
0.17, 2.93, 24.52, 71.83, 33, 84, 6454604
0.17, 3.26, 24.52, 79.81, 33, 84, 6466428
0.17, 3.26, 24.36, 79.28, 33, 84, 6478260
0.17, 3.26, 24.44, 79.55, 33, 84, 6490096
0.18, 3.26, 24.44, 79.55, 33, 84, 6501920
0.18, 3.26, 24.38, 79.37, 33, 84, 6513756
0.18, 3.26, 24.46, 79.63, 33, 84, 6525580
0.18, 3.26, 24.52, 79.81, 33, 84, 6537416
0.18, 3.58, 24.52, 87.79, 33, 84, 6549240
0.18, 3.26, 24.52, 79.81, 33, 84, 6561068
0.18, 3.26, 24.60, 80.07, 33, 84, 6572896
0.18, 3.26, 24.52, 79.81, 33, 84, 6584724
0.19, 3.26, 24.44, 79.55, 33, 84, 6596560
0.19, 3.58, 24.52, 87.79, 33, 84, 6608388
0.19, 3.58, 24.52, 87.79, 33, 84, 6620224
0.19, 3.58, 24.41, 87.40, 33, 84, 6632048
0.18, 3.26, 24.60, 80.07, 33, 84, 6643884
0.18, 3.26, 24.60, 80.07, 34, 84, 6655708
0.18, 2.93, 24.57, 71.99, 34, 84, 6667544
0.18, 3.26, 24.60, 80.07, 34, 84, 6679368
0.18, 3.26, 24.44, 79.55, 34, 84, 6691196
0.19, 3.58, 24.33, 87.12, 34, 84, 6703036
0.19, 3.58, 24.44, 87.50, 34, 84, 6714860
0.19, 3.91, 24.52, 95.77, 34, 84, 6726696
0.20, 3.58, 24.38, 87.31, 34, 84, 6738516
0.20, 3.91, 24.49, 95.67, 34, 84, 6750352
0.19, 3.58, 24.49, 87.69, 34, 84, 6762176
0.19, 3.58, 24.52, 87.79, 34, 84, 6774008
0.20, 3.91, 24.52, 95.77, 34, 84, 6785832
0.20, 3.58, 24.49, 87.69, 34, 84, 6797672
0.20, 3.58, 24.60, 88.08, 34, 84, 6809488
0.19, 3.26, 24.63, 80.16, 34, 84, 6821316
0.20, 3.26, 24.52, 79.81, 34, 84, 6833152
0.20, 3.26, 24.60, 80.07, 34, 84, 6844980
0.20, 3.58, 24.46, 87.60, 35, 84, 6856816
0.20, 3.58, 24.41, 87.40, 35, 84, 6868640
0.20, 3.91, 24.44, 95.46, 35, 84, 6880476
0.20, 3.91, 24.33, 95.03, 35, 84, 6892300
0.21, 3.91, 24.54, 95.88, 35, 84, 6904136
0.21, 4.23, 24.52, 103.75, 35, 84, 6915960
0.21, 3.91, 24.54, 95.88, 35, 84, 6927792
0.21, 3.58, 24.57, 87.98, 35, 84, 6939628
0.21, 3.58, 24.57, 87.98, 35, 84, 6951452
0.21, 4.23, 24.30, 102.84, 35, 84, 6963288
0.21, 3.91, 24.46, 95.56, 35, 84, 6975116
0.21, 4.23, 24.46, 103.53, 35, 84, 6986952
0.21, 3.91, 24.44, 95.46, 35, 84, 6998776
0.21, 3.91, 24.60, 96.09, 35, 84, 7010608
0.21, 4.23, 24.52, 103.75, 35, 84, 7022432
0.21, 4.23, 24.49, 103.64, 35, 84, 7034264
0.21, 3.91, 24.57, 95.98, 35, 84, 7046100
0.21, 3.91, 24.41, 95.35, 36, 84, 7057940
0.21, 3.58, 24.63, 88.18, 36, 84, 7069756
0.21, 3.91, 24.52, 95.77, 36, 84, 7081584
0.21, 4.23, 24.36, 103.07, 36, 84, 7093416
0.22, 4.23, 24.36, 103.07, 36, 84, 7105244
0.22, 4.56, 24.44, 111.37, 36, 84, 7117080
0.23, 4.56, 24.46, 111.49, 36, 84, 7128904
0.23, 4.23, 24.57, 103.98, 36, 84, 7140732
0.23, 4.56, 24.52, 111.73, 36, 84, 7152572
0.23, 4.56, 24.52, 111.73, 36, 84, 7164392
0.23, 4.23, 24.60, 104.10, 36, 84, 7176232
0.23, 3.91, 24.63, 96.19, 36, 84, 7188056
0.23, 3.91, 24.49, 95.67, 36, 84, 7199892
0.22, 4.23, 24.49, 103.64, 36, 84, 7211716
0.22, 4.56, 24.44, 111.37, 36, 84, 7223552
0.23, 4.56, 24.33, 110.87, 36, 84, 7235376
0.23, 4.56, 24.52, 111.73, 36, 84, 7247208
0.23, 3.91, 24.60, 96.09, 37, 84, 7259052
0.23, 4.56, 24.52, 111.73, 37, 84, 7270872
0.23, 4.23, 24.57, 103.98, 37, 84, 7282704
0.23, 4.56, 24.54, 111.86, 37, 84, 7294532
0.23, 4.56, 24.36, 111.00, 37, 84, 7306368
0.24, 4.23, 24.49, 103.64, 37, 84, 7318192
0.24, 4.56, 24.27, 110.63, 37, 84, 7330028
0.24, 4.56, 24.33, 110.87, 37, 84, 7341852
0.24, 4.88, 24.44, 119.32, 37, 84, 7353684
0.24, 4.88, 24.52, 119.72, 37, 84, 7365516
0.23, 4.88, 24.46, 119.45, 37, 84, 7377344
0.24, 4.23, 24.57, 103.98, 37, 84, 7389180
0.23, 4.56, 24.60, 112.10, 37, 84, 7401004
0.23, 4.56, 24.57, 111.98, 37, 84, 7412840
0.24, 4.56, 24.57, 111.98, 37, 84, 7424660
0.24, 4.56, 24.46, 111.49, 37, 84, 7436496
0.24, 4.56, 24.49, 111.61, 37, 84, 7448320
0.24, 4.88, 24.36, 118.93, 38, 84, 7460148
0.24, 4.56, 24.33, 110.87, 38, 84, 7471972
0.23, 4.56, 24.46, 111.49, 38, 84, 7483800
0.24, 4.88, 24.44, 119.32, 38, 84, 7495636
0.25, 5.21, 24.38, 126.99, 38, 84, 7507460
0.25, 4.88, 24.49, 119.58, 38, 84, 7519308
0.25, 4.88, 24.33, 118.79, 38, 85, 7531112
0.25, 5.21, 24.49, 127.56, 38, 84, 7542952
0.25, 5.21, 24.49, 127.56, 38, 84, 7554772
0.25, 4.88, 24.52, 119.72, 38, 84, 7566608
0.25, 5.21, 24.36, 126.85, 38, 84, 7578432
0.25, 4.88, 24.52, 119.72, 38, 84, 7590256
0.25, 4.88, 24.54, 119.85, 38, 84, 7602088
0.25, 4.88, 24.57, 119.98, 38, 84, 7613916
0.25, 4.88, 24.49, 119.58, 38, 84, 7625752
0.25, 4.56, 24.44, 111.37, 38, 84, 7637576
0.25, 4.88, 24.41, 119.19, 38, 84, 7649408
0.25, 4.88, 24.63, 120.24, 39, 84, 7661236
0.25, 5.53, 24.33, 134.63, 39, 84, 7673068
0.25, 5.21, 24.33, 126.71, 39, 84, 7684892
0.26, 5.53, 24.41, 135.08, 39, 84, 7696724
0.26, 5.53, 24.41, 135.08, 39, 84, 7708552
0.26, 5.53, 24.33, 134.63, 39, 84, 7720376
0.26, 5.86, 24.49, 143.50, 39, 84, 7732212
0.26, 5.53, 24.41, 135.08, 39, 84, 7744036
0.27, 5.21, 24.54, 127.84, 39, 84, 7755872
0.26, 5.53, 24.36, 134.78, 39, 84, 7767692
0.27, 5.21, 24.57, 127.98, 39, 84, 7779536
0.27, 5.53, 24.52, 135.68, 39, 84, 7791348
0.27, 5.21, 24.38, 126.99, 39, 84, 7803188
0.27, 4.88, 24.54, 119.85, 39, 84, 7815008
0.27, 5.21, 24.52, 127.70, 39, 84, 7826836
0.27, 5.21, 24.36, 126.85, 39, 84, 7838672
0.27, 5.53, 24.49, 135.53, 39, 84, 7850496
0.27, 5.21, 24.25, 126.29, 40, 84, 7862332
0.27, 5.21, 24.36, 126.85, 40, 84, 7874152
0.27, 5.53, 24.19, 133.89, 40, 84, 7885988
0.27, 5.86, 24.41, 143.03, 40, 84, 7897824
0.28, 5.53, 24.25, 134.18, 40, 84, 7909644
0.28, 5.53, 24.27, 134.33, 40, 84, 7921468
0.28, 5.86, 24.38, 142.87, 40, 84, 7933296
0.29, 5.86, 24.33, 142.55, 40, 84, 7945124
0.29, 6.18, 24.44, 151.14, 40, 84, 7956956
0.28, 6.18, 24.49, 151.47, 40, 84, 7968796
0.29, 6.18, 24.46, 151.31, 40, 84, 7980620
0.28, 5.53, 24.52, 135.68, 40, 84, 7992456
0.28, 6.18, 24.33, 150.47, 40, 84, 8004272
0.29, 6.18, 24.52, 151.64, 40, 84, 8016108
0.28, 6.18, 24.46, 151.31, 40, 84, 8027932
0.28, 5.86, 24.49, 143.50, 40, 84, 8039760
0.28, 5.53, 24.60, 136.13, 40, 84, 8051588
0.28, 5.53, 24.57, 135.98, 41, 84, 8063424
0.28, 5.53, 24.46, 135.38, 41, 84, 8075260
0.28, 5.53, 24.52, 135.68, 41, 84, 8087084
0.29, 5.86, 24.25, 142.08, 41, 84, 8098920
0.29, 5.86, 24.30, 142.39, 41, 84, 8110744
0.29, 6.18, 24.52, 151.64, 41, 84, 8122584
0.29, 6.51, 24.41, 158.92, 41, 84, 8134408
0.29, 6.18, 24.57, 151.97, 41, 84, 8146244
0.29, 5.53, 24.68, 136.57, 41, 84, 8158080
0.29, 6.51, 24.49, 159.44, 41, 84, 8169896
0.29, 6.18, 24.49, 151.47, 41, 84, 8181728
0.29, 6.51, 24.38, 158.74, 41, 84, 8193548
0.30, 6.18, 24.52, 151.64, 41, 84, 8205384
0.29, 6.84, 24.17, 165.20, 41, 84, 8217208
0.29, 6.18, 24.46, 151.31, 41, 84, 8229040
0.29, 6.51, 24.49, 159.44, 41, 84, 8240864
0.29, 6.51, 24.46, 159.27, 41, 84, 8252700
0.29, 6.51, 24.49, 159.44, 42, 84, 8264524
0.30, 6.18, 24.46, 151.31, 42, 84, 8276352
0.30, 6.51, 24.52, 159.62, 42, 84, 8288180
0.30, 6.51, 24.49, 159.44, 42, 84, 8300008
0.30, 6.51, 24.54, 159.80, 42, 84, 8311840
0.30, 6.84, 24.46, 167.23, 42, 84, 8323664
0.30, 6.51, 24.46, 159.27, 42, 84, 8335496
0.30, 6.51, 24.38, 158.74, 42, 84, 8347324
0.30, 6.84, 24.52, 167.60, 42, 84, 8359156
0.30, 6.18, 24.54, 151.81, 42, 84, 8370980
0.31, 6.18, 24.52, 151.64, 42, 84, 8382808
0.31, 6.51, 24.49, 159.44, 42, 84, 8394636
0.30, 7.16, 24.46, 175.20, 42, 84, 8406468
0.30, 6.51, 24.49, 159.44, 42, 84, 8418300
0.30, 6.84, 24.44, 167.05, 42, 85, 8430120
0.30, 6.18, 24.57, 151.97, 42, 84, 8441960
0.31, 6.51, 24.52, 159.62, 42, 84, 8453788
0.31, 6.51, 24.33, 158.39, 43, 84, 8465624
0.31, 6.51, 24.52, 159.62, 43, 84, 8477444
0.31, 6.84, 24.30, 166.13, 43, 84, 8489276
0.31, 6.51, 24.57, 159.97, 43, 84, 8501100
0.31, 6.51, 24.57, 159.97, 43, 84, 8512932
0.32, 6.51, 24.33, 158.39, 43, 84, 8524768
0.32, 6.51, 24.46, 159.27, 43, 84, 8536588
0.32, 6.84, 24.36, 166.50, 43, 84, 8548428
0.31, 6.51, 24.44, 159.09, 43, 84, 8560252
0.32, 7.16, 24.14, 172.88, 43, 84, 8572088
0.32, 6.84, 24.27, 165.94, 43, 84, 8583912
0.31, 7.49, 24.36, 182.35, 43, 84, 8595748
0.31, 6.84, 24.27, 165.94, 43, 84, 8607568
0.32, 7.49, 24.41, 182.76, 43, 84, 8619416
0.32, 7.16, 24.44, 175.00, 43, 84, 8631240
0.32, 7.16, 24.27, 173.84, 43, 84, 8643064
0.32, 7.16, 24.33, 174.23, 43, 84, 8654900
0.32, 7.16, 24.19, 173.26, 44, 84, 8666720
0.32, 7.49, 24.38, 182.55, 44, 84, 8678560
0.33, 7.49, 24.30, 181.95, 44, 84, 8690384
0.33, 7.16, 24.60, 176.16, 44, 84, 8702220
0.34, 7.81, 24.36, 190.28, 44, 84, 8714044
0.33, 7.16, 24.52, 175.58, 44, 84, 8725876
0.33, 7.49, 24.46, 183.16, 44, 84, 8737708
0.34, 7.49, 24.54, 183.77, 44, 84, 8749536
0.34, 6.84, 24.52, 167.60, 44, 84, 8761372
0.33, 7.81, 24.52, 191.54, 44, 84, 8773196
0.33, 6.84, 24.54, 167.79, 44, 84, 8785032
0.33, 7.16, 24.54, 175.78, 44, 84, 8796856
0.33, 7.16, 24.36, 174.42, 44, 84, 8808692
0.33, 7.16, 24.52, 175.58, 44, 84, 8820512
0.33, 7.16, 24.46, 175.20, 44, 84, 8832340
0.34, 7.49, 24.46, 183.16, 44, 84, 8844172
0.33, 7.49, 24.49, 183.36, 44, 84, 8856000
0.33, 7.16, 24.54, 175.78, 45, 84, 8867836
0.33, 7.16, 24.36, 174.42, 45, 84, 8879672
0.34, 7.81, 24.52, 191.54, 45, 84, 8891492
0.34, 8.14, 24.38, 198.43, 45, 84, 8903312
0.34, 7.49, 24.54, 183.77, 45, 84, 8915148
0.34, 8.14, 24.41, 198.65, 45, 84, 8926972
0.34, 7.49, 24.27, 181.75, 45, 84, 8938804
0.35, 8.14, 24.17, 196.67, 45, 85, 8950628
0.35, 8.14, 24.19, 196.89, 45, 84, 8962456
0.35, 8.14, 24.44, 198.87, 45, 84, 8974292
0.35, 8.14, 24.33, 197.99, 45, 84, 8986116
0.35, 7.16, 24.57, 175.97, 45, 84, 8997968
0.35, 8.46, 24.30, 205.68, 45, 84, 9009776
0.35, 8.46, 24.41, 206.59, 45, 84, 9021612
0.35, 7.81, 24.14, 188.59, 45, 84, 9033432
0.34, 8.46, 24.38, 206.37, 45, 84, 9045272
0.35, 8.46, 24.27, 205.45, 45, 84, 9057096
0.35, 8.14, 24.33, 197.99, 46, 84, 9068920
0.35, 8.14, 24.33, 197.99, 46, 84, 9080760
0.35, 8.46, 24.17, 204.54, 46, 84, 9092580
0.35, 8.46, 24.46, 207.05, 46, 84, 9104424
0.35, 8.14, 24.09, 196.01, 46, 84, 9116244
0.36, 8.46, 24.41, 206.59, 46, 84, 9128080
0.35, 8.14, 24.14, 196.45, 46, 84, 9139904
0.36, 8.79, 24.41, 214.54, 46, 84, 9151744
0.35, 8.46, 24.25, 205.22, 46, 84, 9163572
0.35, 8.46, 24.38, 206.37, 46, 84, 9175396
0.35, 8.46, 24.09, 203.85, 46, 84, 9187228
0.35, 8.46, 24.41, 206.59, 46, 84, 9199064
0.35, 8.46, 24.36, 206.14, 46, 84, 9210896
0.35, 8.46, 24.27, 205.45, 46, 84, 9222720
0.35, 8.79, 24.44, 214.78, 46, 84, 9234560
0.35, 8.79, 24.27, 213.35, 46, 84, 9246384
0.35, 7.81, 24.57, 191.97, 46, 84, 9258236
0.35, 8.14, 24.17, 196.67, 47, 84, 9270044
0.35, 8.46, 24.22, 205.00, 47, 84, 9281872
0.36, 8.79, 24.09, 211.69, 47, 84, 9293704
0.36, 8.79, 24.14, 212.17, 47, 84, 9305532
0.36, 8.14, 24.52, 199.53, 47, 84, 9317372
0.37, 8.79, 24.14, 212.17, 47, 84, 9329196
0.37, 9.11, 24.30, 221.50, 47, 84, 9341032
0.37, 8.79, 24.19, 212.64, 47, 84, 9352860
0.37, 8.79, 24.11, 211.93, 47, 84, 9364692
0.37, 8.79, 24.17, 212.41, 47, 84, 9376520
0.37, 9.11, 24.36, 221.99, 47, 84, 9388356
0.37, 8.79, 24.09, 211.69, 47, 84, 9400176
0.38, 8.46, 24.54, 207.73, 47, 84, 9412004
0.38, 8.79, 24.19, 212.64, 47, 84, 9423840
0.38, 8.79, 24.38, 214.30, 47, 84, 9435664
0.37, 8.79, 24.30, 213.59, 47, 84, 9447496
0.37, 8.46, 24.52, 207.51, 47, 84, 9459320
0.37, 8.14, 24.57, 199.96, 48, 84, 9471152
0.38, 8.46, 24.57, 207.96, 48, 84, 9482972
0.37, 9.11, 24.63, 224.45, 48, 84, 9494812
0.37, 9.44, 24.41, 230.43, 48, 84, 9506632
0.39, 8.79, 24.46, 215.01, 48, 84, 9518464
0.39, 9.11, 24.54, 223.71, 48, 84, 9530300
0.39, 9.77, 24.36, 237.85, 48, 84, 9542124
0.38, 9.44, 24.38, 230.18, 48, 84, 9553960
0.38, 9.44, 24.36, 229.92, 48, 84, 9565788
0.39, 9.11, 24.65, 224.70, 48, 84, 9577624
0.38, 9.77, 24.27, 237.06, 48, 84, 9589448
0.39, 9.44, 24.38, 230.18, 48, 84, 9601288
0.38, 10.09, 24.22, 244.42, 48, 84, 9613108
0.39, 9.77, 24.25, 236.80, 48, 84, 9624940
0.39, 9.44, 24.06, 227.12, 48, 84, 9636768
0.38, 9.11, 24.25, 221.01, 48, 84, 9648596
0.39, 8.79, 24.30, 213.59, 48, 84, 9660428
0.38, 8.79, 24.54, 215.72, 49, 84, 9672252
0.39, 8.79, 24.33, 213.83, 49, 84, 9684088
0.39, 9.11, 24.63, 224.45, 49, 84, 9695908
0.39, 9.11, 24.49, 223.22, 49, 84, 9707744
0.39, 9.44, 24.44, 230.69, 49, 84, 9719588
0.40, 9.11, 24.17, 220.27, 49, 84, 9731408
0.41, 9.77, 24.46, 238.90, 49, 84, 9743232
0.40, 9.77, 24.41, 238.38, 49, 84, 9755064
0.40, 9.11, 24.52, 223.47, 49, 84, 9766900
0.41, 10.09, 24.38, 246.05, 49, 84, 9778724
0.40, 10.09, 24.57, 247.96, 49, 84, 9790560
0.41, 10.09, 24.30, 245.23, 49, 84, 9802384
0.40, 10.42, 24.36, 253.71, 49, 84, 9814220
0.41, 10.42, 24.01, 250.05, 49, 84, 9826044
0.40, 9.77, 24.54, 239.69, 49, 84, 9837880
0.40, 9.77, 24.19, 236.27, 49, 84, 9849708
0.41, 10.09, 24.06, 242.78, 49, 84, 9861536
0.40, 10.74, 24.19, 259.90, 50, 84, 9873372
0.41, 9.44, 24.46, 230.94, 50, 84, 9885196
0.40, 10.09, 24.17, 243.87, 50, 84, 9897032
0.40, 9.44, 24.25, 228.90, 50, 84, 9908856
0.41, 9.44, 24.41, 230.43, 50, 84, 9920688
0.42, 10.09, 24.60, 248.23, 50, 84, 9932512
0.41, 10.42, 24.38, 253.99, 50, 84, 9944348
0.41, 11.07, 24.25, 268.37, 50, 84, 9956172
0.41, 10.42, 24.46, 254.83, 50, 84, 9968000
0.41, 10.09, 24.60, 248.23, 50, 84, 9979852
0.42, 10.74, 24.17, 259.61, 50, 84, 9991664
0.42, 10.74, 24.49, 263.08, 50, 84, 10003500
0.42, 10.42, 24.30, 253.15, 50, 84, 10015324
0.42, 10.74, 23.95, 257.29, 50, 84, 10027156
0.42, 10.09, 24.79, 250.13, 50, 84, 10038984
0.41, 10.09, 24.06, 242.78, 50, 84, 10050824
0.42, 9.77, 24.46, 238.90, 50, 84, 10062648
0.42, 10.09, 24.38, 246.05, 51, 84, 10074476
0.42, 10.42, 24.44, 254.55, 51, 84, 10086308
0.42, 10.42, 24.27, 252.86, 51, 84, 10098156
0.42, 9.77, 24.63, 240.48, 51, 84, 10109976
0.43, 11.07, 24.44, 270.46, 51, 84, 10121800
0.43, 10.42, 24.52, 255.39, 51, 84, 10133640
0.44, 11.07, 24.30, 268.97, 51, 84, 10145460
0.44, 11.07, 24.49, 271.06, 51, 84, 10157300
0.43, 11.07, 24.22, 268.07, 51, 84, 10169124
0.43, 11.39, 24.30, 276.88, 51, 84, 10180956
0.43, 11.07, 24.11, 266.88, 51, 84, 10192780
0.44, 10.42, 24.27, 252.86, 51, 84, 10204612
0.44, 10.74, 24.06, 258.45, 51, 84, 10216448
0.44, 11.07, 24.52, 271.35, 51, 84, 10228268
0.44, 10.74, 24.52, 263.37, 51, 84, 10240100
0.43, 11.39, 24.52, 279.34, 51, 84, 10251924
0.44, 11.39, 24.52, 279.34, 51, 84, 10263764
0.44, 11.39, 24.33, 277.18, 52, 84, 10275588
0.44, 11.07, 24.68, 273.15, 52, 84, 10287424
0.43, 11.39, 24.03, 273.80, 52, 84, 10299248
0.44, 11.39, 23.90, 272.27, 52, 84, 10311080
0.45, 11.07, 23.90, 264.49, 52, 84, 10322916
0.45, 10.74, 24.38, 261.93, 52, 84, 10334740
0.45, 11.07, 24.25, 268.37, 52, 84, 10346576
0.45, 11.07, 24.19, 267.77, 52, 84, 10358416
0.45, 11.39, 24.60, 280.26, 52, 84, 10370236
0.45, 12.04, 24.25, 292.05, 52, 84, 10382056
0.45, 12.04, 24.30, 292.70, 52, 84, 10393892
0.45, 12.37, 24.25, 299.94, 52, 84, 10405720
0.45, 11.39, 24.57, 279.95, 52, 84, 10417544
0.45, 12.04, 24.03, 289.45, 52, 84, 10429384
0.45, 11.39, 24.54, 279.64, 52, 84, 10441204
0.45, 11.07, 24.30, 268.97, 52, 84, 10453040
0.45, 11.72, 24.54, 287.63, 52, 84, 10464868
0.45, 11.72, 24.54, 287.63, 53, 84, 10476700
0.45, 12.04, 24.25, 292.05, 53, 84, 10488528
0.45, 12.37, 24.30, 300.61, 53, 84, 10500364
0.45, 11.72, 23.92, 280.36, 53, 84, 10512188
0.46, 12.37, 24.27, 300.28, 53, 84, 10524020
0.47, 11.72, 24.30, 284.79, 53, 84, 10535848
0.46, 11.07, 24.41, 270.16, 53, 84, 10547680
0.46, 11.72, 24.25, 284.16, 53, 84, 10559516
0.47, 12.04, 24.49, 294.97, 53, 84, 10571344
0.47, 11.72, 24.49, 287.00, 53, 84, 10583180
0.47, 12.70, 24.30, 308.52, 53, 84, 10595004
0.47, 12.37, 24.19, 299.28, 53, 84, 10606840
0.47, 11.72, 24.11, 282.58, 53, 84, 10618664
0.46, 12.04, 24.11, 290.43, 53, 84, 10630496
0.47, 11.39, 24.41, 278.11, 53, 84, 10642324
0.47, 12.70, 24.49, 310.92, 53, 84, 10654156
0.47, 12.70, 24.33, 308.86, 53, 84, 10665988
0.46, 12.37, 23.98, 296.61, 54, 84, 10677812
0.46, 12.70, 24.01, 304.75, 54, 84, 10689648
0.46, 12.70, 24.41, 309.89, 54, 84, 10701468
0.47, 11.72, 24.41, 286.05, 54, 84, 10713304
0.48, 12.70, 24.41, 309.89, 54, 84, 10725128
0.48, 12.37, 24.57, 303.95, 54, 84, 10736964
0.48, 12.70, 24.01, 304.75, 54, 84, 10748784
0.48, 12.70, 24.14, 306.47, 54, 84, 10760612
0.48, 12.04, 24.22, 291.72, 54, 84, 10772448
0.49, 12.70, 24.46, 310.58, 54, 84, 10784276
0.49, 13.02, 24.54, 319.59, 54, 84, 10796108
0.49, 13.35, 24.11, 321.82, 54, 84, 10807932
0.48, 12.70, 24.49, 310.92, 54, 84, 10819788
0.49, 12.70, 24.17, 306.81, 54, 84, 10831596
0.49, 12.37, 24.30, 300.61, 54, 84, 10843428
0.49, 13.02, 24.36, 317.13, 54, 84, 10855252
0.48, 12.70, 24.60, 312.29, 54, 84, 10867080
0.48, 13.35, 24.09, 321.46, 55, 84, 10878916
0.48, 12.37, 24.27, 300.28, 55, 84, 10890736
0.48, 13.02, 24.11, 313.97, 55, 84, 10902576
0.49, 13.02, 24.49, 318.89, 55, 84, 10914404
0.49, 13.02, 24.54, 319.59, 55, 84, 10926236
0.50, 13.35, 24.06, 321.10, 55, 84, 10938064
0.50, 13.67, 24.49, 334.83, 55, 84, 10949904
0.50, 13.67, 24.14, 330.04, 55, 84, 10961724
0.51, 13.35, 24.19, 322.90, 55, 84, 10973556
0.50, 13.02, 24.63, 320.65, 55, 84, 10985388
0.50, 14.00, 24.41, 341.67, 55, 84, 10997216
0.50, 14.00, 24.09, 337.14, 55, 84, 11009052
0.50, 13.35, 24.06, 321.10, 55, 84, 11020876
0.50, 13.35, 23.90, 318.94, 55, 84, 11032712
0.50, 13.02, 24.46, 318.54, 55, 84, 11044540
0.50, 13.35, 24.71, 329.74, 55, 84, 11056372
0.49, 14.32, 24.49, 350.78, 55, 84, 11068200
0.50, 13.67, 24.25, 331.52, 56, 84, 11080044
0.50, 13.35, 23.90, 318.94, 56, 84, 11091860
0.50, 13.35, 24.11, 321.82, 56, 84, 11103692
0.51, 13.02, 24.46, 318.54, 56, 84, 11115524
0.51, 13.67, 24.44, 334.10, 56, 84, 11127352
0.52, 13.67, 24.17, 330.41, 56, 84, 11139188
0.52, 14.32, 23.87, 341.89, 56, 84, 11151012
0.52, 14.65, 24.01, 351.64, 56, 84, 11162852
0.51, 13.35, 24.33, 324.70, 56, 84, 11174676
0.51, 14.65, 23.95, 350.85, 56, 84, 11186512
0.51, 13.67, 23.92, 327.09, 56, 84, 11198352
0.52, 14.97, 23.98, 359.05, 56, 85, 11210164
0.52, 14.97, 24.36, 364.70, 56, 84, 11222000
0.52, 13.67, 23.98, 327.83, 56, 84, 11233824
0.52, 13.35, 24.38, 325.42, 56, 84, 11245660
0.52, 14.00, 24.38, 341.30, 56, 84, 11257484
0.52, 14.65, 24.60, 360.33, 56, 84, 11269324
0.52, 14.32, 23.79, 340.73, 57, 84, 11281144
0.52, 14.65, 24.09, 352.82, 57, 84, 11292980
0.52, 14.00, 24.27, 339.79, 57, 84, 11304804
0.53, 14.97, 24.33, 364.30, 57, 84, 11316636
0.53, 14.65, 24.27, 355.59, 57, 84, 11328472
0.52, 15.30, 24.01, 367.27, 57, 84, 11340300
0.53, 14.65, 23.95, 350.85, 57, 84, 11352132
0.53, 14.32, 24.27, 347.69, 57, 84, 11363956
0.54, 14.00, 24.33, 340.54, 57, 84, 11375796
0.54, 14.97, 24.01, 359.45, 57, 84, 11387620
0.53, 15.30, 23.95, 366.44, 57, 84, 11399456
0.54, 14.00, 24.41, 341.67, 57, 84, 11411284
0.54, 14.32, 24.14, 345.76, 57, 84, 11423112
0.54, 15.30, 24.33, 372.22, 57, 84, 11434948
0.53, 14.65, 23.92, 350.45, 57, 84, 11446772
0.54, 15.95, 24.27, 387.20, 57, 84, 11458624
0.54, 14.65, 24.65, 361.12, 57, 85, 11470432
0.52, 15.95, 24.54, 391.50, 58, 84, 11482268
0.53, 14.97, 24.06, 360.26, 58, 84, 11494092
0.53, 15.30, 23.82, 364.38, 58, 84, 11505928
0.54, 14.97, 23.90, 357.84, 58, 84, 11517752
0.56, 15.30, 24.06, 368.09, 58, 84, 11529580
0.56, 15.30, 24.03, 367.68, 58, 84, 11541412
0.55, 14.97, 24.36, 364.70, 58, 84, 11553244
0.55, 14.97, 24.38, 365.11, 58, 84, 11565080
0.55, 16.28, 23.98, 390.27, 58, 84, 11576904
0.57, 15.63, 23.87, 372.97, 58, 84, 11588740
0.56, 15.30, 24.11, 368.92, 58, 84, 11600568
0.56, 15.30, 24.60, 376.35, 58, 84, 11612400
0.55, 15.95, 24.19, 385.91, 58, 84, 11624224
0.56, 15.63, 23.90, 373.40, 58, 84, 11636052
0.56, 14.97, 24.60, 368.34, 58, 84, 11647880
0.55, 16.28, 23.82, 387.64, 58, 84, 11659708
0.55, 15.63, 23.79, 371.71, 58, 84, 11671544
0.54, 14.97, 24.25, 363.09, 59, 84, 11683368
0.55, 15.95, 24.49, 390.64, 59, 84, 11695200
0.55, 15.63, 23.74, 370.87, 59, 84, 11707024
0.56, 15.95, 23.87, 380.74, 59, 84, 11718864
0.56, 15.95, 24.63, 392.79, 59, 84, 11730688
0.57, 15.95, 24.52, 391.07, 59, 84, 11742520
0.57, 15.95, 24.14, 385.05, 59, 84, 11754348
0.57, 15.63, 24.30, 379.72, 59, 84, 11766176
0.57, 16.28, 24.25, 394.66, 59, 84, 11778012
0.57, 16.60, 23.92, 397.18, 59, 84, 11789840
0.57, 15.63, 23.84, 372.55, 59, 84, 11801672
0.57, 15.95, 24.41, 389.35, 59, 84, 11813496
0.56, 16.60, 24.19, 401.66, 59, 84, 11825328
0.57, 15.95, 24.14, 385.05, 59, 84, 11837156
0.57, 15.63, 24.14, 377.19, 59, 84, 11848992
0.57, 16.60, 24.09, 399.87, 59, 84, 11860816
0.57, 16.60, 24.03, 398.97, 59, 84, 11872648
0.57, 15.30, 24.09, 368.51, 60, 84, 11884484
0.57, 16.93, 24.03, 406.80, 60, 84, 11896308
0.57, 17.58, 24.19, 425.29, 60, 84, 11908144
0.58, 16.28, 24.14, 392.91, 60, 84, 11919968
0.58, 15.95, 24.30, 387.63, 60, 84, 11931808
0.58, 16.93, 24.14, 408.62, 60, 84, 11943632
0.58, 16.28, 23.79, 387.20, 60, 84, 11955464
0.58, 16.28, 24.33, 395.98, 60, 84, 11967292
0.59, 16.60, 24.19, 401.66, 60, 84, 11979124
0.58, 16.60, 23.95, 397.63, 60, 84, 11990956
0.58, 16.60, 24.52, 407.03, 60, 84, 12002784
0.58, 17.25, 24.14, 416.48, 60, 84, 12014620
0.59, 17.58, 23.71, 416.75, 60, 84, 12026444
0.59, 15.95, 24.19, 385.91, 60, 84, 12038284
0.58, 17.90, 24.11, 431.71, 60, 84, 12050104
0.59, 16.93, 23.95, 405.43, 60, 84, 12061940
0.59, 16.93, 24.22, 409.99, 60, 84, 12073764
0.59, 18.88, 24.33, 459.33, 61, 84, 12085596
0.59, 16.28, 24.52, 399.05, 61, 84, 12097424
0.59, 17.90, 24.65, 441.37, 61, 84, 12109256
0.60, 18.23, 23.98, 437.10, 61, 84, 12121092
0.60, 16.60, 24.01, 398.52, 61, 84, 12132920
0.60, 17.25, 24.49, 422.53, 61, 84, 12144752
0.60, 17.90, 24.01, 429.78, 61, 84, 12156580
0.60, 17.25, 24.38, 420.67, 61, 84, 12168412
0.60, 17.25, 24.27, 418.81, 61, 84, 12180256
0.61, 18.23, 23.90, 435.63, 61, 84, 12192076
0.60, 17.90, 24.33, 435.58, 61, 84, 12203900
0.61, 18.55, 24.11, 447.41, 61, 84, 12215724
0.61, 16.93, 24.33, 411.82, 61, 84, 12227564
0.60, 18.55, 24.27, 450.41, 61, 84, 12239384
0.60, 17.25, 23.65, 408.10, 61, 84, 12251220
0.60, 17.90, 24.19, 433.16, 61, 84, 12263040
0.61, 18.55, 24.44, 453.42, 61, 84, 12274880
0.59, 17.58, 24.46, 430.03, 62, 84, 12286700
0.60, 17.25, 23.87, 411.83, 62, 84, 12298548
0.61, 16.93, 23.74, 401.77, 62, 85, 12310360
0.62, 17.58, 24.01, 421.97, 62, 84, 12322188
0.62, 18.55, 23.76, 440.91, 62, 84, 12334020
0.62, 19.53, 24.27, 474.12, 62, 84, 12345844
0.63, 18.88, 23.90, 451.19, 62, 84, 12357676
0.63, 17.25, 24.09, 415.55, 62, 84, 12369504
0.63, 19.53, 24.25, 473.59, 62, 84, 12381336
0.63, 18.23, 23.95, 436.61, 62, 84, 12393156
0.63, 18.88, 24.41, 460.86, 62, 84, 12404992
0.63, 18.88, 23.95, 452.21, 62, 84, 12416816
0.62, 17.90, 24.01, 429.78, 62, 84, 12428648
0.62, 19.21, 24.01, 461.04, 62, 84, 12440492
0.62, 18.55, 24.46, 453.92, 62, 84, 12452304
0.62, 19.53, 24.06, 469.91, 62, 84, 12464140
0.62, 17.90, 24.25, 434.13, 62, 84, 12475960
0.63, 19.86, 24.03, 477.20, 63, 84, 12487796
0.62, 17.90, 23.92, 428.33, 63, 84, 12499620
0.62, 19.53, 24.54, 479.39, 63, 84, 12511452
0.64, 19.21, 23.76, 456.38, 63, 84, 12523280
0.64, 20.18, 23.76, 479.58, 63, 84, 12535116
0.64, 20.18, 23.57, 475.77, 63, 84, 12546940
0.64, 19.21, 23.79, 456.89, 63, 84, 12558784
0.64, 19.21, 23.98, 460.52, 63, 84, 12570604
0.65, 19.53, 23.95, 467.80, 63, 84, 12582428
0.64, 18.88, 24.25, 457.81, 63, 84, 12594268
0.64, 19.86, 23.90, 474.52, 63, 84, 12606088
0.64, 20.18, 23.60, 476.32, 63, 84, 12617924
0.63, 19.21, 23.57, 452.75, 63, 84, 12629744
0.64, 19.21, 24.27, 466.22, 63, 84, 12641580
0.64, 21.16, 23.79, 503.36, 63, 84, 12653400
0.64, 18.88, 23.82, 449.66, 63, 84, 12665232
0.64, 21.16, 24.03, 508.49, 63, 84, 12677064
0.64, 19.21, 24.03, 461.56, 64, 84, 12688888
0.64, 20.51, 23.52, 482.34, 64, 84, 12700720
0.64, 20.83, 24.36, 507.41, 64, 84, 12712548
0.64, 19.86, 24.06, 477.74, 64, 84, 12724384
0.64, 19.86, 24.73, 491.13, 64, 84, 12736208
0.65, 20.83, 24.22, 504.60, 64, 84, 12748048
0.66, 19.86, 23.71, 470.78, 64, 84, 12759868
0.65, 19.53, 24.09, 470.43, 64, 84, 12771700
0.66, 18.88, 24.11, 455.26, 64, 84, 12783528
0.66, 21.81, 23.95, 522.38, 64, 84, 12795356
0.66, 20.18, 24.17, 487.75, 64, 84, 12807192
0.65, 21.48, 24.17, 519.21, 64, 84, 12819016
0.65, 19.86, 23.79, 472.38, 64, 84, 12830852
0.65, 21.81, 23.82, 519.43, 64, 84, 12842672
0.66, 20.18, 24.36, 491.56, 64, 84, 12854508
0.67, 20.51, 23.79, 487.87, 64, 84, 12866328
0.66, 19.86, 23.76, 471.85, 64, 84, 12878156
0.66, 21.16, 23.71, 501.65, 65, 84, 12889988
0.66, 19.53, 23.90, 466.75, 65, 84, 12901820
0.66, 22.14, 24.11, 533.75, 65, 84, 12913656
0.66, 19.53, 24.30, 474.65, 65, 84, 12925484
0.67, 21.16, 24.68, 522.19, 65, 84, 12937320
0.68, 20.83, 23.87, 497.30, 65, 84, 12949144
0.67, 22.14, 24.09, 533.16, 65, 84, 12960980
0.68, 20.18, 24.14, 487.20, 65, 84, 12972804
0.68, 20.18, 24.27, 489.92, 65, 84, 12984640
0.68, 19.86, 23.92, 475.06, 65, 84, 12996464
0.68, 22.46, 24.41, 548.27, 65, 84, 13008296
0.67, 21.48, 23.98, 515.16, 65, 84, 13020136
0.68, 21.81, 23.52, 512.96, 65, 84, 13031956
0.68, 20.51, 24.19, 496.17, 65, 84, 13043796
0.68, 21.48, 23.84, 512.26, 65, 84, 13055620
0.67, 20.83, 23.98, 499.55, 65, 84, 13067456
0.68, 21.81, 23.90, 521.20, 65, 84, 13079280
0.68, 22.14, 24.11, 533.75, 66, 84, 13091116
0.67, 23.11, 23.95, 553.56, 66, 84, 13102940
0.68, 20.83, 23.57, 491.12, 66, 84, 13114772
0.68, 21.81, 24.03, 524.14, 66, 84, 13126608
0.68, 21.16, 24.19, 511.92, 66, 84, 13138432
0.69, 23.44, 23.76, 556.93, 66, 84, 13150268
0.69, 20.83, 24.27, 505.73, 66, 84, 13162092
0.69, 23.11, 23.71, 547.95, 66, 84, 13173932
0.70, 21.81, 24.44, 532.96, 66, 84, 13185756
0.69, 23.11, 24.01, 554.81, 66, 84, 13197592
0.69, 22.14, 24.25, 536.74, 66, 84, 13209412
0.70, 22.14, 24.06, 532.56, 66, 84, 13221244
0.69, 23.44, 24.36, 570.84, 66, 84, 13233072
0.70, 21.48, 23.95, 514.58, 66, 84, 13244900
0.70, 22.46, 23.84, 535.55, 66, 84, 13256740
0.69, 22.14, 24.41, 540.32, 66, 84, 13268560
0.69, 22.14, 24.36, 539.13, 66, 84, 13280416
0.69, 21.16, 24.36, 515.34, 67, 84, 13292224
0.70, 23.44, 23.82, 558.20, 67, 84, 13304060
0.69, 22.79, 24.71, 562.97, 67, 84, 13315880
0.69, 22.79, 24.17, 550.68, 67, 84, 13327712
0.70, 23.11, 23.74, 548.57, 67, 84, 13339540
0.71, 22.46, 24.27, 545.24, 67, 84, 13351372
0.71, 23.11, 23.57, 544.83, 67, 84, 13363208
0.71, 22.79, 24.30, 553.76, 67, 84, 13375032
0.71, 22.79, 23.95, 545.77, 67, 84, 13386864
0.71, 22.46, 24.25, 544.63, 67, 84, 13398704
0.71, 22.46, 24.57, 551.90, 67, 84, 13410524
0.71, 23.11, 23.79, 549.82, 67, 84, 13422348
0.71, 22.14, 24.17, 534.95, 67, 84, 13434180
0.71, 22.46, 24.17, 542.82, 67, 84, 13446004
0.71, 23.76, 23.76, 564.67, 67, 84, 13457836
0.71, 22.14, 24.09, 533.16, 67, 84, 13469672
0.71, 22.14, 23.87, 528.38, 67, 84, 13481496
0.71, 22.14, 24.11, 533.75, 68, 84, 13493332
0.71, 21.81, 23.76, 518.26, 68, 84, 13505160
0.71, 23.76, 24.19, 574.92, 68, 84, 13516996
0.71, 22.79, 24.06, 548.22, 68, 84, 13528820
0.72, 23.11, 23.95, 553.56, 68, 84, 13540672
0.72, 23.11, 24.30, 561.67, 68, 85, 13552480
0.73, 22.79, 23.71, 540.23, 68, 84, 13564308
0.73, 23.76, 23.92, 568.51, 68, 84, 13576144
0.73, 23.11, 24.44, 564.78, 68, 84, 13587968
0.72, 23.44, 24.41, 572.11, 68, 84, 13599804
0.72, 23.76, 24.06, 571.72, 68, 84, 13611628
0.73, 23.76, 23.52, 558.90, 68, 84, 13623464
0.73, 24.09, 23.79, 573.05, 68, 84, 13635288
0.71, 23.11, 24.41, 564.16, 68, 84, 13647124
0.71, 23.76, 23.71, 563.39, 68, 84, 13658964
0.73, 23.11, 24.38, 563.54, 68, 84, 13670776
0.72, 23.44, 24.25, 568.31, 68, 84, 13682604
0.73, 24.09, 23.41, 563.96, 69, 84, 13694440
0.72, 23.44, 24.25, 568.31, 69, 84, 13706272
0.72, 24.41, 23.79, 580.80, 69, 84, 13718100
0.73, 25.07, 24.09, 603.72, 69, 84, 13729936
0.73, 23.76, 24.11, 573.00, 69, 84, 13741760
0.73, 24.74, 23.68, 585.87, 69, 84, 13753596
0.74, 24.41, 23.65, 577.50, 69, 84, 13765416
0.75, 23.44, 23.95, 561.36, 69, 84, 13777248
0.75, 23.11, 23.98, 554.19, 69, 84, 13789076
0.74, 25.07, 23.41, 586.82, 69, 84, 13800908
0.74, 23.76, 23.71, 563.39, 69, 84, 13812740
0.74, 23.76, 23.92, 568.51, 69, 84, 13824564
0.75, 24.74, 23.92, 591.88, 69, 84, 13836400
0.74, 24.74, 24.01, 593.88, 69, 84, 13848220
0.74, 24.09, 24.01, 578.25, 69, 84, 13860056
0.74, 24.09, 23.74, 571.75, 69, 84, 13871880
0.73, 24.41, 24.30, 593.31, 69, 84, 13883716
0.73, 24.41, 24.19, 590.67, 70, 84, 13895536
0.73, 24.41, 24.11, 588.70, 70, 84, 13907364
0.74, 25.39, 23.41, 594.44, 70, 84, 13919200
0.74, 25.07, 23.82, 596.96, 70, 84, 13931024
0.74, 24.41, 24.03, 586.72, 70, 84, 13942856
0.76, 24.41, 24.14, 589.36, 70, 84, 13954680
0.76, 25.72, 23.47, 603.45, 70, 84, 13966516
0.76, 25.39, 23.63, 599.92, 70, 84, 13978340
0.75, 24.41, 24.25, 591.99, 70, 84, 13990172
0.75, 24.74, 24.19, 598.55, 70, 84, 14001996
0.76, 26.37, 24.03, 633.66, 70, 84, 14013828
0.75, 26.04, 23.65, 616.01, 70, 84, 14025660
0.76, 26.04, 24.09, 627.24, 70, 84, 14037484
0.76, 24.09, 23.92, 576.30, 70, 84, 14049316
0.76, 25.07, 23.84, 597.64, 70, 84, 14061140
0.75, 27.34, 23.90, 653.44, 70, 84, 14072980
0.74, 25.39, 23.65, 600.61, 70, 84, 14084800
0.75, 24.74, 24.11, 596.55, 71, 84, 14096636
0.75, 24.09, 23.98, 577.60, 71, 84, 14108460
0.76, 26.37, 23.79, 627.26, 71, 84, 14120288
0.76, 26.37, 24.06, 634.37, 71, 84, 14132116
0.76, 25.72, 24.33, 625.65, 71, 84, 14143944
0.77, 24.74, 23.95, 592.55, 71, 84, 14155780
0.76, 25.07, 24.03, 602.37, 71, 84, 14167600
0.77, 26.04, 23.63, 615.30, 71, 84, 14179436
0.75, 25.72, 23.60, 606.92, 71, 84, 14191260
0.77, 26.04, 23.82, 620.22, 71, 84, 14203092
0.77, 26.37, 24.33, 641.48, 71, 84, 14214916
0.77, 26.37, 23.74, 625.84, 71, 84, 14226748
0.77, 24.74, 23.76, 587.87, 71, 84, 14238572
0.76, 27.02, 24.03, 649.31, 71, 84, 14250404
0.78, 26.04, 24.36, 634.27, 71, 84, 14262240
0.75, 25.72, 24.33, 625.65, 71, 84, 14274068
0.77, 25.07, 23.84, 597.64, 71, 84, 14285900
0.77, 26.04, 23.63, 615.30, 72, 84, 14297728
0.75, 27.02, 23.65, 639.11, 72, 84, 14309564
0.76, 26.69, 23.41, 624.93, 72, 84, 14321388
0.77, 26.69, 24.06, 642.20, 72, 84, 14333220
0.79, 27.02, 24.01, 648.58, 72, 84, 14345044
0.78, 25.72, 23.74, 610.39, 72, 84, 14356872
0.79, 25.39, 23.95, 608.14, 72, 84, 14368708
0.78, 26.37, 23.71, 625.13, 72, 84, 14380544
0.78, 27.02, 23.55, 636.19, 72, 84, 14392360
0.79, 27.34, 23.55, 643.86, 72, 84, 14404188
0.78, 27.34, 24.54, 671.14, 72, 84, 14416024
0.79, 27.34, 23.92, 654.18, 72, 84, 14427848
0.77, 26.37, 24.27, 640.06, 72, 84, 14439684
0.77, 26.37, 24.03, 633.66, 72, 84, 14451508
0.79, 27.34, 23.65, 646.81, 72, 84, 14463336
0.79, 26.04, 23.68, 616.71, 72, 84, 14475168
0.78, 27.99, 23.52, 658.43, 72, 84, 14487000
0.78, 26.04, 23.95, 623.73, 73, 84, 14498856
0.79, 28.32, 23.65, 669.91, 73, 85, 14510660
0.78, 26.69, 23.57, 629.25, 73, 84, 14522500
0.79, 27.34, 24.14, 660.08, 73, 84, 14534324
0.79, 27.02, 23.71, 640.56, 73, 84, 14546160
0.80, 27.67, 23.68, 655.25, 73, 84, 14557984
0.81, 28.65, 24.11, 690.74, 73, 84, 14569816
0.79, 27.34, 23.60, 645.33, 73, 84, 14581648
0.79, 27.99, 23.57, 659.94, 73, 84, 14593476
0.80, 26.69, 23.76, 634.29, 73, 84, 14605312
0.79, 28.32, 23.95, 678.31, 73, 84, 14617136
0.80, 27.34, 23.55, 643.86, 73, 84, 14628972
0.81, 28.65, 24.03, 688.42, 73, 84, 14640816
0.80, 28.32, 23.74, 672.20, 73, 84, 14652632
0.80, 27.34, 23.87, 652.71, 73, 84, 14664456
0.79, 28.32, 23.68, 670.67, 73, 84, 14676288
0.81, 27.34, 23.49, 642.38, 73, 84, 14688112
0.80, 27.34, 24.17, 660.82, 74, 84, 14699940
0.79, 28.97, 23.60, 683.74, 74, 84, 14711772
0.80, 28.65, 23.41, 670.65, 74, 84, 14723600
0.81, 28.65, 24.41, 699.24, 74, 84, 14735440
0.82, 27.99, 23.60, 660.70, 74, 84, 14747260
0.81, 27.34, 24.06, 657.87, 74, 84, 14759112
0.82, 28.97, 24.57, 711.87, 74, 84, 14770916
0.82, 27.99, 24.06, 673.53, 74, 84, 14782752
0.81, 28.65, 24.17, 692.29, 74, 84, 14794576
0.82, 27.34, 23.71, 648.28, 74, 84, 14806408
0.81, 29.30, 23.55, 689.85, 74, 84, 14818244
0.81, 27.99, 24.14, 675.80, 74, 84, 14830064
0.81, 28.65, 23.82, 682.24, 74, 84, 14841900
0.81, 28.65, 23.98, 686.88, 74, 84, 14853724
0.81, 28.32, 23.52, 666.09, 74, 84, 14865560
0.80, 27.99, 24.25, 678.82, 74, 84, 14877380
0.81, 29.62, 23.47, 695.11, 74, 84, 14889216
0.82, 29.95, 24.65, 738.29, 75, 84, 14901052
0.82, 29.30, 23.68, 693.80, 75, 84, 14912868
0.81, 28.97, 23.57, 682.96, 75, 84, 14924692
0.82, 28.32, 23.90, 676.78, 75, 84, 14936524
0.83, 29.62, 23.38, 692.72, 75, 84, 14948356
0.83, 29.30, 23.44, 686.68, 75, 84, 14960180
0.82, 29.62, 23.65, 700.71, 75, 84, 14972016
0.82, 29.30, 23.44, 686.68, 75, 84, 14983840
0.83, 29.95, 23.57, 705.98, 75, 84, 14995676
0.82, 30.60, 23.47, 718.03, 75, 84, 15007504
0.83, 28.32, 23.98, 679.07, 75, 84, 15019336
0.84, 29.62, 23.30, 690.32, 75, 84, 15031160
0.82, 29.62, 23.57, 698.31, 75, 84, 15042988
0.84, 30.27, 23.47, 710.39, 75, 84, 15054824
0.83, 30.27, 23.22, 703.04, 75, 84, 15066648
0.82, 28.65, 23.44, 671.42, 75, 84, 15078484
0.82, 29.62, 23.20, 687.12, 75, 84, 15090308
0.83, 30.60, 23.57, 721.33, 76, 84, 15102144
0.82, 30.27, 23.63, 715.29, 76, 84, 15113968
0.83, 30.27, 23.38, 707.94, 76, 84, 15125804
0.84, 29.30, 23.65, 693.01, 76, 84, 15137628
0.83, 30.27, 23.55, 712.84, 76, 84, 15149460
0.84, 30.60, 23.60, 722.16, 76, 84, 15161296
0.84, 29.95, 23.79, 712.44, 76, 84, 15173120
0.83, 30.27, 23.65, 716.11, 76, 84, 15184956
0.83, 29.30, 24.01, 703.28, 76, 84, 15196780
0.84, 29.62, 23.95, 709.49, 76, 84, 15208616
0.84, 28.32, 23.68, 670.67, 76, 84, 15220440
0.83, 29.95, 23.57, 705.98, 76, 84, 15232276
0.83, 28.65, 23.74, 679.92, 76, 84, 15244100
0.83, 29.30, 23.63, 692.22, 76, 84, 15255932
0.84, 29.62, 24.06, 712.69, 76, 84, 15267760
0.83, 28.32, 24.11, 682.89, 76, 84, 15279588
0.83, 29.62, 24.09, 713.49, 76, 84, 15291424
0.84, 30.27, 24.17, 731.62, 77, 84, 15303248
0.84, 30.27, 23.92, 724.27, 77, 84, 15315084
0.84, 30.27, 23.65, 716.11, 77, 84, 15326904
0.84, 31.58, 23.44, 740.09, 77, 84, 15338740
0.85, 29.95, 23.68, 709.21, 77, 84, 15350564
0.85, 31.25, 23.41, 731.62, 77, 84, 15362396
0.85, 28.97, 23.90, 692.34, 77, 84, 15374224
0.86, 29.30, 23.74, 695.38, 77, 84, 15386056
0.84, 29.30, 24.06, 704.86, 77, 84, 15397892
0.84, 30.60, 23.95, 732.88, 77, 85, 15409716
0.85, 30.60, 23.55, 720.50, 77, 84, 15421556
0.85, 31.25, 24.01, 750.16, 77, 84, 15433376
0.85, 29.95, 23.79, 712.44, 77, 84, 15445208
0.84, 31.90, 23.33, 744.28, 77, 84, 15457032
0.85, 31.58, 23.28, 734.98, 77, 84, 15468868
0.84, 28.97, 23.65, 685.31, 77, 84, 15480692
0.84, 29.62, 23.65, 700.71, 77, 84, 15492516
0.85, 30.27, 23.65, 716.11, 78, 84, 15504352
0.84, 31.90, 24.11, 769.23, 78, 84, 15516172
0.84, 31.25, 23.28, 727.41, 78, 84, 15528008
0.85, 30.60, 23.09, 706.47, 78, 84, 15539828
0.86, 31.25, 23.49, 734.15, 78, 84, 15551668
0.86, 30.92, 23.74, 734.01, 78, 84, 15563492
0.87, 30.60, 23.98, 733.71, 78, 84, 15575328
0.86, 30.92, 23.90, 739.01, 78, 84, 15587152
0.87, 30.92, 23.74, 734.01, 78, 84, 15598984
0.87, 31.90, 23.41, 746.86, 78, 84, 15610820
0.86, 31.25, 23.52, 734.99, 78, 84, 15622644
0.85, 31.25, 23.95, 748.48, 78, 84, 15634480
0.86, 32.23, 23.65, 762.31, 78, 84, 15646304
0.86, 32.23, 23.71, 764.04, 78, 84, 15658144
0.86, 31.90, 23.90, 762.35, 78, 84, 15669964
0.86, 31.90, 22.85, 728.79, 78, 84, 15681800
0.86, 30.92, 23.87, 738.18, 78, 84, 15693620
0.87, 31.58, 24.06, 759.68, 79, 84, 15705452
0.86, 32.88, 23.12, 759.97, 79, 84, 15717280
0.86, 31.25, 23.52, 734.99, 79, 84, 15729104
0.87, 32.55, 24.01, 781.42, 79, 84, 15740960
0.88, 31.58, 23.84, 752.87, 79, 85, 15752764
0.88, 31.90, 23.90, 762.35, 79, 84, 15764600
0.87, 33.53, 23.33, 782.25, 79, 84, 15776424
0.88, 31.25, 24.01, 750.16, 79, 84, 15788252
0.87, 32.55, 23.55, 766.49, 79, 84, 15800080
0.88, 32.88, 23.98, 788.35, 79, 84, 15811916
0.88, 33.85, 23.25, 787.11, 79, 84, 15823736
0.88, 31.58, 23.52, 742.65, 79, 84, 15835568
0.89, 32.23, 23.38, 753.61, 79, 84, 15847400
0.88, 30.92, 23.60, 729.84, 79, 84, 15859244
0.88, 33.53, 23.98, 803.96, 79, 84, 15871064
0.87, 32.88, 23.92, 786.57, 79, 84, 15882888
0.87, 32.88, 23.55, 774.16, 79, 84, 15894724
0.87, 32.55, 23.87, 777.03, 80, 84, 15906548
0.87, 31.25, 23.76, 742.58, 80, 84, 15918384
0.88, 32.88, 23.38, 768.84, 80, 84, 15930208
0.88, 31.58, 23.68, 747.76, 80, 84, 15942040
0.90, 32.88, 23.65, 777.71, 80, 84, 15953876
0.90, 33.53, 24.01, 804.86, 80, 84, 15965700
0.89, 33.53, 23.49, 787.68, 80, 84, 15977540
0.89, 32.55, 23.76, 773.52, 80, 84, 15989364
0.89, 32.23, 23.79, 766.65, 80, 84, 16001212
0.90, 31.90, 23.14, 738.26, 80, 84, 16013020
0.89, 32.88, 23.60, 775.93, 80, 84, 16024860
0.89, 34.18, 24.49, 837.09, 80, 84, 16036684
0.88, 34.83, 24.19, 842.70, 80, 84, 16048512
0.89, 33.20, 24.06, 798.84, 80, 84, 16060344
0.89, 32.88, 24.03, 790.12, 80, 84, 16072168
0.89, 33.53, 23.79, 797.63, 80, 84, 16084004
0.89, 32.88, 23.82, 783.03, 80, 84, 16095828
0.89, 32.55, 23.68, 770.88, 81, 84, 16107668
0.88, 34.51, 23.74, 819.00, 81, 84, 16119504
0.90, 33.85, 23.38, 791.68, 81, 84, 16131328
0.89, 35.48, 23.95, 849.83, 81, 84, 16143148
0.90, 34.83, 23.71, 825.79, 81, 84, 16154980
0.91, 33.20, 23.71, 787.20, 81, 84, 16166812
0.90, 35.48, 24.36, 864.19, 81, 84, 16178636
0.90, 34.18, 23.22, 793.76, 81, 84, 16190472
0.91, 33.85, 23.65, 800.81, 81, 84, 16202296
0.89, 34.83, 23.92, 833.30, 81, 84, 16214132
0.90, 33.20, 23.74, 788.09, 81, 84, 16225952
0.89, 32.88, 23.36, 767.95, 81, 84, 16237792
0.90, 35.48, 23.57, 836.44, 81, 84, 16249616
0.91, 33.85, 23.57, 798.07, 81, 84, 16261452
0.90, 34.83, 24.01, 836.12, 81, 84, 16273272
0.89, 33.85, 23.01, 778.89, 81, 84, 16285104
0.91, 33.85, 23.63, 799.89, 81, 84, 16296940
0.91, 35.48, 23.76, 843.14, 82, 84, 16308760
0.90, 34.83, 23.41, 815.45, 82, 84, 16320600
0.90, 33.85, 23.49, 795.33, 82, 84, 16332420
0.90, 34.51, 23.79, 820.86, 82, 84, 16344260
0.91, 34.18, 23.79, 813.12, 82, 84, 16356080
0.92, 34.18, 23.90, 816.80, 82, 84, 16367916
0.91, 34.83, 23.30, 811.69, 82, 84, 16379736
0.91, 34.83, 23.71, 825.79, 82, 84, 16391568
0.92, 34.83, 24.25, 844.58, 82, 84, 16403404
0.92, 33.85, 23.41, 792.59, 82, 84, 16415228
0.92, 34.51, 23.82, 821.79, 82, 84, 16427064
0.92, 36.46, 23.22, 846.67, 82, 84, 16438888
0.92, 34.18, 23.87, 815.88, 82, 84, 16450724
0.91, 35.81, 23.49, 841.21, 82, 84, 16462552
0.91, 34.51, 23.25, 802.25, 82, 84, 16474384
0.92, 34.83, 24.22, 843.64, 82, 84, 16486212
0.91, 35.81, 23.41, 838.31, 82, 84, 16498040
0.92, 34.51, 23.68, 817.14, 83, 84, 16509876
0.92, 36.46, 23.25, 847.66, 83, 84, 16521704
0.91, 35.16, 23.36, 821.18, 83, 84, 16533540
0.91, 35.48, 23.33, 827.82, 83, 84, 16545364
0.91, 36.13, 23.95, 865.43, 83, 84, 16557204
0.93, 35.16, 23.76, 835.40, 83, 84, 16569028
0.93, 36.78, 23.68, 871.10, 83, 84, 16580864
0.92, 35.16, 23.52, 826.87, 83, 84, 16592688
0.94, 37.43, 23.74, 888.54, 83, 84, 16604516
0.93, 36.78, 24.46, 899.87, 83, 84, 16616348
0.94, 36.78, 23.84, 877.05, 83, 84, 16628180
0.94, 35.81, 23.47, 840.25, 83, 84, 16640016
0.93, 35.48, 23.03, 817.30, 83, 84, 16651840
0.92, 35.48, 23.68, 840.26, 83, 84, 16663676
0.91, 37.11, 23.14, 858.79, 83, 84, 16675500
0.93, 35.48, 23.60, 837.39, 83, 84, 16687336
0.94, 37.43, 23.55, 881.47, 83, 84, 16699164
0.93, 35.81, 23.95, 857.63, 84, 84, 16710992
0.92, 36.46, 23.57, 859.46, 84, 84, 16722820
0.93, 37.11, 23.98, 889.82, 84, 84, 16734648
0.93, 36.78, 23.12, 850.26, 84, 84, 16746484
0.94, 36.78, 23.82, 876.06, 84, 84, 16758308
0.94, 37.11, 23.55, 873.80, 84, 84, 16770144
0.94, 37.11, 23.55, 873.80, 84, 84, 16781964
0.95, 37.11, 23.95, 888.82, 84, 84, 16793800
0.94, 35.81, 23.87, 854.73, 84, 84, 16805620
0.94, 36.13, 23.65, 854.71, 84, 84, 16817460
0.96, 35.81, 23.41, 838.31, 84, 84, 16829280
0.96, 37.43, 24.41, 913.78, 84, 84, 16841124
0.94, 36.13, 23.76, 858.61, 84, 84, 16852944
0.94, 37.43, 23.28, 871.37, 84, 84, 16864768
0.94, 37.76, 24.22, 914.60, 84, 84, 16876604
0.93, 37.43, 23.76, 889.55, 84, 84, 16888424
0.94, 37.76, 22.95, 866.73, 84, 84, 16900260
0.94, 37.43, 23.44, 877.43, 85, 84, 16912084
0.94, 37.11, 23.55, 873.80, 85, 84, 16923920
0.93, 36.78, 23.76, 874.08, 85, 84, 16935740
0.94, 35.16, 23.79, 836.35, 85, 84, 16947568
0.96, 37.76, 24.17, 912.56, 85, 84, 16959424
0.97, 38.74, 23.98, 928.85, 85, 85, 16971228
0.97, 36.78, 23.52, 865.15, 85, 84, 16983060
0.96, 36.78, 24.01, 883.01, 85, 84, 16994884
0.97, 37.11, 23.92, 887.82, 85, 84, 17006720
0.97, 36.78, 23.44, 862.17, 85, 84, 17018540
0.96, 37.11, 23.41, 868.80, 85, 84, 17030376
0.97, 38.09, 24.27, 924.53, 85, 84, 17042200
0.95, 38.09, 23.03, 877.28, 85, 84, 17054028
0.95, 39.06, 23.41, 914.53, 85, 84, 17065860
0.96, 38.74, 24.19, 937.20, 85, 84, 17077692
0.95, 39.39, 23.17, 912.59, 85, 84, 17089524
0.95, 38.09, 24.22, 922.48, 85, 84, 17101364
0.95, 39.06, 24.19, 945.08, 86, 84, 17113184
0.96, 38.41, 23.68, 909.64, 86, 84, 17125016
0.95, 37.76, 23.20, 875.89, 86, 84, 17136848
0.96, 38.09, 23.25, 885.50, 86, 84, 17148672
0.97, 38.09, 23.49, 894.74, 86, 84, 17160512
0.97, 37.43, 23.38, 875.41, 86, 85, 17172328
0.98, 39.39, 23.41, 922.15, 86, 84, 17184164
0.97, 38.41, 23.63, 907.57, 86, 84, 17196000
0.98, 38.74, 23.55, 912.13, 86, 84, 17207824
0.98, 38.74, 23.41, 906.90, 86, 84, 17219676
0.98, 38.09, 23.30, 887.55, 86, 84, 17231484
0.99, 40.04, 23.52, 941.71, 86, 84, 17243320
0.98, 36.78, 23.47, 863.16, 86, 84, 17255144
0.98, 39.06, 23.49, 917.69, 86, 84, 17266980
0.97, 39.39, 23.28, 916.83, 86, 84, 17278808
0.98, 39.39, 23.68, 932.77, 86, 84, 17290632
0.97, 39.39, 23.57, 928.52, 86, 84, 17302472
0.97, 40.36, 23.60, 952.63, 87, 84, 17314296
0.97, 37.76, 23.14, 873.86, 87, 84, 17326132
0.96, 38.09, 23.44, 892.69, 87, 84, 17337960
0.98, 40.04, 23.30, 933.07, 87, 84, 17349792
0.98, 38.74, 23.30, 902.73, 87, 84, 17361616
0.97, 39.39, 23.92, 942.33, 87, 84, 17373448
1.00, 39.71, 23.87, 947.98, 87, 84, 17385272
0.99, 40.36, 23.52, 949.36, 87, 84, 17397100
0.98, 40.36, 24.27, 979.85, 87, 84, 17408928
1.00, 38.74, 23.38, 905.86, 87, 84, 17420756
0.99, 39.71, 24.01, 953.33, 87, 84, 17432592
0.98, 41.02, 23.68, 971.31, 87, 84, 17444416
0.98, 41.02, 23.06, 945.87, 87, 84, 17456248
0.99, 40.04, 24.03, 962.23, 87, 84, 17468068
0.99, 38.41, 23.49, 902.39, 87, 84, 17479904
0.99, 39.06, 23.25, 908.20, 87, 84, 17491728
0.98, 38.74, 23.49, 910.04, 87, 84, 17503560
0.97, 38.09, 24.01, 914.26, 88, 84, 17515384
0.98, 39.06, 24.14, 942.97, 88, 84, 17527212
0.99, 41.02, 23.28, 954.72, 88, 84, 17539048
1.00, 40.69, 23.65, 962.51, 88, 84, 17550868
1.00, 41.67, 23.44, 976.62, 88, 84, 17562708
1.00, 40.36, 23.12, 933.03, 88, 84, 17574532
1.00, 41.34, 23.38, 966.76, 88, 84, 17586368
0.99, 40.04, 23.71, 949.27, 88, 84, 17598192
1.01, 41.02, 24.11, 989.01, 88, 84, 17610028
1.00, 40.36, 23.36, 942.83, 88, 84, 17621856
1.00, 41.99, 23.49, 986.51, 88, 84, 17633688
1.00, 40.69, 23.01, 936.17, 88, 84, 17645520
0.99, 40.69, 23.36, 950.44, 88, 84, 17657348
1.00, 39.71, 23.47, 931.91, 88, 84, 17669184
0.99, 41.34, 23.20, 958.95, 88, 84, 17681008
1.01, 40.36, 24.01, 968.96, 88, 84, 17692844
1.01, 40.04, 23.55, 942.79, 88, 84, 17704668
1.02, 40.36, 23.14, 934.12, 89, 84, 17716504
1.00, 41.02, 23.06, 945.87, 89, 84, 17728332
0.99, 41.02, 23.20, 951.40, 89, 84, 17740160
1.02, 39.71, 23.22, 922.27, 89, 84, 17752000
1.01, 41.67, 23.65, 985.61, 89, 84, 17763820
1.01, 40.69, 23.55, 958.12, 89, 84, 17775656
1.02, 41.02, 23.82, 976.85, 89, 84, 17787476
1.01, 40.04, 23.74, 950.35, 89, 84, 17799312
1.02, 41.02, 23.68, 971.31, 89, 84, 17811132
1.03, 41.67, 23.03, 959.76, 89, 84, 17822972
1.02, 41.99, 24.01, 1008.03, 89, 84, 17834792
1.01, 40.36, 23.36, 942.83, 89, 84, 17846624
1.01, 41.02, 22.95, 941.44, 89, 84, 17858452
1.02, 41.34, 23.84, 985.71, 89, 84, 17870280
1.02, 41.99, 23.12, 970.66, 89, 84, 17882116
1.01, 41.67, 23.90, 995.72, 89, 84, 17893936
1.01, 42.32, 23.30, 986.17, 89, 84, 17905772
1.02, 41.02, 23.63, 969.10, 90, 84, 17917596
1.02, 41.67, 23.71, 987.86, 90, 84, 17929432
1.01, 42.64, 23.17, 988.01, 90, 84, 17941252
1.01, 41.99, 23.87, 1002.37, 90, 84, 17953088
1.01, 42.64, 23.47, 1000.66, 90, 84, 17964912
1.03, 42.32, 23.06, 975.90, 90, 84, 17976740
1.03, 41.99, 23.06, 968.39, 90, 84, 17988572
1.03, 41.99, 23.71, 995.57, 90, 84, 18000396
1.04, 41.99, 23.57, 989.91, 90, 84, 18012236
1.03, 41.67, 23.60, 983.36, 90, 84, 18024056
1.03, 41.67, 23.44, 976.62, 90, 84, 18035892
1.02, 41.99, 23.68, 994.44, 90, 84, 18047716
1.03, 41.99, 23.33, 979.72, 90, 84, 18059568
1.03, 42.97, 23.71, 1018.73, 90, 85, 18071380
1.03, 42.64, 23.82, 1015.61, 90, 84, 18083208
1.04, 42.97, 24.09, 1034.95, 90, 84, 18095044
1.02, 42.97, 23.49, 1009.45, 90, 84, 18106864
1.02, 43.62, 23.47, 1023.57, 91, 84, 18118704
1.02, 42.64, 23.41, 998.36, 91, 84, 18130524
1.04, 42.32, 22.82, 965.63, 91, 84, 18142360
1.03, 43.29, 23.47, 1015.93, 91, 84, 18154180
1.04, 43.29, 23.47, 1015.93, 91, 84, 18166016
1.04, 43.29, 23.60, 1021.77, 91, 84, 18177840
1.05, 43.95, 23.44, 1030.03, 91, 84, 18189668
1.06, 43.29, 23.49, 1017.10, 91, 84, 18201512
1.04, 42.64, 23.63, 1007.56, 91, 84, 18213324
1.05, 43.29, 23.60, 1021.77, 91, 84, 18225164
1.04, 42.97, 23.30, 1001.34, 91, 84, 18236984
1.05, 43.29, 23.17, 1003.09, 91, 84, 18248820
1.04, 43.95, 23.20, 1019.36, 91, 84, 18260644
1.03, 43.29, 23.33, 1010.10, 91, 84, 18272480
1.05, 43.29, 22.98, 994.92, 91, 84, 18284308
1.05, 43.62, 23.74, 1035.34, 91, 84, 18296144
1.05, 43.29, 23.63, 1022.94, 91, 84, 18307964
1.04, 43.29, 23.44, 1014.77, 92, 84, 18319816
1.05, 43.62, 23.12, 1008.28, 92, 84, 18331636
1.05, 43.62, 23.17, 1010.63, 92, 84, 18343460
1.06, 43.95, 23.33, 1025.29, 92, 84, 18355300
1.06, 44.60, 23.33, 1040.47, 92, 84, 18367120
1.04, 44.92, 23.22, 1043.22, 92, 84, 18378956
1.06, 44.60, 23.30, 1039.27, 92, 84, 18390780
1.05, 44.92, 23.09, 1037.16, 92, 84, 18402616
1.05, 44.92, 23.57, 1058.97, 92, 84, 18414440
1.06, 44.60, 23.38, 1042.88, 92, 84, 18426276
1.05, 44.92, 23.41, 1051.70, 92, 84, 18438112
1.05, 44.27, 23.60, 1044.82, 92, 84, 18449932
1.05, 44.92, 23.36, 1049.28, 92, 84, 18461788
1.06, 45.25, 23.44, 1060.55, 92, 84, 18473596
1.06, 44.27, 23.44, 1037.66, 92, 84, 18485428
1.06, 44.60, 23.30, 1039.27, 92, 84, 18497256
1.04, 44.92, 23.33, 1048.07, 92, 84, 18509092
1.04, 44.27, 23.22, 1028.10, 93, 84, 18520916
1.06, 45.25, 23.20, 1049.56, 93, 84, 18532748
1.06, 44.60, 23.22, 1035.66, 93, 84, 18544584
1.07, 45.25, 23.09, 1044.68, 93, 84, 18556408
1.07, 45.25, 23.12, 1045.90, 93, 84, 18568244
1.07, 44.92, 23.25, 1044.43, 93, 84, 18580072
1.07, 44.92, 23.79, 1068.67, 93, 84, 18591908
1.06, 44.60, 23.28, 1038.07, 93, 84, 18603732
1.07, 44.92, 23.14, 1039.59, 93, 84, 18615568
1.05, 45.90, 23.41, 1074.57, 93, 84, 18627392
1.07, 45.25, 23.22, 1050.78, 93, 84, 18639220
1.07, 45.25, 23.38, 1058.10, 93, 84, 18651052
1.07, 46.22, 23.14, 1069.72, 93, 84, 18662884
1.08, 44.92, 23.25, 1044.43, 93, 84, 18674720
1.06, 45.25, 23.41, 1059.33, 93, 84, 18686544
1.08, 46.55, 23.33, 1086.04, 93, 84, 18698380
1.06, 45.90, 23.22, 1065.90, 93, 84, 18710204
1.06, 46.22, 23.33, 1078.45, 94, 84, 18722036
1.05, 45.90, 23.38, 1073.33, 94, 84, 18733856
1.06, 46.22, 23.20, 1072.21, 94, 84, 18745688
1.10, 45.57, 23.49, 1070.63, 94, 84, 18757512
1.07, 45.90, 23.41, 1074.57, 94, 84, 18769344
1.08, 46.22, 23.60, 1090.92, 94, 84, 18781180
1.07, 46.55, 23.09, 1074.74, 94, 84, 18793004
1.08, 45.90, 23.25, 1067.14, 94, 84, 18804836
1.08, 46.22, 23.41, 1082.19, 94, 84, 18816660
1.06, 46.22, 23.28, 1075.95, 94, 84, 18828496
1.08, 46.22, 23.57, 1089.67, 94, 84, 18840320
1.09, 46.55, 23.63, 1099.85, 94, 84, 18852160
1.10, 46.88, 23.33, 1093.64, 94, 84, 18863980
1.09, 45.90, 23.38, 1073.33, 94, 84, 18875808
1.08, 46.88, 23.52, 1102.49, 94, 84, 18887640
1.07, 46.22, 23.30, 1077.20, 94, 84, 18899468
1.07, 47.20, 23.38, 1103.78, 94, 84, 18911300
1.08, 47.20, 23.44, 1106.32, 95, 84, 18923128
1.08, 46.55, 23.44, 1091.07, 95, 84, 18934964
1.08, 46.88, 23.01, 1078.47, 95, 84, 18946788
1.08, 46.88, 23.12, 1083.52, 95, 84, 18958624
1.08, 46.55, 23.17, 1078.51, 95, 84, 18970448
1.07, 48.18, 23.14, 1114.92, 95, 84, 18982276
1.08, 46.88, 23.22, 1088.58, 95, 84, 18994112
1.09, 46.88, 23.20, 1087.32, 95, 84, 19005932
1.10, 47.20, 23.38, 1103.78, 95, 84, 19017768
1.09, 46.88, 23.25, 1089.84, 95, 84, 19029592
1.08, 47.20, 23.57, 1112.69, 95, 84, 19041424
1.10, 47.53, 23.03, 1094.73, 95, 84, 19053252
1.09, 47.53, 23.09, 1097.29, 95, 84, 19065088
1.08, 47.20, 23.44, 1106.32, 95, 84, 19076912
1.09, 47.20, 23.52, 1110.14, 95, 84, 19088740
1.09, 47.20, 23.55, 1111.42, 95, 84, 19100568
1.09, 47.53, 23.52, 1117.80, 95, 85, 19112396
1.08, 48.18, 22.87, 1101.93, 96, 84, 19124232
1.10, 47.85, 23.17, 1108.68, 96, 84, 19136060
1.10, 47.85, 23.25, 1112.55, 96, 84, 19147892
1.10, 47.20, 23.36, 1102.51, 96, 84, 19159732
1.11, 47.20, 23.52, 1110.14, 96, 84, 19171552
1.10, 48.83, 23.41, 1143.16, 96, 84, 19183372
1.11, 48.50, 23.22, 1126.38, 96, 84, 19195208
1.12, 48.83, 23.33, 1139.21, 96, 84, 19207032
1.11, 47.53, 23.52, 1117.80, 96, 84, 19218860
1.11, 47.53, 23.30, 1107.55, 96, 84, 19230696
1.10, 48.18, 23.47, 1130.51, 96, 84, 19242520
1.10, 48.18, 23.44, 1129.21, 96, 84, 19254352
1.11, 49.48, 22.71, 1123.70, 96, 84, 19266172
1.10, 48.50, 22.95, 1113.30, 96, 84, 19278012
1.10, 48.50, 22.93, 1111.99, 96, 84, 19289832
1.10, 48.18, 23.57, 1135.71, 96, 84, 19301680
1.11, 48.18, 23.44, 1129.21, 96, 85, 19313488
1.11, 48.18, 23.49, 1131.81, 97, 84, 19325316
1.10, 49.15, 23.20, 1140.17, 97, 84, 19337152
1.10, 48.83, 23.41, 1143.16, 97, 84, 19348972
1.11, 49.48, 23.57, 1166.41, 97, 84, 19360812
1.11, 48.83, 23.41, 1143.16, 97, 84, 19372636
1.12, 49.15, 22.85, 1122.94, 97, 84, 19384468
1.10, 49.48, 23.25, 1150.39, 97, 84, 19396292
1.11, 49.80, 23.30, 1160.65, 97, 84, 19408128
1.12, 49.80, 23.25, 1157.96, 97, 84, 19419968
1.11, 49.80, 22.95, 1143.18, 97, 84, 19431784
1.12, 50.13, 23.22, 1164.18, 97, 84, 19443612
1.11, 49.80, 23.17, 1153.93, 97, 84, 19455444
1.12, 49.48, 22.90, 1133.04, 97, 84, 19467280
1.11, 49.48, 23.01, 1138.38, 97, 84, 19479104
1.12, 50.13, 23.06, 1156.06, 97, 84, 19490940
1.12, 50.46, 22.98, 1159.49, 97, 84, 19502760
1.12, 49.80, 23.30, 1160.65, 97, 84, 19514600
1.12, 50.13, 22.93, 1149.30, 98, 84, 19526424
1.10, 50.46, 22.98, 1159.49, 98, 84, 19538252
1.12, 50.78, 22.87, 1161.49, 98, 84, 19550084
1.12, 50.46, 23.14, 1167.65, 98, 84, 19561932
1.12, 50.46, 22.93, 1156.77, 98, 84, 19573752
1.13, 50.78, 23.28, 1182.03, 98, 84, 19585572
1.14, 50.13, 23.06, 1156.06, 98, 84, 19597412
1.13, 49.80, 23.22, 1156.62, 98, 84, 19609236
1.11, 50.13, 23.36, 1170.94, 98, 84, 19621072
1.13, 50.46, 22.90, 1155.40, 98, 84, 19632896
1.13, 51.43, 23.22, 1194.41, 98, 84, 19644736
1.12, 51.11, 23.20, 1185.48, 98, 84, 19656556
1.12, 50.78, 23.28, 1182.03, 98, 84, 19668388
1.13, 49.80, 23.38, 1164.68, 98, 84, 19680220
1.14, 50.46, 22.95, 1158.13, 98, 84, 19692044
1.12, 50.13, 22.93, 1149.30, 98, 84, 19703876
1.12, 50.78, 23.06, 1171.08, 98, 84, 19715696
1.12, 50.78, 22.58, 1146.42, 99, 84, 19727536
1.12, 51.43, 23.22, 1194.41, 99, 84, 19739360
1.12, 51.11, 22.98, 1174.45, 99, 84, 19751200
1.13, 51.76, 23.12, 1196.39, 99, 84, 19763020
1.13, 51.11, 23.20, 1185.48, 99, 84, 19774852
1.14, 50.78, 23.28, 1182.03, 99, 84, 19786688
1.14, 51.11, 23.22, 1186.85, 99, 84, 19798508
1.13, 51.76, 22.90, 1185.22, 99, 84, 19810344
1.14, 51.76, 23.20, 1200.58, 99, 84, 19822168
1.13, 50.78, 23.47, 1191.62, 99, 84, 19834004
1.14, 51.76, 23.41, 1211.75, 99, 84, 19845828
1.15, 51.11, 23.36, 1193.75, 99, 84, 19857664
1.12, 52.41, 23.22, 1217.09, 99, 84, 19869488
1.14, 51.43, 23.47, 1206.90, 99, 84, 19881320
1.13, 51.76, 22.98, 1189.41, 99, 84, 19893148
1.11, 52.08, 23.25, 1210.94, 99, 84, 19904980
1.13, 51.11, 23.44, 1197.88, 99, 84, 19916816
1.13, 52.08, 23.33, 1215.15, 100, 84, 19928640
1.14, 51.76, 23.36, 1208.95, 100, 84, 19940480
1.14, 51.76, 23.20, 1200.58, 100, 84, 19952304
1.14, 52.41, 23.09, 1210.03, 100, 84, 19964136
1.13, 52.41, 22.93, 1201.54, 100, 84, 19975960
1.15, 52.08, 23.22, 1209.53, 100, 84, 19987796
1.16, 52.08, 23.25, 1210.94, 100, 84, 19999624
1.14, 53.06, 23.12, 1226.49, 100, 84, 20011452
1.16, 53.06, 23.06, 1223.63, 100, 84, 20023288
1.15, 52.73, 22.98, 1211.85, 100, 84, 20035116
1.14, 52.73, 22.90, 1207.58, 100, 84, 20046948
1.15, 53.06, 22.98, 1219.33, 100, 84, 20058772
1.15, 53.06, 22.98, 1219.33, 100, 84, 20070604
1.14, 53.39, 23.14, 1235.45, 100, 84, 20082428
1.14, 52.41, 23.06, 1208.61, 100, 84, 20094264
1.15, 52.08, 23.28, 1212.34, 100, 84, 20106088
1.12, 52.73, 23.14, 1220.39, 100, 84, 20117916
1.13, 53.06, 22.93, 1216.47, 100, 84, 20129748
1.15, 52.08, 23.09, 1202.51, 100, 84, 20141572
1.13, 52.73, 23.06, 1216.12, 100, 84, 20153404
1.15, 52.41, 23.20, 1215.68, 100, 84, 20165228
1.14, 52.08, 23.30, 1213.75, 100, 84, 20177064
1.14, 52.41, 23.12, 1211.44, 100, 84, 20188884
1.14, 52.08, 23.28, 1212.34, 100, 84, 20200720
1.14, 53.06, 23.01, 1220.76, 100, 84, 20212544
1.16, 52.73, 23.20, 1223.23, 100, 84, 20224372
1.14, 52.08, 23.12, 1203.91, 100, 84, 20236200
1.14, 51.76, 23.30, 1206.16, 100, 84, 20248028
1.13, 53.06, 23.03, 1222.19, 100, 84, 20259884
1.13, 53.06, 22.93, 1216.47, 100, 85, 20271692
1.15, 52.73, 23.36, 1231.76, 100, 84, 20283528
1.15, 52.73, 23.01, 1213.27, 100, 84, 20295352
1.14, 52.73, 23.01, 1213.27, 100, 84, 20307192
1.13, 53.39, 23.06, 1231.13, 100, 84, 20319012
1.14, 53.06, 23.03, 1222.19, 100, 84, 20330840
1.14, 53.06, 22.87, 1213.61, 100, 84, 20342672
1.13, 52.08, 23.30, 1213.75, 100, 84, 20354500
1.14, 52.08, 23.36, 1216.56, 100, 84, 20366336
1.14, 52.41, 22.87, 1198.72, 100, 84, 20378160
1.14, 53.06, 23.17, 1229.35, 100, 84, 20389996
1.15, 52.73, 23.17, 1221.81, 100, 84, 20401840
1.12, 52.08, 23.33, 1215.15, 100, 84, 20413656
1.12, 52.08, 23.17, 1206.72, 100, 84, 20425484
1.13, 51.76, 23.25, 1203.37, 100, 84, 20437320
1.14, 52.08, 23.38, 1217.96, 100, 84, 20449144
1.15, 52.41, 23.25, 1218.51, 100, 84, 20460972
1.14, 52.41, 22.58, 1183.17, 100, 84, 20472808
1.14, 52.41, 22.90, 1200.13, 100, 84, 20484632
1.13, 52.73, 23.12, 1218.96, 100, 84, 20496468
1.13, 52.41, 22.95, 1202.96, 100, 84, 20508292
1.12, 51.76, 23.36, 1208.95, 100, 84, 20520144
1.14, 52.73, 23.17, 1221.81, 100, 84, 20531948
1.14, 52.41, 22.76, 1193.06, 100, 84, 20543784
1.13, 52.73, 22.98, 1211.85, 100, 84, 20555604
1.14, 51.76, 23.30, 1206.16, 100, 84, 20567440
1.12, 52.41, 23.20, 1215.68, 100, 84, 20579268
1.12, 52.41, 23.22, 1217.09, 100, 84, 20591096
1.14, 52.73, 23.52, 1240.30, 100, 84, 20602924
1.13, 52.08, 23.33, 1215.15, 100, 84, 20614748
1.13, 52.73, 23.14, 1220.39, 100, 84, 20626584
1.13, 52.41, 23.22, 1217.09, 100, 84, 20638404
1.13, 52.73, 23.01, 1213.27, 100, 84, 20650244
1.12, 51.43, 23.25, 1195.80, 100, 84, 20662084
1.12, 51.76, 22.98, 1189.41, 100, 84, 20673896
1.13, 52.41, 22.93, 1201.54, 100, 84, 20685724
1.12, 52.41, 22.79, 1194.48, 100, 84, 20697552
1.13, 52.41, 23.09, 1210.03, 100, 84, 20709384
1.14, 51.43, 23.17, 1191.64, 100, 84, 20721212
1.14, 52.08, 22.82, 1188.46, 100, 84, 20733048
1.12, 52.73, 22.95, 1210.43, 100, 84, 20744876
1.12, 51.76, 22.93, 1186.62, 100, 84, 20756708
1.13, 51.76, 23.20, 1200.58, 100, 84, 20768532
1.14, 51.76, 22.93, 1186.62, 100, 84, 20780368
1.12, 51.76, 23.17, 1199.18, 100, 84, 20792196
1.13, 51.43, 23.44, 1205.51, 100, 84, 20804024
1.14, 52.08, 22.87, 1191.27, 100, 84, 20815860
1.11, 52.41, 23.01, 1205.78, 100, 84, 20827680
1.12, 52.08, 23.20, 1208.13, 100, 84, 20839520
1.12, 51.11, 23.25, 1188.23, 100, 84, 20851340
1.11, 51.76, 23.33, 1207.56, 100, 84, 20863176
1.12, 52.41, 22.90, 1200.13, 100, 84, 20874996
1.12, 51.76, 23.20, 1200.58, 100, 84, 20886836
1.13, 51.76, 22.82, 1181.03, 100, 84, 20898656
1.12, 51.11, 23.12, 1181.34, 100, 84, 20910484
1.12, 51.43, 23.33, 1199.96, 100, 84, 20922324
STOP
1.14, 52.41, 23.17, 1214.27, 0, 84, 20934144
1.12, 51.43, 23.84, 1226.32, 0, 84, 20945976
STOP CURRENT LIMIT
Current limit exceeded limit: 50 Average over frame: 51
