START
-0.00, -0.65, 24.71, -16.08, 1, 19, 516
-0.00, -0.65, 24.73, -16.10, 1, 134, 8000
-0.00, -0.65, 24.71, -16.08, 1, 84, 19832
-0.00, -0.65, 24.71, -16.08, 1, 84, 31660
-0.00, -0.65, 24.73, -16.10, 1, 84, 43492
-0.00, -0.65, 24.71, -16.08, 1, 84, 55324
-0.00, -0.65, 24.71, -16.08, 1, 84, 67148
-0.00, -0.65, 24.73, -16.10, 1, 84, 78988
-0.00, -0.65, 24.71, -16.08, 1, 84, 90808
-0.00, -0.65, 24.71, -16.08, 1, 84, 102644
-0.00, -0.65, 24.71, -16.08, 1, 84, 114472
-0.00, -0.65, 24.71, -16.08, 1, 84, 126300
-0.00, -0.65, 24.71, -16.08, 1, 84, 138132
-0.00, -0.65, 24.71, -16.08, 1, 84, 149964
-0.00, -0.65, 24.71, -16.08, 1, 84, 161800
-0.00, -0.65, 24.71, -16.08, 1, 84, 173624
-0.00, -0.65, 24.71, -16.08, 1, 84, 185460
-0.00, -0.65, 24.71, -16.08, 1, 84, 197284
-0.00, -0.65, 24.71, -16.08, 1, 84, 209120
-0.00, -0.65, 24.71, -16.08, 2, 84, 220944
-0.00, -0.65, 24.71, -16.08, 2, 84, 232784
-0.00, -0.65, 24.71, -16.08, 2, 84, 244608
-0.00, -0.65, 24.71, -16.08, 2, 84, 256440
-0.00, -0.65, 24.71, -16.08, 2, 84, 268272
-0.00, -0.65, 24.71, -16.08, 2, 84, 280100
-0.00, -0.65, 24.71, -16.08, 2, 84, 291932
-0.00, -0.65, 24.71, -16.08, 2, 84, 303756
-0.00, -0.65, 24.71, -16.08, 2, 84, 315592
-0.00, -0.65, 24.71, -16.08, 2, 84, 327420
-0.00, -0.65, 24.71, -16.08, 2, 84, 339252
-0.00, -0.65, 24.73, -16.10, 2, 84, 351080
-0.00, -0.65, 24.71, -16.08, 2, 84, 362908
-0.00, -0.65, 24.71, -16.08, 2, 84, 374744
-0.00, -0.65, 24.71, -16.08, 2, 84, 386572
-0.00, -0.65, 24.71, -16.08, 2, 84, 398412
-0.00, -0.65, 24.71, -16.08, 2, 84, 410236
-0.00, -0.65, 24.71, -16.08, 3, 84, 422076
-0.00, -0.65, 24.71, -16.08, 3, 84, 433900
-0.00, -0.65, 24.71, -16.08, 3, 84, 445736
-0.00, -0.65, 24.71, -16.08, 3, 84, 457568
-0.00, -0.65, 24.71, -16.08, 3, 84, 469396
-0.00, -0.65, 24.71, -16.08, 3, 84, 481232
-0.00, -0.65, 24.71, -16.08, 3, 84, 493056
-0.00, -0.65, 24.71, -16.08, 3, 84, 504892
-0.00, -0.65, 24.71, -16.08, 3, 84, 516724
-0.00, -0.65, 24.71, -16.08, 3, 84, 528556
-0.00, -0.65, 24.71, -16.08, 3, 84, 540384
-0.00, -0.65, 24.71, -16.08, 3, 84, 552236
-0.00, -0.65, 24.71, -16.08, 3, 84, 564044
-0.00, -0.65, 24.71, -16.08, 3, 84, 575872
-0.00, -0.65, 24.71, -16.08, 3, 84, 587712
-0.00, -0.65, 24.71, -16.08, 3, 84, 599532
-0.00, -0.98, 24.73, -24.15, 3, 84, 611388
-0.00, -0.65, 24.71, -16.08, 4, 85, 623196
-0.00, -0.65, 24.71, -16.08, 4, 84, 635032
-0.00, -0.65, 24.71, -16.08, 4, 84, 646856
-0.00, -0.65, 24.71, -16.08, 4, 84, 658692
-0.00, -0.65, 24.71, -16.08, 4, 84, 670512
-0.00, -0.65, 24.71, -16.08, 4, 84, 682348
-0.00, -0.65, 24.71, -16.08, 4, 84, 694176
-0.00, -0.65, 24.71, -16.08, 4, 84, 706012
-0.00, -0.65, 24.71, -16.08, 4, 84, 717848
-0.00, -0.65, 24.71, -16.08, 4, 84, 729676
-0.00, -0.65, 24.71, -16.08, 4, 84, 741512
-0.00, -0.65, 24.71, -16.08, 4, 84, 753340
-0.00, -0.65, 24.71, -16.08, 4, 84, 765172
-0.00, -0.65, 24.71, -16.08, 4, 84, 777000
-0.00, -0.65, 24.71, -16.08, 4, 84, 788832
-0.00, -0.65, 24.71, -16.08, 4, 84, 800664
-0.00, -0.65, 24.73, -16.10, 4, 84, 812512
-0.00, -0.65, 24.71, -16.08, 5, 84, 824332
-0.00, -0.65, 24.71, -16.08, 5, 84, 836156
-0.00, -0.65, 24.71, -16.08, 5, 84, 847992
-0.00, -0.65, 24.71, -16.08, 5, 84, 859816
-0.00, -0.65, 24.71, -16.08, 5, 84, 871652
-0.00, -0.65, 24.71, -16.08, 5, 84, 883476
-0.00, -0.65, 24.71, -16.08, 5, 84, 895312
-0.00, -0.65, 24.71, -16.08, 5, 84, 907136
0.00, -0.65, 24.71, -16.08, 5, 84, 918960
0.00, -0.65, 24.71, -16.08, 5, 84, 930800
0.00, -0.65, 24.71, -16.08, 5, 84, 942624
0.00, -0.65, 24.71, -16.08, 5, 84, 954460
0.00, -0.65, 24.71, -16.08, 5, 84, 966284
0.00, -0.65, 24.71, -16.08, 5, 84, 978120
0.00, -0.65, 24.71, -16.08, 5, 84, 989944
0.00, -0.65, 24.71, -16.08, 5, 84, 1001788
-0.00, -0.65, 24.71, -16.08, 5, 84, 1013612
0.00, -0.65, 24.71, -16.08, 6, 84, 1025440
0.00, -0.65, 24.71, -16.08, 6, 84, 1037276
0.00, -0.65, 24.71, -16.08, 6, 84, 1049100
0.00, -0.65, 24.71, -16.08, 6, 84, 1060936
0.00, -0.65, 24.71, -16.08, 6, 84, 1072764
0.00, -0.65, 24.71, -16.08, 6, 84, 1084596
0.00, -0.65, 24.71, -16.08, 6, 84, 1096420
0.00, -0.65, 24.71, -16.08, 6, 84, 1108260
0.00, -0.65, 24.71, -16.08, 6, 84, 1120084
0.00, -0.65, 24.71, -16.08, 6, 84, 1131920
0.00, -0.65, 24.71, -16.08, 6, 84, 1143756
-0.00, -0.65, 24.71, -16.08, 6, 84, 1155580
0.00, -0.65, 24.71, -16.08, 6, 84, 1167420
-0.00, -0.65, 24.71, -16.08, 6, 84, 1179244
0.00, -0.65, 24.73, -16.10, 6, 84, 1191080
0.00, -0.65, 24.71, -16.08, 6, 84, 1202908
0.00, -0.65, 24.71, -16.08, 6, 84, 1214744
0.00, -0.65, 24.71, -16.08, 7, 84, 1226572
-0.00, -0.65, 24.71, -16.08, 7, 84, 1238400
-0.00, -0.65, 24.71, -16.08, 7, 84, 1250236
0.00, -0.65, 24.71, -16.08, 7, 85, 1262064
0.00, -0.65, 24.71, -16.08, 7, 84, 1273904
0.00, -0.65, 24.71, -16.08, 7, 84, 1285728
0.00, -0.65, 24.71, -16.08, 7, 84, 1297564
0.00, -0.65, 24.71, -16.08, 7, 84, 1309392
0.00, -0.65, 24.71, -16.08, 7, 84, 1321232
0.00, -0.65, 24.71, -16.08, 7, 84, 1333056
0.00, -0.65, 24.71, -16.08, 7, 84, 1344888
0.00, -0.65, 24.71, -16.08, 7, 84, 1356720
0.00, -0.65, 24.71, -16.08, 7, 84, 1368552
0.00, -0.65, 24.71, -16.08, 7, 84, 1380388
0.00, -0.65, 24.71, -16.08, 7, 84, 1392216
0.00, -0.65, 24.71, -16.08, 7, 84, 1404052
0.00, -0.65, 24.71, -16.08, 7, 84, 1415880
0.00, -0.65, 24.71, -16.08, 8, 84, 1427716
0.00, -0.65, 24.71, -16.08, 8, 84, 1439544
0.00, -0.65, 24.73, -16.10, 8, 84, 1451392
0.00, -0.65, 24.71, -16.08, 8, 85, 1463208
0.00, -0.65, 24.71, -16.08, 8, 84, 1475036
0.00, -0.65, 24.71, -16.08, 8, 84, 1486876
0.00, -0.65, 24.71, -16.08, 8, 84, 1498700
0.00, -0.65, 24.73, -16.10, 8, 84, 1510536
0.01, -0.65, 24.71, -16.08, 8, 84, 1522364
0.01, -0.65, 24.71, -16.08, 8, 84, 1534204
0.01, -0.65, 24.71, -16.08, 8, 84, 1546028
0.01, -0.65, 24.71, -16.08, 8, 84, 1557860
0.01, -0.65, 24.71, -16.08, 8, 84, 1569692
0.01, -0.65, 24.71, -16.08, 8, 84, 1581520
0.01, -0.65, 24.71, -16.08, 8, 84, 1593356
0.01, -0.65, 24.71, -16.08, 8, 84, 1605176
0.01, -0.65, 24.71, -16.08, 8, 84, 1617016
0.01, -0.65, 24.71, -16.08, 9, 84, 1628840
0.01, -0.33, 24.71, -8.04, 9, 84, 1640676
0.01, -0.65, 24.71, -16.08, 9, 84, 1652520
0.01, -0.65, 24.71, -16.08, 9, 84, 1664336
0.01, -0.65, 24.71, -16.08, 9, 84, 1676164
0.01, -0.65, 24.71, -16.08, 9, 84, 1687992
0.01, -0.65, 24.71, -16.08, 9, 84, 1699828
0.01, -0.65, 24.73, -16.10, 9, 84, 1711668
0.01, -0.65, 24.71, -16.08, 9, 84, 1723492
0.01, -0.65, 24.71, -16.08, 9, 84, 1735312
0.01, -0.65, 24.71, -16.08, 9, 84, 1747148
0.01, -0.65, 24.71, -16.08, 9, 84, 1758972
0.01, -0.33, 24.71, -8.04, 9, 84, 1770808
0.01, -0.33, 24.71, -8.04, 9, 84, 1782632
0.02, -0.65, 24.71, -16.08, 9, 84, 1794464
0.01, -0.65, 24.71, -16.08, 9, 84, 1806304
0.02, -0.65, 24.71, -16.08, 9, 84, 1818124
0.01, -0.65, 24.71, -16.08, 10, 84, 1829960
0.02, -0.65, 24.71, -16.08, 10, 84, 1841784
0.02, -0.33, 24.68, -8.03, 10, 84, 1853620
0.02, -0.33, 24.71, -8.04, 10, 84, 1865444
0.02, -0.65, 24.71, -16.08, 10, 84, 1877280
0.02, -0.33, 24.71, -8.04, 10, 84, 1889104
0.02, -0.33, 24.71, -8.04, 10, 84, 1900936
0.02, -0.65, 24.71, -16.08, 10, 84, 1912788
0.02, -0.33, 24.71, -8.04, 10, 84, 1924596
0.02, -0.33, 24.71, -8.04, 10, 84, 1936432
0.03, -0.33, 24.68, -8.03, 10, 84, 1948256
0.02, -0.33, 24.71, -8.04, 10, 84, 1960092
0.03, -0.65, 24.71, -16.08, 10, 84, 1971912
0.02, -0.33, 24.71, -8.04, 10, 84, 1983756
0.03, -0.33, 24.71, -8.04, 10, 84, 1995580
0.02, -0.33, 24.71, -8.04, 10, 84, 2007412
0.02, -0.33, 24.68, -8.03, 10, 84, 2019244
0.03, -0.65, 24.71, -16.08, 11, 84, 2031076
0.03, -0.33, 24.71, -8.04, 11, 84, 2042916
0.03, -0.33, 24.71, -8.04, 11, 84, 2054736
0.03, -0.33, 24.71, -8.04, 11, 84, 2066572
0.03, -0.33, 24.71, -8.04, 11, 84, 2078392
0.03, -0.33, 24.68, -8.03, 11, 84, 2090232
0.03, -0.33, 24.71, -8.04, 11, 84, 2102056
0.03, -0.33, 24.71, -8.04, 11, 84, 2113888
0.03, -0.33, 24.71, -8.04, 11, 84, 2125720
0.03, -0.33, 24.68, -8.03, 11, 84, 2137548
0.03, -0.33, 24.71, -8.04, 11, 84, 2149392
0.03, -0.33, 24.71, -8.04, 11, 84, 2161212
0.03, -0.33, 24.71, -8.04, 11, 84, 2173056
0.03, -0.33, 24.68, -8.03, 11, 84, 2184876
0.04, -0.33, 24.71, -8.04, 11, 84, 2196712
0.04, -0.33, 24.71, -8.04, 11, 84, 2208536
0.04, -0.33, 24.71, -8.04, 11, 84, 2220368
0.04, -0.33, 24.71, -8.04, 12, 84, 2232196
0.03, -0.33, 24.68, -8.03, 12, 85, 2244028
0.04, -0.33, 24.68, -8.03, 12, 84, 2255864
0.04, -0.33, 24.71, -8.04, 12, 84, 2267692
0.04, -0.33, 24.71, -8.04, 12, 84, 2279524
0.04, -0.33, 24.71, -8.04, 12, 84, 2291352
0.04, -0.33, 24.68, -8.03, 12, 84, 2303188
0.04, -0.33, 24.71, -8.04, 12, 84, 2315012
0.04, -0.33, 24.71, -8.04, 12, 84, 2326848
0.04, -0.33, 24.68, -8.03, 12, 84, 2338672
0.04, -0.33, 24.68, -8.03, 12, 84, 2350504
0.05, -0.33, 24.68, -8.03, 12, 84, 2362344
0.05, -0.33, 24.71, -8.04, 12, 84, 2374168
0.04, -0.33, 24.71, -8.04, 12, 84, 2386008
0.05, -0.33, 24.71, -8.04, 12, 84, 2397832
0.05, -0.33, 24.68, -8.03, 12, 84, 2409668
0.05, -0.33, 24.71, -8.04, 12, 84, 2421492
0.04, -0.33, 24.68, -8.03, 13, 84, 2433328
0.04, -0.33, 24.71, -8.04, 13, 84, 2445152
0.05, -0.33, 24.71, -8.04, 13, 84, 2456984
0.05, -0.33, 24.68, -8.03, 13, 84, 2468816
0.05, -0.33, 24.71, -8.04, 13, 84, 2480644
0.05, -0.33, 24.71, -8.04, 13, 84, 2492480
0.05, -0.33, 24.68, -8.03, 13, 84, 2504300
0.05, -0.33, 24.68, -8.03, 13, 84, 2516136
0.05, -0.33, 24.71, -8.04, 13, 84, 2527964
0.05, -0.33, 24.71, -8.04, 13, 84, 2539800
0.06, -0.33, 24.73, -8.05, 13, 84, 2551640
0.06, -0.33, 24.68, -8.03, 13, 84, 2563456
0.06, -0.33, 24.68, -8.03, 13, 84, 2575296
0.06, -0.33, 24.71, -8.04, 13, 84, 2587124
0.06, -0.33, 24.71, -8.04, 13, 84, 2598960
0.06, -0.33, 24.71, -8.04, 13, 84, 2610784
0.06, -0.33, 24.71, -8.04, 13, 84, 2622624
0.06, -0.33, 24.68, -8.03, 14, 84, 2634452
0.06, -0.33, 24.68, -8.03, 14, 84, 2646292
0.06, -0.00, 24.71, -0.00, 14, 84, 2658116
0.06, -0.33, 24.71, -8.04, 14, 84, 2669948
0.06, -0.00, 24.68, -0.00, 14, 84, 2681788
0.06, -0.33, 24.68, -8.03, 14, 84, 2693616
0.06, -0.00, 24.68, -0.00, 14, 84, 2705456
0.07, -0.00, 24.71, -0.00, 14, 84, 2717284
0.07, -0.33, 24.71, -8.04, 14, 84, 2729120
0.07, -0.00, 24.68, -0.00, 14, 84, 2740944
0.07, -0.00, 24.71, -0.00, 14, 84, 2752804
0.07, -0.00, 24.68, -0.00, 14, 84, 2764608
0.07, -0.00, 24.68, -0.00, 14, 84, 2776444
0.07, -0.00, 24.71, -0.00, 14, 84, 2788284
0.07, -0.00, 24.68, -0.00, 14, 84, 2800108
0.07, -0.33, 24.71, -8.04, 14, 84, 2811948
0.07, -0.00, 24.68, -0.00, 14, 84, 2823772
0.07, -0.00, 24.65, -0.00, 15, 84, 2835608
0.07, -0.00, 24.71, -0.00, 15, 84, 2847432
0.07, -0.00, 24.68, -0.00, 15, 84, 2859268
0.07, -0.00, 24.68, -0.00, 15, 84, 2871092
0.07, -0.00, 24.68, -0.00, 15, 84, 2882928
0.08, -0.00, 24.71, -0.00, 15, 84, 2894756
0.08, -0.00, 24.68, -0.00, 15, 84, 2906588
0.08, -0.00, 24.68, -0.00, 15, 84, 2918424
0.08, -0.00, 24.68, -0.00, 15, 84, 2930248
0.08, -0.00, 24.71, -0.00, 15, 84, 2942084
0.08, -0.00, 24.71, -0.00, 15, 84, 2953912
0.08, -0.00, 24.68, -0.00, 15, 84, 2965744
0.08, -0.00, 24.68, -0.00, 15, 84, 2977572
0.08, -0.00, 24.68, -0.00, 15, 84, 2989404
0.08, -0.00, 24.71, -0.00, 15, 84, 3001232
0.08, -0.00, 24.71, -0.00, 15, 84, 3013080
0.08, -0.00, 24.68, -0.00, 15, 84, 3024900
0.08, -0.00, 24.68, -0.00, 16, 84, 3036724
0.08, -0.00, 24.68, -0.00, 16, 84, 3048560
0.08, -0.00, 24.71, -0.00, 16, 84, 3060388
0.09, -0.00, 24.71, -0.00, 16, 84, 3072224
0.09, -0.00, 24.68, -0.00, 16, 84, 3084052
0.09, -0.00, 24.68, -0.00, 16, 84, 3095884
0.09, -0.00, 24.68, -0.00, 16, 84, 3107716
0.09, -0.00, 24.71, -0.00, 16, 84, 3119544
0.10, -0.00, 24.73, -0.00, 16, 84, 3131384
0.10, -0.00, 24.71, -0.00, 16, 84, 3143208
0.10, -0.00, 24.65, -0.00, 16, 84, 3155044
0.10, -0.00, 24.65, -0.00, 16, 84, 3166868
0.10, -0.00, 24.71, -0.00, 16, 84, 3178704
0.10, 0.33, 24.68, 8.03, 16, 84, 3190528
0.10, -0.00, 24.71, -0.00, 16, 84, 3202364
0.10, -0.00, 24.68, -0.00, 16, 84, 3214188
0.10, -0.00, 24.71, -0.00, 16, 84, 3226016
0.10, -0.00, 24.68, -0.00, 17, 84, 3237852
0.10, -0.00, 24.68, -0.00, 17, 84, 3249676
0.10, -0.00, 24.68, -0.00, 17, 84, 3261512
0.10, 0.33, 24.68, 8.03, 17, 84, 3273336
0.11, 0.33, 24.71, 8.04, 17, 84, 3285176
0.11, 0.33, 24.68, 8.03, 17, 84, 3297000
0.11, 0.33, 24.68, 8.03, 17, 84, 3308836
0.11, 0.33, 24.65, 8.02, 17, 84, 3320660
0.11, -0.00, 24.71, -0.00, 17, 84, 3332492
0.11, 0.33, 24.71, 8.04, 17, 84, 3344328
0.11, -0.00, 24.71, -0.00, 17, 84, 3356156
0.11, 0.33, 24.65, 8.02, 17, 84, 3367992
0.11, -0.00, 24.65, -0.00, 17, 84, 3379820
0.11, -0.00, 24.71, -0.00, 17, 84, 3391672
0.11, 0.33, 24.71, 8.04, 17, 84, 3403480
0.11, 0.33, 24.71, 8.04, 17, 84, 3415316
0.11, 0.33, 24.71, 8.04, 17, 84, 3427144
0.11, 0.33, 24.65, 8.02, 18, 84, 3438976
0.11, 0.33, 24.65, 8.02, 18, 84, 3450812
0.11, 0.33, 24.71, 8.04, 18, 84, 3462636
0.12, 0.33, 24.68, 8.03, 18, 84, 3474472
0.12, 0.33, 24.68, 8.03, 18, 84, 3486300
0.12, 0.33, 24.65, 8.02, 18, 84, 3498136
0.12, 0.33, 24.71, 8.04, 18, 84, 3509964
0.13, 0.33, 24.71, 8.04, 18, 84, 3521796
0.13, 0.65, 24.68, 16.07, 18, 84, 3533624
0.13, 0.33, 24.71, 8.04, 18, 84, 3545456
0.13, 0.33, 24.65, 8.02, 18, 84, 3557288
0.13, 0.33, 24.71, 8.04, 18, 84, 3569116
0.13, 0.33, 24.71, 8.04, 18, 84, 3580956
0.13, 0.33, 24.68, 8.03, 18, 84, 3592780
0.13, 0.33, 24.68, 8.03, 18, 84, 3604620
0.13, 0.33, 24.68, 8.03, 18, 84, 3616444
0.13, 0.33, 24.65, 8.02, 18, 84, 3628280
0.13, 0.33, 24.73, 8.05, 19, 84, 3640108
0.13, 0.33, 24.65, 8.02, 19, 84, 3651952
0.13, 0.65, 24.68, 16.07, 19, 85, 3663768
0.13, 0.33, 24.68, 8.03, 19, 84, 3675600
0.14, 0.33, 24.63, 8.02, 19, 84, 3687436
0.14, 0.33, 24.65, 8.02, 19, 84, 3699264
0.14, 0.33, 24.68, 8.03, 19, 84, 3711100
0.14, 0.65, 24.68, 16.07, 19, 84, 3722924
0.14, 0.65, 24.68, 16.07, 19, 84, 3734764
0.14, 0.33, 24.63, 8.02, 19, 84, 3746584
0.14, 0.65, 24.65, 16.05, 19, 84, 3758416
0.14, 0.65, 24.71, 16.08, 19, 84, 3770248
0.14, 0.33, 24.68, 8.03, 19, 84, 3782080
0.14, 0.65, 24.68, 16.07, 19, 84, 3793916
0.14, 0.65, 24.63, 16.03, 19, 84, 3805736
0.14, 0.33, 24.63, 8.02, 19, 84, 3817572
0.14, 0.65, 24.68, 16.07, 19, 84, 3829400
0.15, 0.33, 24.71, 8.04, 20, 84, 3841240
0.14, 0.33, 24.71, 8.04, 20, 84, 3853080
0.14, 0.65, 24.68, 16.07, 20, 84, 3864896
0.15, 0.33, 24.73, 8.05, 20, 84, 3876720
0.15, 0.65, 24.68, 16.07, 20, 84, 3888552
0.15, 0.65, 24.68, 16.07, 20, 84, 3900388
0.15, 0.33, 24.63, 8.02, 20, 84, 3912212
0.15, 0.65, 24.60, 16.01, 20, 84, 3924048
0.16, 0.65, 24.68, 16.07, 20, 84, 3935868
0.16, 0.65, 24.68, 16.07, 20, 84, 3947704
0.16, 0.65, 24.65, 16.05, 20, 84, 3959528
0.16, 0.33, 24.65, 8.02, 20, 84, 3971364
0.16, 0.65, 24.71, 16.08, 20, 85, 3983188
0.16, 0.65, 24.68, 16.07, 20, 84, 3995016
0.16, 0.65, 24.68, 16.07, 20, 84, 4006852
0.16, 0.65, 24.65, 16.05, 20, 84, 4018676
0.16, 0.65, 24.63, 16.03, 20, 84, 4030512
0.16, 0.65, 24.71, 16.08, 21, 84, 4042340
0.16, 0.65, 24.71, 16.08, 21, 84, 4054176
0.16, 0.65, 24.65, 16.05, 21, 84, 4065996
0.16, 0.65, 24.65, 16.05, 21, 84, 4077832
0.17, 0.65, 24.68, 16.07, 21, 84, 4089660
0.17, 0.65, 24.65, 16.05, 21, 84, 4101488
0.17, 0.65, 24.65, 16.05, 21, 84, 4113340
0.17, 0.98, 24.68, 24.10, 21, 84, 4125152
0.17, 0.98, 24.68, 24.10, 21, 84, 4136988
0.18, 0.98, 24.60, 24.02, 21, 84, 4148816
0.18, 0.65, 24.63, 16.03, 21, 84, 4160652
0.18, 0.65, 24.73, 16.10, 21, 84, 4172476
0.18, 0.98, 24.68, 24.10, 21, 84, 4184308
0.18, 0.65, 24.63, 16.03, 21, 84, 4196132
0.18, 0.65, 24.65, 16.05, 21, 84, 4207964
0.18, 0.65, 24.73, 16.10, 21, 84, 4219792
0.18, 0.65, 24.76, 16.12, 21, 84, 4231624
0.18, 0.65, 24.68, 16.07, 22, 84, 4243464
0.18, 0.98, 24.65, 24.07, 22, 84, 4255288
0.18, 0.65, 24.60, 16.01, 22, 84, 4267124
0.18, 0.98, 24.71, 24.13, 22, 84, 4278948
0.18, 0.65, 24.71, 16.08, 22, 84, 4290784
0.19, 0.98, 24.68, 24.10, 22, 84, 4302612
0.19, 0.98, 24.71, 24.13, 22, 84, 4314444
0.19, 0.98, 24.63, 24.05, 22, 84, 4326268
0.19, 0.98, 24.71, 24.13, 22, 84, 4338104
0.19, 0.98, 24.68, 24.10, 22, 84, 4349936
0.19, 0.98, 24.65, 24.07, 22, 84, 4361760
0.19, 0.98, 24.60, 24.02, 22, 84, 4373596
0.19, 0.98, 24.71, 24.13, 22, 84, 4385416
0.20, 0.98, 24.68, 24.10, 22, 84, 4397252
0.20, 0.98, 24.63, 24.05, 22, 84, 4409072
0.20, 0.98, 24.71, 24.13, 22, 84, 4420912
0.20, 0.98, 24.73, 24.15, 22, 84, 4432736
0.20, 0.65, 24.68, 16.07, 23, 84, 4444564
0.20, 0.98, 24.68, 24.10, 23, 84, 4456400
0.20, 1.30, 24.63, 32.06, 23, 84, 4468220
0.20, 0.98, 24.60, 24.02, 23, 84, 4480060
0.20, 0.98, 24.65, 24.07, 23, 84, 4491896
0.20, 0.98, 24.73, 24.15, 23, 84, 4503720
0.21, 1.30, 24.65, 32.10, 23, 84, 4515548
0.21, 1.30, 24.65, 32.10, 23, 84, 4527384
0.21, 1.30, 24.57, 31.99, 23, 84, 4539208
0.21, 1.30, 24.65, 32.10, 23, 84, 4551040
0.21, 0.98, 24.71, 24.13, 23, 84, 4562876
0.21, 1.30, 24.71, 32.17, 23, 84, 4574704
0.21, 0.98, 24.68, 24.10, 23, 84, 4586540
0.21, 0.98, 24.63, 24.05, 23, 84, 4598364
0.21, 0.98, 24.63, 24.05, 23, 84, 4610200
0.21, 0.98, 24.68, 24.10, 23, 84, 4622024
0.21, 0.98, 24.68, 24.10, 23, 84, 4633860
0.21, 1.30, 24.68, 32.13, 24, 84, 4645684
0.21, 1.30, 24.65, 32.10, 24, 84, 4657512
0.21, 1.30, 24.60, 32.03, 24, 84, 4669344
0.22, 1.30, 24.71, 32.17, 24, 84, 4681172
0.22, 0.98, 24.68, 24.10, 24, 84, 4693012
0.22, 1.30, 24.63, 32.06, 24, 84, 4704836
0.22, 1.30, 24.63, 32.06, 24, 84, 4716668
0.23, 1.30, 24.68, 32.13, 24, 84, 4728496
0.23, 1.30, 24.71, 32.17, 24, 84, 4740332
0.23, 0.98, 24.73, 24.15, 24, 84, 4752168
0.23, 1.30, 24.65, 32.10, 24, 84, 4763984
0.23, 1.30, 24.60, 32.03, 24, 84, 4775816
0.23, 1.30, 24.73, 32.21, 24, 84, 4787644
0.23, 1.30, 24.68, 32.13, 24, 84, 4799480
0.23, 1.30, 24.65, 32.10, 24, 84, 4811304
0.23, 1.30, 24.60, 32.03, 24, 84, 4823140
0.23, 1.30, 24.71, 32.17, 24, 84, 4834964
0.23, 1.30, 24.73, 32.21, 25, 84, 4846800
0.23, 1.30, 24.57, 31.99, 25, 84, 4858620
0.23, 1.63, 24.60, 40.04, 25, 84, 4870456
0.23, 1.30, 24.71, 32.17, 25, 84, 4882280
0.24, 1.63, 24.65, 40.12, 25, 84, 4894108
0.24, 1.63, 24.63, 40.08, 25, 84, 4905944
0.24, 1.30, 24.71, 32.17, 25, 84, 4917768
0.24, 1.30, 24.65, 32.10, 25, 84, 4929608
0.24, 1.63, 24.68, 40.17, 25, 84, 4941432
0.24, 1.30, 24.63, 32.06, 25, 84, 4953284
0.25, 1.63, 24.57, 39.99, 25, 84, 4965096
0.25, 1.63, 24.57, 39.99, 25, 84, 4976932
0.25, 1.30, 24.71, 32.17, 25, 84, 4988756
0.25, 1.63, 24.68, 40.17, 25, 84, 5000584
0.25, 1.63, 24.65, 40.12, 25, 84, 5012420
0.25, 1.63, 24.65, 40.12, 25, 84, 5024244
0.25, 1.63, 24.60, 40.04, 25, 84, 5036080
0.25, 1.63, 24.68, 40.17, 26, 84, 5047904
0.25, 1.63, 24.65, 40.12, 26, 84, 5059740
0.25, 1.63, 24.57, 39.99, 26, 84, 5071564
0.25, 1.63, 24.60, 40.04, 26, 84, 5083396
0.26, 1.30, 24.71, 32.17, 26, 84, 5095220
0.26, 1.63, 24.68, 40.17, 26, 84, 5107052
0.26, 1.95, 24.65, 48.15, 26, 84, 5118884
0.26, 1.95, 24.57, 47.99, 26, 84, 5130712
0.27, 1.95, 24.57, 47.99, 26, 84, 5142552
0.27, 1.95, 24.68, 48.20, 26, 84, 5154372
0.27, 1.95, 24.68, 48.20, 26, 84, 5166208
0.27, 1.95, 24.60, 48.04, 26, 84, 5178032
0.27, 1.63, 24.54, 39.95, 26, 84, 5189868
0.27, 1.63, 24.71, 40.21, 26, 84, 5201692
0.27, 1.95, 24.60, 48.04, 26, 84, 5213536
0.27, 1.95, 24.65, 48.15, 26, 84, 5225352
0.27, 1.95, 24.57, 47.99, 26, 84, 5237176
0.27, 1.95, 24.57, 47.99, 27, 84, 5249012
0.27, 1.95, 24.65, 48.15, 27, 84, 5260836
0.27, 1.95, 24.65, 48.15, 27, 84, 5272676
0.27, 1.95, 24.60, 48.04, 27, 84, 5284500
0.28, 1.95, 24.57, 47.99, 27, 84, 5296336
0.28, 1.63, 24.73, 40.26, 27, 84, 5308160
0.28, 1.95, 24.60, 48.04, 27, 84, 5320000
0.29, 2.28, 24.65, 56.17, 27, 84, 5331824
0.29, 1.95, 24.65, 48.15, 27, 84, 5343656
0.29, 2.28, 24.65, 56.17, 27, 84, 5355496
0.29, 1.95, 24.54, 47.94, 27, 84, 5367320
0.29, 1.95, 24.65, 48.15, 27, 84, 5379156
0.29, 1.95, 24.73, 48.31, 27, 84, 5390980
0.29, 1.95, 24.71, 48.25, 27, 84, 5402820
0.29, 2.28, 24.65, 56.17, 27, 84, 5414644
0.29, 2.28, 24.68, 56.24, 27, 84, 5426480
0.29, 1.95, 24.57, 47.99, 27, 84, 5438304
0.29, 1.95, 24.65, 48.15, 28, 84, 5450136
0.29, 1.95, 24.71, 48.25, 28, 84, 5461972
0.29, 1.95, 24.60, 48.04, 28, 84, 5473796
0.29, 2.60, 24.65, 64.20, 28, 84, 5485628
0.30, 2.28, 24.57, 55.99, 28, 84, 5497452
0.30, 2.28, 24.60, 56.05, 28, 84, 5509288
0.31, 2.28, 24.71, 56.30, 28, 84, 5521108
0.31, 2.60, 24.65, 64.20, 28, 84, 5532948
0.31, 2.28, 24.65, 56.17, 28, 84, 5544772
0.31, 2.28, 24.60, 56.05, 28, 84, 5556600
0.31, 2.28, 24.54, 55.93, 28, 84, 5568432
0.31, 2.60, 24.65, 64.20, 28, 84, 5580260
0.31, 1.95, 24.71, 48.25, 28, 84, 5592116
0.31, 2.28, 24.54, 55.93, 28, 85, 5603920
0.31, 2.28, 24.49, 55.81, 28, 84, 5615756
0.31, 2.28, 24.68, 56.24, 28, 84, 5627580
0.31, 1.95, 24.71, 48.25, 28, 84, 5639416
0.31, 2.60, 24.65, 64.20, 29, 84, 5651240
0.31, 2.28, 24.68, 56.24, 29, 84, 5663072
0.31, 2.28, 24.46, 55.74, 29, 84, 5674904
0.32, 2.28, 24.71, 56.30, 29, 84, 5686732
0.32, 2.28, 24.73, 56.36, 29, 84, 5698572
0.33, 2.28, 24.65, 56.17, 29, 84, 5710396
0.33, 2.93, 24.65, 72.22, 29, 84, 5722232
0.33, 2.60, 24.60, 64.06, 29, 84, 5734056
0.33, 2.60, 24.54, 63.92, 29, 84, 5745892
0.34, 2.60, 24.71, 64.34, 29, 84, 5757712
0.34, 2.60, 24.63, 64.13, 29, 84, 5769552
0.34, 2.93, 24.63, 72.15, 29, 84, 5781376
0.34, 2.28, 24.60, 56.05, 29, 84, 5793204
0.34, 2.60, 24.63, 64.13, 29, 84, 5805040
0.34, 2.60, 24.65, 64.20, 29, 84, 5816868
0.34, 2.60, 24.65, 64.20, 29, 84, 5828700
0.33, 2.60, 24.60, 64.06, 29, 84, 5840524
0.34, 2.60, 24.68, 64.27, 30, 84, 5852376
0.34, 2.60, 24.73, 64.41, 30, 85, 5864188
0.34, 2.60, 24.60, 64.06, 30, 84, 5876024
0.34, 2.93, 24.63, 72.15, 30, 84, 5887852
0.35, 3.26, 24.57, 79.99, 30, 84, 5899680
0.35, 2.93, 24.65, 72.22, 30, 84, 5911520
0.35, 2.93, 24.52, 71.83, 30, 84, 5923344
0.36, 2.60, 24.76, 64.48, 30, 84, 5935180
0.36, 3.26, 24.68, 80.34, 30, 84, 5947004
0.36, 3.26, 24.63, 80.16, 30, 84, 5958840
0.36, 2.93, 24.54, 71.91, 30, 84, 5970664
0.36, 2.93, 24.54, 71.91, 30, 84, 5982500
0.36, 2.60, 24.73, 64.41, 30, 84, 5994324
0.36, 2.93, 24.60, 72.07, 30, 84, 6006152
0.36, 3.26, 24.65, 80.25, 30, 84, 6017984
0.36, 2.93, 24.52, 71.83, 30, 84, 6029808
0.36, 2.93, 24.54, 71.91, 30, 84, 6041648
0.36, 2.93, 24.46, 71.67, 31, 84, 6053484
0.36, 2.93, 24.73, 72.46, 31, 84, 6065304
0.36, 3.26, 24.54, 79.90, 31, 84, 6077128
0.37, 3.26, 24.54, 79.90, 31, 84, 6088964
0.37, 3.26, 24.46, 79.63, 31, 84, 6100788
0.38, 2.93, 24.57, 71.99, 31, 84, 6112616
0.38, 3.26, 24.68, 80.34, 31, 84, 6124448
0.38, 3.26, 24.57, 79.99, 31, 84, 6136272
0.38, 3.58, 24.60, 88.08, 31, 84, 6148112
0.38, 3.26, 24.60, 80.07, 31, 84, 6159936
0.38, 2.93, 24.73, 72.46, 31, 84, 6171768
0.38, 3.26, 24.63, 80.16, 31, 84, 6183592
0.39, 3.58, 24.65, 88.27, 31, 84, 6195428
0.39, 3.26, 24.57, 79.99, 31, 84, 6207252
0.39, 3.58, 24.54, 87.89, 31, 84, 6219088
0.39, 3.58, 24.65, 88.27, 31, 84, 6230908
0.39, 3.58, 24.63, 88.18, 31, 84, 6242740
0.39, 3.26, 24.54, 79.90, 32, 84, 6254576
0.39, 3.26, 24.52, 79.81, 32, 84, 6266400
0.39, 3.26, 24.76, 80.60, 32, 84, 6278236
0.40, 3.91, 24.63, 96.19, 32, 84, 6290060
0.40, 3.91, 24.60, 96.09, 32, 84, 6301896
0.40, 3.91, 24.63, 96.19, 32, 84, 6313736
0.41, 3.58, 24.54, 87.89, 32, 84, 6325556
0.41, 3.91, 24.63, 96.19, 32, 84, 6337376
0.41, 3.91, 24.54, 95.88, 32, 84, 6349208
0.41, 3.58, 24.52, 87.79, 32, 84, 6361044
0.41, 3.58, 24.71, 88.47, 32, 84, 6372868
0.41, 3.58, 24.68, 88.37, 32, 84, 6384704
0.41, 3.91, 24.60, 96.09, 32, 84, 6396524
0.41, 3.91, 24.63, 96.19, 32, 84, 6408360
0.41, 3.58, 24.54, 87.89, 32, 84, 6420184
0.41, 3.58, 24.52, 87.79, 32, 84, 6432020
0.41, 3.91, 24.65, 96.30, 32, 84, 6443844
0.41, 3.91, 24.63, 96.19, 33, 84, 6455672
0.41, 3.58, 24.65, 88.27, 33, 84, 6467500
0.41, 3.58, 24.65, 88.27, 33, 84, 6479332
0.42, 3.58, 24.71, 88.47, 33, 84, 6491168
0.43, 4.23, 24.54, 103.87, 33, 85, 6502992
0.43, 4.23, 24.63, 104.21, 33, 84, 6514828
0.44, 3.91, 24.65, 96.30, 33, 84, 6526656
0.44, 3.91, 24.49, 95.67, 33, 84, 6538492
0.44, 4.23, 24.63, 104.21, 33, 84, 6550316
0.44, 4.23, 24.71, 104.55, 33, 84, 6562148
0.44, 4.23, 24.54, 103.87, 33, 84, 6573976
0.44, 3.91, 24.65, 96.30, 33, 84, 6585804
0.44, 3.91, 24.71, 96.51, 33, 84, 6597636
0.44, 4.23, 24.65, 104.32, 33, 84, 6609464
0.44, 4.56, 24.60, 112.10, 33, 84, 6621296
0.43, 3.91, 24.57, 95.98, 33, 84, 6633120
0.43, 3.91, 24.57, 95.98, 33, 84, 6644956
0.44, 4.23, 24.65, 104.32, 34, 84, 6656780
0.44, 3.91, 24.60, 96.09, 34, 84, 6668616
0.44, 4.23, 24.33, 102.95, 34, 84, 6680436
0.45, 4.23, 24.54, 103.87, 34, 84, 6692280
0.45, 4.23, 24.49, 103.64, 34, 84, 6704104
0.46, 4.88, 24.60, 120.11, 34, 84, 6715924
0.46, 4.88, 24.60, 120.11, 34, 84, 6727760
0.46, 4.23, 24.52, 103.75, 34, 84, 6739584
0.46, 4.23, 24.60, 104.10, 34, 84, 6751416
0.46, 4.56, 24.60, 112.10, 34, 84, 6763240
0.47, 4.88, 24.63, 120.24, 34, 84, 6775076
0.46, 4.56, 24.41, 111.24, 34, 84, 6786900
0.46, 4.56, 24.49, 111.61, 34, 84, 6798732
0.47, 4.23, 24.60, 104.10, 34, 84, 6810564
0.46, 4.88, 24.54, 119.85, 34, 84, 6822388
0.47, 4.88, 24.65, 120.37, 34, 84, 6834224
0.47, 4.23, 24.57, 103.98, 34, 84, 6846044
0.47, 4.23, 24.57, 103.98, 35, 84, 6857880
0.47, 4.88, 24.73, 120.77, 35, 84, 6869704
0.47, 4.88, 24.65, 120.37, 35, 84, 6881540
0.48, 4.56, 24.44, 111.37, 35, 84, 6893360
0.48, 4.88, 24.49, 119.58, 35, 84, 6905192
0.49, 5.21, 24.63, 128.26, 35, 84, 6917020
0.49, 5.21, 24.60, 128.12, 35, 84, 6928852
0.49, 5.21, 24.54, 127.84, 35, 84, 6940684
0.49, 4.88, 24.52, 119.72, 35, 84, 6952524
0.49, 4.56, 24.63, 112.23, 35, 84, 6964344
0.49, 4.88, 24.65, 120.37, 35, 84, 6976168
0.49, 4.88, 24.65, 120.37, 35, 84, 6988004
0.49, 4.88, 24.38, 119.06, 35, 84, 6999828
0.49, 5.21, 24.60, 128.12, 35, 84, 7011660
0.49, 4.56, 24.71, 112.59, 35, 84, 7023484
0.49, 5.21, 24.60, 128.12, 35, 84, 7035312
0.49, 5.21, 24.54, 127.84, 35, 84, 7047152
0.49, 4.88, 24.44, 119.32, 36, 84, 7058980
0.49, 5.53, 24.49, 135.53, 36, 84, 7070816
0.50, 4.88, 24.54, 119.85, 36, 84, 7082644
0.51, 4.88, 24.73, 120.77, 36, 84, 7094476
0.51, 5.53, 24.68, 136.57, 36, 84, 7106304
0.52, 5.21, 24.71, 128.68, 36, 84, 7118136
0.52, 5.53, 24.38, 134.93, 36, 84, 7129960
0.52, 5.21, 24.54, 127.84, 36, 84, 7141792
0.52, 5.53, 24.41, 135.08, 36, 84, 7153644
0.52, 5.53, 24.63, 136.27, 36, 84, 7165456
0.52, 5.86, 24.60, 144.13, 36, 84, 7177292
0.52, 5.21, 24.52, 127.70, 36, 84, 7189116
0.52, 5.53, 24.36, 134.78, 36, 84, 7200952
0.52, 5.21, 24.71, 128.68, 36, 84, 7212780
0.52, 5.21, 24.65, 128.40, 36, 84, 7224616
0.52, 5.86, 24.63, 144.29, 36, 84, 7236444
0.52, 5.53, 24.63, 136.27, 36, 84, 7248272
0.52, 5.53, 24.52, 135.68, 37, 84, 7260112
0.52, 5.21, 24.87, 129.52, 37, 84, 7271936
0.53, 5.21, 24.73, 128.82, 37, 84, 7283772
0.54, 6.18, 24.60, 152.14, 37, 84, 7295596
0.54, 6.51, 24.63, 160.32, 37, 84, 7307428
0.55, 5.86, 24.33, 142.55, 37, 84, 7319256
0.55, 5.53, 24.52, 135.68, 37, 84, 7331088
0.55, 5.86, 24.68, 144.61, 37, 84, 7342916
0.55, 5.86, 24.60, 144.13, 37, 84, 7354740
0.56, 6.18, 24.33, 150.47, 37, 84, 7366572
0.56, 5.86, 24.41, 143.03, 37, 84, 7378400
0.56, 5.53, 24.71, 136.72, 37, 84, 7390236
0.56, 6.51, 24.63, 160.32, 37, 84, 7402060
0.56, 5.53, 24.49, 135.53, 37, 84, 7413912
0.56, 6.18, 24.46, 151.31, 37, 84, 7425716
0.56, 5.86, 24.38, 142.87, 37, 84, 7437556
0.56, 5.86, 24.65, 144.45, 37, 84, 7449380
0.56, 6.18, 24.68, 152.64, 38, 84, 7461212
0.56, 5.86, 24.68, 144.61, 38, 84, 7473044
0.56, 6.18, 24.44, 151.14, 38, 84, 7484872
0.57, 6.18, 24.46, 151.31, 38, 84, 7496708
0.57, 5.86, 24.52, 143.66, 38, 84, 7508536
0.58, 6.18, 24.52, 151.64, 38, 84, 7520372
0.58, 6.84, 24.60, 168.15, 38, 84, 7532196
0.58, 6.84, 24.54, 167.79, 38, 84, 7544036
0.59, 6.51, 24.36, 158.57, 38, 84, 7555860
0.58, 6.51, 24.57, 159.97, 38, 84, 7567696
0.59, 5.86, 24.63, 144.29, 38, 84, 7579524
0.59, 6.18, 24.73, 152.97, 38, 84, 7591352
0.59, 6.51, 24.65, 160.50, 38, 84, 7603188
0.59, 7.16, 24.54, 175.78, 38, 84, 7615016
0.59, 7.16, 24.54, 175.78, 38, 84, 7626852
0.59, 6.51, 24.44, 159.09, 38, 84, 7638676
0.59, 6.18, 24.57, 151.97, 38, 84, 7650512
0.59, 6.84, 24.57, 167.97, 39, 84, 7662340
0.59, 6.51, 24.52, 159.62, 39, 84, 7674176
0.59, 7.16, 24.25, 173.65, 39, 84, 7686004
0.59, 6.51, 24.27, 158.04, 39, 84, 7697832
0.60, 7.16, 24.33, 174.23, 39, 84, 7709672
0.61, 6.51, 24.71, 160.85, 39, 84, 7721496
0.61, 7.16, 24.60, 176.16, 39, 84, 7733332
0.61, 7.49, 24.46, 183.16, 39, 84, 7745160
0.61, 7.49, 24.63, 184.37, 39, 84, 7756996
0.61, 6.84, 24.54, 167.79, 39, 84, 7768820
0.61, 7.49, 24.27, 181.75, 39, 84, 7780656
0.61, 6.84, 24.41, 166.86, 39, 84, 7792496
0.62, 7.49, 24.60, 184.17, 39, 84, 7804308
0.61, 7.81, 24.44, 190.91, 39, 84, 7816144
0.62, 7.16, 24.49, 175.39, 39, 84, 7827968
0.62, 6.51, 24.73, 161.03, 39, 84, 7839800
0.62, 7.81, 24.60, 192.18, 39, 84, 7851624
0.62, 7.49, 24.63, 184.37, 40, 84, 7863464
0.62, 6.84, 24.25, 165.76, 40, 84, 7875288
0.62, 7.49, 24.27, 181.75, 40, 84, 7887128
0.62, 6.84, 24.81, 169.63, 40, 84, 7898952
0.63, 7.16, 24.49, 175.39, 40, 84, 7910784
0.63, 8.14, 24.57, 199.96, 40, 84, 7922620
0.64, 8.14, 24.36, 198.21, 40, 84, 7934448
0.64, 7.81, 24.22, 189.23, 40, 84, 7946284
0.64, 7.16, 24.68, 176.74, 40, 84, 7958108
0.64, 7.16, 24.71, 176.93, 40, 84, 7969944
0.64, 8.14, 24.44, 198.87, 40, 84, 7981768
0.64, 7.81, 24.52, 191.54, 40, 84, 7993604
0.64, 7.49, 24.14, 180.74, 40, 84, 8005432
0.64, 7.16, 24.49, 175.39, 40, 84, 8017260
0.64, 7.49, 24.68, 184.78, 40, 84, 8029092
0.64, 8.46, 24.54, 207.73, 40, 84, 8040928
0.64, 7.16, 24.95, 178.67, 40, 84, 8052776
0.64, 7.49, 24.46, 183.16, 41, 85, 8064588
0.65, 7.49, 24.19, 181.14, 41, 84, 8076424
0.64, 7.81, 24.60, 192.18, 41, 84, 8088248
0.65, 8.46, 24.54, 207.73, 41, 84, 8100084
0.66, 7.81, 24.22, 189.23, 41, 84, 8111904
0.66, 8.14, 24.38, 198.43, 41, 84, 8123736
0.66, 8.79, 24.60, 216.20, 41, 84, 8135564
0.66, 8.79, 24.54, 215.72, 41, 84, 8147396
0.67, 8.46, 24.57, 207.96, 41, 84, 8159228
0.66, 8.14, 24.30, 197.77, 41, 84, 8171056
0.67, 7.81, 24.60, 192.18, 41, 84, 8182892
0.67, 8.46, 24.65, 208.65, 41, 84, 8194712
0.67, 8.46, 24.44, 206.82, 41, 84, 8206548
0.67, 8.14, 24.44, 198.87, 41, 84, 8218372
0.67, 8.46, 24.36, 206.14, 41, 84, 8230208
0.67, 8.79, 24.57, 215.96, 41, 84, 8242028
0.67, 8.14, 24.68, 200.84, 41, 84, 8253872
0.67, 8.46, 24.01, 203.17, 42, 84, 8265692
0.67, 7.81, 24.65, 192.60, 42, 84, 8277512
0.67, 8.14, 24.65, 200.62, 42, 84, 8289348
0.67, 9.11, 24.36, 221.99, 42, 84, 8301172
0.68, 8.79, 24.57, 215.96, 42, 84, 8313008
0.69, 8.46, 24.41, 206.59, 42, 84, 8324832
0.69, 8.14, 24.63, 200.40, 42, 84, 8336664
0.69, 9.11, 24.49, 223.22, 42, 84, 8348488
0.70, 8.46, 24.63, 208.42, 42, 84, 8360320
0.70, 8.46, 24.30, 205.68, 42, 84, 8372144
0.70, 8.46, 24.65, 208.65, 42, 85, 8383976
0.70, 8.79, 24.33, 213.83, 42, 84, 8395812
0.70, 8.79, 24.25, 213.12, 42, 84, 8407636
0.70, 9.11, 24.30, 221.50, 42, 84, 8419472
0.70, 8.46, 24.57, 207.96, 42, 84, 8431296
0.70, 8.46, 24.65, 208.65, 42, 84, 8443128
0.70, 9.11, 24.49, 223.22, 42, 84, 8454952
0.70, 9.44, 24.36, 229.92, 43, 84, 8466784
0.70, 8.14, 24.46, 199.09, 43, 84, 8478616
0.70, 9.44, 24.57, 231.96, 43, 84, 8490444
0.71, 9.11, 24.52, 223.47, 43, 84, 8502284
0.72, 8.46, 24.68, 208.88, 43, 84, 8514124
0.72, 9.11, 24.22, 220.76, 43, 84, 8525948
0.73, 8.79, 24.57, 215.96, 43, 84, 8537772
0.73, 8.79, 24.57, 215.96, 43, 84, 8549612
0.73, 9.77, 24.46, 238.90, 43, 84, 8561436
0.73, 8.46, 24.60, 208.19, 43, 84, 8573268
0.73, 9.44, 24.11, 227.63, 43, 84, 8585096
0.74, 9.11, 24.60, 224.21, 43, 84, 8596928
0.74, 9.11, 24.54, 223.71, 43, 84, 8608764
0.74, 10.09, 24.52, 247.41, 43, 84, 8620592
0.73, 9.77, 24.36, 237.85, 43, 84, 8632428
0.73, 9.44, 24.33, 229.67, 43, 84, 8644256
0.74, 8.79, 24.52, 215.49, 43, 84, 8656088
0.73, 9.44, 24.65, 232.72, 44, 84, 8667920
0.73, 9.44, 24.73, 233.49, 44, 84, 8679752
0.74, 9.77, 24.22, 236.53, 44, 84, 8691576
0.74, 8.79, 24.71, 217.15, 44, 84, 8703408
0.75, 9.77, 24.73, 241.54, 44, 84, 8715240
0.75, 10.42, 24.22, 252.30, 44, 84, 8727064
0.76, 10.09, 24.22, 244.42, 44, 84, 8738904
0.76, 9.77, 24.44, 238.64, 44, 84, 8750728
0.77, 10.09, 24.38, 246.05, 44, 84, 8762564
0.77, 10.74, 24.49, 263.08, 44, 84, 8774388
0.77, 10.42, 24.54, 255.67, 44, 84, 8786224
0.77, 9.44, 24.46, 230.94, 44, 84, 8798048
0.77, 10.09, 24.65, 248.77, 44, 84, 8809884
0.77, 10.09, 24.60, 248.23, 44, 84, 8821724
0.77, 10.42, 24.36, 253.71, 44, 84, 8833544
0.77, 10.42, 24.27, 252.86, 44, 84, 8845384
0.77, 9.77, 24.36, 237.85, 44, 84, 8857208
0.77, 9.44, 24.46, 230.94, 45, 84, 8869048
0.77, 10.74, 24.46, 262.79, 45, 84, 8880868
0.77, 9.77, 24.63, 240.48, 45, 84, 8892724
0.78, 10.42, 24.11, 251.18, 45, 84, 8904532
0.79, 10.42, 24.17, 251.74, 45, 84, 8916368
0.79, 10.09, 24.63, 248.50, 45, 84, 8928200
0.79, 11.07, 24.25, 268.37, 45, 84, 8940024
0.80, 11.07, 24.22, 268.07, 45, 84, 8951864
0.80, 10.09, 24.54, 247.68, 45, 84, 8963692
0.80, 10.42, 24.54, 255.67, 45, 84, 8975528
0.80, 11.07, 24.54, 271.65, 45, 84, 8987352
0.80, 11.39, 24.54, 279.64, 45, 84, 8999192
0.80, 10.42, 24.36, 253.71, 45, 84, 9011012
0.80, 10.42, 24.44, 254.55, 45, 84, 9022844
0.80, 11.39, 24.46, 278.72, 45, 84, 9034676
0.81, 10.74, 24.14, 259.32, 45, 84, 9046508
0.81, 10.42, 24.25, 252.58, 45, 84, 9058340
0.81, 10.42, 24.73, 257.64, 46, 84, 9070168
0.81, 11.72, 24.27, 284.47, 46, 84, 9082004
0.80, 10.42, 24.36, 253.71, 46, 84, 9093828
0.81, 10.42, 24.33, 253.43, 46, 84, 9105660
0.82, 11.72, 24.27, 284.47, 46, 84, 9117484
0.82, 11.39, 24.57, 279.95, 46, 84, 9129320
0.82, 10.74, 24.60, 264.24, 46, 84, 9141148
0.82, 11.39, 24.68, 281.18, 46, 84, 9152980
0.83, 11.39, 24.71, 281.49, 46, 84, 9164816
0.83, 11.07, 24.22, 268.07, 46, 84, 9176640
0.82, 10.42, 24.60, 256.24, 46, 84, 9188476
0.82, 11.72, 24.33, 285.10, 46, 84, 9200300
0.82, 11.72, 24.46, 286.68, 46, 84, 9212136
0.82, 11.07, 24.19, 267.77, 46, 84, 9223960
0.81, 10.42, 24.41, 254.27, 46, 84, 9235792
0.81, 12.04, 24.17, 291.07, 46, 84, 9247620
0.81, 11.07, 24.25, 268.37, 46, 84, 9259444
0.81, 10.74, 24.76, 265.98, 47, 84, 9271284
0.81, 11.72, 24.30, 284.79, 47, 84, 9283104
0.81, 12.04, 24.33, 293.02, 47, 84, 9294940
0.82, 11.72, 24.65, 288.90, 47, 84, 9306764
0.83, 12.37, 24.54, 303.61, 47, 84, 9318596
0.84, 11.72, 24.27, 284.47, 47, 84, 9330424
0.84, 12.70, 24.17, 306.81, 47, 84, 9342256
0.84, 11.39, 24.14, 275.03, 47, 84, 9354096
0.84, 12.70, 24.22, 307.49, 47, 84, 9365908
0.84, 12.04, 24.03, 289.45, 47, 84, 9377744
0.84, 11.39, 24.54, 279.64, 47, 84, 9389568
0.85, 12.37, 24.33, 300.94, 47, 84, 9401404
0.85, 11.39, 24.49, 279.03, 47, 84, 9413224
0.85, 11.39, 24.71, 281.49, 47, 84, 9425056
0.84, 12.37, 24.25, 299.94, 47, 84, 9436880
0.85, 12.70, 24.17, 306.81, 47, 84, 9448720
0.84, 12.04, 24.33, 293.02, 47, 84, 9460540
0.85, 12.70, 24.01, 304.75, 48, 84, 9472368
0.85, 12.04, 24.14, 290.75, 48, 84, 9484200
0.85, 11.72, 24.68, 289.21, 48, 84, 9496024
0.86, 12.70, 24.63, 312.63, 48, 84, 9507860
0.86, 12.70, 24.11, 306.12, 48, 84, 9519688
0.87, 11.72, 24.46, 286.68, 48, 84, 9531520
0.87, 12.70, 24.38, 309.55, 48, 84, 9543344
0.87, 12.70, 24.22, 307.49, 48, 84, 9555180
0.88, 11.72, 24.79, 290.48, 48, 84, 9567000
0.88, 12.04, 24.52, 295.30, 48, 84, 9578832
0.88, 12.37, 24.19, 299.28, 48, 84, 9590656
0.88, 12.04, 24.38, 293.67, 48, 84, 9602484
0.87, 12.70, 24.11, 306.12, 48, 84, 9614340
0.88, 13.35, 24.38, 325.42, 48, 84, 9626148
0.87, 12.70, 24.01, 304.75, 48, 84, 9637984
0.87, 12.70, 24.60, 312.29, 48, 84, 9649808
0.87, 12.04, 24.76, 298.22, 48, 84, 9661648
0.87, 13.02, 24.06, 313.27, 49, 84, 9673472
0.87, 12.70, 24.17, 306.81, 49, 84, 9685308
0.87, 12.70, 24.63, 312.63, 49, 84, 9697136
0.88, 13.35, 24.22, 323.26, 49, 84, 9708964
0.89, 13.35, 24.11, 321.82, 49, 84, 9720800
0.90, 13.02, 24.68, 321.35, 49, 84, 9732624
0.90, 14.00, 24.38, 341.30, 49, 84, 9744460
0.91, 13.35, 24.17, 322.54, 49, 84, 9756288
0.91, 13.02, 24.30, 316.43, 49, 84, 9768124
0.90, 12.70, 24.63, 312.63, 49, 84, 9779952
0.91, 14.00, 24.46, 342.43, 49, 84, 9791784
0.90, 13.02, 24.19, 315.03, 49, 84, 9803604
0.91, 12.70, 24.38, 309.55, 49, 84, 9815440
0.90, 14.00, 24.54, 343.56, 49, 84, 9827272
0.90, 14.00, 24.01, 336.01, 49, 84, 9839100
0.91, 12.70, 24.38, 309.55, 49, 84, 9850932
0.90, 14.00, 24.60, 344.32, 49, 84, 9862760
0.90, 14.00, 24.36, 340.92, 50, 84, 9874604
0.90, 13.02, 24.27, 316.08, 50, 84, 9886420
0.91, 13.02, 24.63, 320.65, 50, 84, 9898256
0.91, 14.00, 24.38, 341.30, 50, 84, 9910076
0.92, 13.02, 24.27, 316.08, 50, 84, 9921908
0.93, 14.32, 24.49, 350.78, 50, 84, 9933740
0.93, 14.32, 24.03, 344.21, 50, 84, 9945564
0.93, 13.35, 24.33, 324.70, 50, 84, 9957400
0.93, 14.32, 24.38, 349.23, 50, 84, 9969228
0.93, 14.97, 24.49, 366.72, 50, 84, 9981060
0.93, 14.32, 24.30, 348.07, 50, 84, 9992904
0.93, 14.00, 24.22, 339.03, 50, 84, 10004724
0.93, 14.65, 24.54, 359.54, 50, 84, 10016548
0.93, 14.32, 24.22, 346.92, 50, 84, 10028380
0.93, 13.35, 24.63, 328.66, 50, 84, 10040208
0.93, 15.63, 24.36, 380.56, 50, 84, 10052044
0.93, 14.65, 24.33, 356.38, 50, 84, 10063880
0.94, 13.02, 24.38, 317.49, 51, 84, 10075704
0.93, 14.00, 24.60, 344.32, 51, 84, 10087540
0.94, 14.65, 24.22, 354.80, 51, 84, 10099360
0.95, 14.32, 24.30, 348.07, 51, 84, 10111196
0.95, 14.97, 24.49, 366.72, 51, 84, 10123020
0.96, 14.32, 24.54, 351.55, 51, 84, 10134852
0.96, 13.67, 24.44, 334.10, 51, 84, 10146676
0.96, 15.95, 24.25, 386.77, 51, 84, 10158508
0.96, 15.95, 24.03, 383.33, 51, 84, 10170344
0.96, 14.00, 24.41, 341.67, 51, 84, 10182168
0.96, 15.30, 24.38, 373.04, 51, 84, 10194000
0.96, 14.65, 24.44, 357.96, 51, 84, 10205828
0.97, 14.65, 24.19, 354.40, 51, 84, 10217668
0.97, 15.30, 24.87, 380.47, 51, 84, 10229492
0.96, 14.32, 24.95, 357.35, 51, 84, 10241324
0.96, 13.67, 24.36, 332.99, 51, 84, 10253156
0.96, 14.32, 24.57, 351.94, 51, 84, 10264980
0.97, 15.30, 24.57, 375.93, 52, 84, 10276820
0.97, 14.97, 23.90, 357.84, 52, 84, 10288644
0.97, 14.32, 24.52, 351.17, 52, 84, 10300484
0.98, 15.30, 23.92, 366.03, 52, 84, 10312308
0.98, 16.93, 24.06, 407.25, 52, 84, 10324148
0.99, 14.97, 24.54, 367.53, 52, 84, 10335972
0.99, 15.95, 24.46, 390.21, 52, 84, 10347808
0.99, 16.60, 23.90, 396.73, 52, 84, 10359632
0.99, 15.95, 23.98, 382.47, 52, 84, 10371464
0.99, 16.28, 24.30, 395.54, 52, 84, 10383296
0.99, 15.30, 23.90, 365.62, 52, 84, 10395124
0.99, 14.97, 24.63, 368.74, 52, 84, 10406960
1.00, 16.60, 24.49, 406.58, 52, 84, 10418784
1.00, 16.60, 23.98, 398.08, 52, 84, 10430620
1.00, 15.30, 24.57, 375.93, 52, 84, 10442448
1.00, 14.97, 24.49, 366.72, 52, 84, 10454284
1.00, 15.63, 24.19, 378.03, 52, 84, 10466108
1.01, 15.63, 24.33, 380.14, 53, 84, 10477940
1.00, 16.93, 23.74, 401.77, 53, 84, 10489768
1.01, 15.30, 24.44, 373.87, 53, 84, 10501600
1.01, 15.95, 25.06, 399.67, 53, 84, 10513436
1.02, 16.60, 24.60, 408.38, 53, 84, 10525264
1.02, 15.63, 24.41, 381.40, 53, 84, 10537100
1.02, 16.93, 24.03, 406.80, 53, 84, 10548924
1.02, 17.25, 23.76, 409.96, 53, 84, 10560760
1.02, 15.95, 24.36, 388.49, 53, 84, 10572588
1.02, 16.93, 24.63, 416.84, 53, 84, 10584420
1.02, 16.60, 23.79, 394.94, 53, 84, 10596248
1.02, 16.28, 24.54, 399.49, 53, 84, 10608080
1.02, 16.60, 24.65, 409.27, 53, 84, 10619916
1.02, 18.23, 23.84, 434.65, 53, 84, 10631740
1.02, 16.28, 24.06, 391.59, 53, 84, 10643576
1.02, 16.60, 24.19, 401.66, 53, 84, 10655400
1.03, 16.93, 24.33, 411.82, 53, 84, 10667236
1.02, 16.28, 24.90, 405.20, 54, 84, 10679060
1.03, 15.63, 24.41, 381.40, 54, 84, 10690896
1.03, 17.25, 23.82, 410.90, 54, 84, 10702724
1.04, 17.25, 23.76, 409.96, 54, 84, 10714568
1.04, 16.93, 24.30, 411.36, 54, 84, 10726392
1.05, 16.60, 23.92, 397.18, 54, 84, 10738212
1.05, 16.28, 24.44, 397.73, 54, 84, 10750048
1.05, 16.93, 24.52, 415.01, 54, 84, 10761876
1.05, 17.25, 24.06, 415.08, 54, 84, 10773716
1.05, 17.25, 24.33, 419.74, 54, 84, 10785536
1.05, 17.25, 24.33, 419.74, 54, 84, 10797372
1.05, 16.60, 24.30, 403.45, 54, 84, 10809200
1.05, 16.93, 24.68, 417.75, 54, 84, 10821032
1.05, 17.58, 24.38, 428.60, 54, 84, 10832880
1.05, 16.60, 24.57, 407.93, 54, 84, 10844688
1.05, 17.90, 24.30, 435.09, 54, 84, 10856528
1.05, 17.25, 24.14, 416.48, 54, 84, 10868352
1.05, 17.25, 24.06, 415.08, 55, 84, 10880188
1.05, 17.90, 24.01, 429.78, 55, 84, 10892012
1.06, 16.93, 24.44, 413.64, 55, 84, 10903848
1.07, 18.23, 24.09, 439.07, 55, 84, 10915672
1.08, 18.23, 24.19, 441.04, 55, 84, 10927504
1.08, 18.23, 24.52, 446.94, 55, 84, 10939340
1.08, 17.90, 24.06, 430.75, 55, 84, 10951164
1.08, 16.93, 24.38, 412.73, 55, 84, 10963004
1.08, 18.23, 24.44, 445.46, 55, 84, 10974836
1.09, 17.25, 24.25, 418.34, 55, 84, 10986660
1.08, 19.86, 23.95, 475.60, 55, 84, 10998484
1.08, 17.90, 23.95, 428.82, 55, 84, 11010320
1.08, 17.58, 24.87, 437.14, 55, 84, 11022144
1.08, 19.86, 23.98, 476.13, 55, 84, 11033976
1.08, 19.53, 24.49, 478.33, 55, 84, 11045800
1.08, 18.23, 23.98, 437.10, 55, 84, 11057632
1.08, 16.93, 24.63, 416.84, 55, 84, 11069468
1.08, 18.88, 23.49, 443.55, 56, 84, 11081288
1.08, 19.21, 24.06, 462.07, 56, 84, 11093140
1.09, 19.53, 24.11, 470.96, 56, 84, 11104952
1.10, 18.55, 23.65, 438.90, 56, 84, 11116788
1.10, 19.53, 24.25, 473.59, 56, 84, 11128612
1.11, 19.53, 23.82, 465.16, 56, 84, 11140444
1.11, 18.55, 23.71, 439.90, 56, 84, 11152272
1.11, 18.88, 23.92, 451.70, 56, 84, 11164104
1.11, 18.23, 24.14, 440.05, 56, 84, 11175940
1.11, 20.18, 24.46, 493.73, 56, 84, 11187764
1.12, 19.21, 23.82, 457.41, 56, 84, 11199600
1.12, 20.51, 23.92, 490.64, 56, 84, 11211420
1.12, 18.55, 24.11, 447.41, 56, 84, 11223252
1.12, 19.21, 24.22, 465.18, 56, 84, 11235080
1.11, 20.51, 24.25, 497.27, 56, 84, 11246916
1.11, 19.86, 24.11, 478.81, 56, 84, 11258736
1.11, 19.53, 23.79, 464.64, 56, 84, 11270568
1.11, 18.23, 24.27, 442.51, 57, 84, 11282400
1.11, 18.23, 24.33, 443.50, 57, 84, 11294228
1.11, 18.88, 24.63, 464.94, 57, 84, 11306060
1.11, 20.51, 24.27, 497.83, 57, 84, 11317880
1.12, 18.23, 24.81, 452.35, 57, 84, 11329720
1.13, 20.51, 23.71, 486.21, 57, 84, 11341540
1.13, 19.21, 24.38, 468.29, 57, 84, 11353376
1.14, 19.86, 24.22, 480.95, 57, 84, 11365200
1.14, 19.21, 24.46, 469.84, 57, 84, 11377024
1.14, 20.51, 24.17, 495.61, 57, 84, 11388864
1.14, 19.86, 24.46, 485.77, 57, 84, 11400684
1.14, 20.83, 23.82, 496.18, 57, 84, 11412520
1.14, 19.86, 24.57, 487.91, 57, 84, 11424340
1.14, 20.51, 23.98, 491.74, 57, 84, 11436176
1.14, 20.83, 24.27, 505.73, 57, 84, 11448004
1.14, 21.48, 24.25, 520.95, 57, 84, 11459840
1.14, 20.51, 24.49, 502.25, 57, 84, 11471660
1.14, 20.18, 24.17, 487.75, 58, 84, 11483496
1.14, 19.53, 24.52, 478.86, 58, 84, 11495324
1.14, 20.83, 23.82, 496.18, 58, 84, 11507156
1.15, 20.18, 24.38, 492.10, 58, 84, 11518988
1.15, 21.16, 23.74, 502.22, 58, 84, 11530812
1.16, 19.21, 23.95, 460.00, 58, 84, 11542648
1.17, 20.51, 24.33, 498.93, 58, 84, 11554472
1.17, 20.18, 24.17, 487.75, 58, 84, 11566304
1.17, 21.16, 23.60, 499.36, 58, 84, 11578128
1.17, 20.18, 24.11, 486.66, 58, 84, 11589964
1.17, 21.48, 23.84, 512.26, 58, 84, 11601788
1.17, 20.18, 24.38, 492.10, 58, 84, 11613620
1.17, 21.16, 23.95, 506.78, 58, 84, 11625456
1.17, 20.51, 24.63, 505.02, 58, 84, 11637280
1.17, 21.48, 24.14, 518.63, 58, 84, 11649112
1.17, 21.16, 24.25, 513.06, 58, 84, 11660932
1.17, 20.18, 24.17, 487.75, 58, 84, 11672768
1.17, 23.11, 24.65, 569.77, 59, 84, 11684592
1.17, 21.48, 23.87, 512.84, 59, 84, 11696428
1.17, 23.11, 23.60, 545.46, 59, 84, 11708252
1.18, 21.16, 24.30, 514.20, 59, 84, 11720080
1.18, 22.14, 24.01, 531.37, 59, 84, 11731916
1.19, 20.51, 24.79, 508.34, 59, 84, 11743740
1.19, 23.44, 24.06, 563.89, 59, 84, 11755572
1.20, 20.18, 24.46, 493.73, 59, 84, 11767396
1.20, 21.81, 23.82, 519.43, 59, 84, 11779232
1.20, 22.46, 24.41, 548.27, 59, 84, 11791056
1.20, 21.48, 23.55, 505.89, 59, 84, 11802888
1.21, 21.16, 24.41, 516.48, 59, 84, 11814728
1.21, 21.48, 23.71, 509.36, 59, 84, 11826544
1.22, 22.14, 23.38, 517.63, 59, 84, 11838372
1.21, 22.46, 24.17, 542.82, 59, 84, 11850204
1.21, 22.79, 24.33, 554.37, 59, 84, 11862040
1.21, 21.81, 24.60, 536.49, 59, 84, 11873864
1.21, 22.79, 23.71, 540.23, 60, 84, 11885704
1.21, 22.14, 24.52, 542.71, 60, 84, 11897528
1.20, 22.14, 24.01, 531.37, 60, 84, 11909364
1.21, 23.44, 24.30, 569.58, 60, 84, 11921188
1.21, 22.46, 23.74, 533.12, 60, 84, 11933020
1.22, 22.46, 24.01, 539.18, 60, 84, 11944848
1.22, 22.14, 24.17, 534.95, 60, 84, 11956680
1.23, 24.41, 23.90, 583.43, 60, 84, 11968516
1.23, 22.14, 24.38, 539.72, 60, 84, 11980344
1.23, 22.46, 23.20, 521.01, 60, 84, 11992180
1.23, 23.44, 24.25, 568.31, 60, 84, 12004004
1.23, 22.14, 24.01, 531.37, 60, 84, 12015836
1.23, 22.14, 23.49, 520.02, 60, 84, 12027660
1.23, 22.79, 24.27, 553.14, 60, 84, 12039492
1.23, 21.81, 24.33, 530.61, 60, 84, 12051316
1.23, 23.11, 23.82, 550.44, 60, 84, 12063148
1.23, 23.11, 23.90, 552.32, 60, 84, 12075000
1.24, 23.76, 23.74, 564.03, 61, 84, 12086808
1.24, 23.11, 24.03, 555.43, 61, 84, 12098644
1.24, 23.76, 23.65, 562.10, 61, 84, 12110468
1.24, 22.79, 24.03, 547.61, 61, 84, 12122304
1.25, 24.74, 24.01, 593.88, 61, 84, 12134128
1.25, 23.76, 23.82, 565.95, 61, 84, 12145964
1.26, 22.46, 24.41, 548.27, 61, 84, 12157788
1.26, 24.09, 23.68, 570.45, 61, 84, 12169616
1.26, 24.09, 24.92, 600.34, 61, 84, 12181452
1.26, 24.09, 24.60, 592.55, 61, 84, 12193292
1.26, 25.72, 23.92, 615.24, 61, 84, 12205116
1.26, 23.44, 24.46, 573.37, 61, 84, 12216940
1.26, 24.41, 23.98, 585.41, 61, 84, 12228776
1.26, 24.41, 24.98, 609.77, 61, 84, 12240600
1.26, 23.11, 24.25, 560.42, 61, 84, 12252436
1.26, 25.72, 23.49, 604.14, 61, 84, 12264260
1.26, 23.11, 23.87, 551.69, 61, 84, 12276092
1.26, 24.41, 23.57, 575.53, 62, 84, 12287932
1.26, 24.74, 24.36, 602.55, 62, 84, 12299756
1.26, 24.74, 23.44, 579.87, 62, 84, 12311592
1.27, 24.74, 23.60, 583.87, 62, 84, 12323420
1.28, 24.74, 24.38, 603.22, 62, 84, 12335256
1.29, 23.76, 23.76, 564.67, 62, 84, 12347080
1.30, 26.37, 24.17, 637.22, 62, 84, 12358916
1.30, 24.74, 24.54, 607.23, 62, 84, 12370740
1.30, 25.72, 23.84, 613.16, 62, 84, 12382568
1.30, 24.74, 23.95, 592.55, 62, 84, 12394396
1.30, 24.41, 23.82, 581.46, 62, 84, 12406228
1.30, 26.04, 23.41, 609.68, 62, 84, 12418064
1.30, 25.07, 24.63, 617.24, 62, 84, 12429888
1.30, 25.07, 24.03, 602.37, 62, 84, 12441724
1.30, 24.41, 23.33, 569.60, 62, 84, 12453548
1.30, 23.76, 24.01, 570.44, 62, 84, 12465388
1.30, 23.76, 24.54, 583.26, 62, 84, 12477212
1.30, 25.72, 23.98, 616.63, 63, 84, 12489044
1.30, 25.72, 24.17, 621.48, 63, 84, 12500876
1.30, 24.74, 23.82, 589.21, 63, 84, 12512708
1.30, 26.04, 24.84, 646.91, 63, 84, 12524544
1.31, 24.09, 23.57, 567.86, 63, 84, 12536368
1.32, 26.04, 23.52, 612.49, 63, 84, 12548208
1.33, 26.37, 23.76, 626.55, 63, 84, 12560028
1.33, 25.72, 24.36, 626.34, 63, 84, 12571868
1.33, 24.41, 23.95, 584.75, 63, 84, 12583692
1.33, 24.74, 23.84, 589.88, 63, 84, 12595528
1.33, 25.72, 24.73, 636.05, 63, 84, 12607352
1.33, 25.07, 23.60, 591.55, 63, 84, 12619184
1.33, 25.07, 25.27, 633.47, 63, 84, 12631024
1.33, 24.41, 24.49, 597.92, 63, 84, 12642848
1.33, 25.07, 23.52, 589.52, 63, 84, 12654684
1.33, 25.07, 23.52, 589.52, 63, 84, 12666508
1.33, 26.04, 24.87, 647.61, 63, 84, 12678344
1.33, 24.74, 23.82, 589.21, 64, 84, 12690172
1.33, 26.04, 24.54, 639.18, 64, 84, 12702008
1.33, 26.04, 24.71, 643.40, 64, 84, 12713832
1.34, 26.04, 24.30, 632.86, 64, 84, 12725660
1.35, 27.02, 23.41, 632.55, 64, 84, 12737496
1.35, 26.69, 23.44, 625.65, 64, 84, 12749320
1.36, 27.34, 23.74, 649.02, 64, 84, 12761156
1.36, 26.04, 24.38, 634.97, 64, 84, 12772980
1.36, 27.67, 23.47, 649.28, 64, 84, 12784812
1.36, 25.07, 24.52, 614.54, 64, 84, 12796636
1.36, 26.37, 24.27, 640.06, 64, 84, 12808476
1.37, 26.69, 24.92, 665.24, 64, 84, 12820304
1.36, 26.04, 24.36, 634.27, 64, 84, 12832132
1.37, 26.04, 24.22, 630.76, 64, 84, 12843968
1.36, 27.34, 23.41, 640.17, 64, 84, 12855792
1.36, 25.39, 24.52, 622.52, 64, 84, 12867632
1.36, 27.02, 24.46, 660.97, 64, 84, 12879452
1.36, 26.37, 23.68, 624.42, 65, 84, 12891288
1.36, 26.04, 23.25, 605.47, 65, 84, 12903112
1.36, 26.69, 24.01, 640.76, 65, 84, 12914964
1.37, 26.69, 24.38, 650.84, 65, 84, 12926772
1.38, 27.67, 23.98, 663.46, 65, 84, 12938596
1.38, 24.74, 24.14, 597.22, 65, 84, 12950428
1.39, 27.02, 24.30, 656.60, 65, 84, 12962260
1.39, 27.99, 24.27, 679.57, 65, 84, 12974096
1.39, 27.67, 24.33, 673.16, 65, 84, 12985920
1.39, 27.99, 24.14, 675.80, 65, 84, 12997756
1.39, 27.99, 23.84, 667.49, 65, 84, 13009580
1.39, 27.34, 23.28, 636.48, 65, 84, 13021412
1.39, 27.34, 25.08, 685.89, 65, 84, 13033256
1.39, 27.02, 24.06, 650.04, 65, 84, 13045068
1.39, 27.99, 24.27, 679.57, 65, 84, 13056900
1.39, 27.67, 25.06, 693.31, 65, 84, 13068728
1.39, 27.02, 23.95, 647.12, 65, 84, 13080560
1.39, 25.72, 23.52, 604.84, 66, 84, 13092384
1.39, 28.32, 23.44, 663.79, 66, 84, 13104220
1.39, 27.67, 24.01, 664.21, 66, 84, 13116040
1.39, 28.65, 24.36, 697.69, 66, 84, 13127876
1.41, 27.99, 23.84, 667.49, 66, 84, 13139700
1.42, 27.02, 23.79, 642.75, 66, 84, 13151536
1.42, 26.69, 24.14, 644.36, 66, 84, 13163360
1.42, 29.62, 23.49, 695.91, 66, 84, 13175208
1.42, 28.65, 23.33, 668.33, 66, 84, 13187028
1.43, 29.30, 24.90, 729.36, 66, 84, 13198852
1.43, 28.65, 23.92, 685.33, 66, 84, 13210688
1.43, 28.65, 24.30, 696.15, 66, 84, 13222516
1.43, 29.95, 24.73, 740.72, 66, 84, 13234352
1.43, 27.99, 24.41, 683.35, 66, 85, 13246176
1.43, 27.99, 23.47, 656.92, 66, 84, 13258012
1.43, 29.95, 23.49, 703.56, 66, 84, 13269836
1.42, 28.32, 24.90, 705.04, 66, 84, 13281668
1.42, 27.99, 23.47, 656.92, 67, 84, 13293520
1.42, 27.02, 24.52, 662.43, 67, 84, 13305328
1.43, 27.34, 23.82, 651.23, 67, 84, 13317168
1.43, 28.32, 24.81, 702.75, 67, 84, 13328988
1.44, 29.95, 23.87, 714.87, 67, 84, 13340824
1.45, 27.67, 24.38, 674.66, 67, 84, 13352648
1.45, 29.30, 24.49, 717.50, 67, 84, 13364488
1.45, 28.32, 23.84, 675.25, 67, 84, 13376312
1.45, 28.97, 24.06, 697.03, 67, 84, 13388144
1.46, 28.65, 24.22, 693.83, 67, 84, 13399972
1.46, 30.27, 24.52, 742.24, 67, 84, 13411804
1.46, 27.34, 23.38, 639.43, 67, 84, 13423640
1.45, 27.99, 23.65, 662.21, 67, 84, 13435460
1.46, 27.99, 23.55, 659.19, 67, 84, 13447296
1.46, 30.27, 24.06, 728.35, 67, 84, 13459124
1.46, 28.65, 23.57, 675.29, 67, 84, 13470956
1.45, 29.95, 23.57, 705.98, 67, 84, 13482780
1.45, 29.95, 23.60, 706.79, 68, 84, 13494612
1.46, 29.95, 23.20, 694.67, 68, 84, 13506440
1.45, 29.95, 23.79, 712.44, 68, 84, 13518264
1.46, 31.58, 23.44, 740.09, 68, 84, 13530100
1.47, 29.30, 23.68, 693.80, 68, 84, 13541924
1.48, 29.30, 25.27, 740.42, 68, 84, 13553756
1.48, 30.27, 23.33, 706.31, 68, 84, 13565580
1.48, 29.62, 24.49, 725.47, 68, 84, 13577416
1.48, 32.23, 23.84, 768.39, 68, 84, 13589236
1.49, 28.32, 24.22, 685.95, 68, 84, 13601072
1.49, 31.25, 23.92, 747.64, 68, 84, 13612896
1.49, 29.62, 24.33, 720.68, 68, 84, 13624720
1.49, 30.92, 23.87, 738.18, 68, 84, 13636556
1.49, 29.62, 24.11, 714.29, 68, 84, 13648380
1.49, 31.90, 24.44, 779.56, 68, 84, 13660216
1.49, 30.27, 23.12, 699.78, 68, 84, 13672036
1.48, 30.27, 24.71, 747.95, 68, 84, 13683868
1.48, 30.92, 23.98, 741.52, 69, 84, 13695692
1.49, 30.60, 23.98, 733.71, 69, 84, 13707528
1.50, 30.92, 23.71, 733.17, 69, 84, 13719356
1.51, 31.90, 24.25, 773.54, 69, 84, 13731180
1.51, 32.23, 23.36, 752.75, 69, 84, 13743008
1.52, 31.25, 23.47, 733.31, 69, 84, 13754836
1.52, 31.90, 24.81, 791.61, 69, 84, 13766676
1.52, 31.25, 23.74, 741.73, 69, 84, 13778496
1.52, 32.55, 23.82, 775.27, 69, 84, 13790340
1.53, 32.23, 24.33, 784.04, 69, 84, 13802164
1.52, 30.92, 24.14, 746.52, 69, 84, 13813996
1.52, 30.92, 23.49, 726.50, 69, 84, 13825820
1.52, 30.27, 23.52, 712.02, 69, 84, 13837648
1.52, 30.60, 23.20, 709.78, 69, 84, 13849476
1.52, 31.90, 23.28, 742.56, 69, 84, 13861308
1.52, 33.20, 23.14, 768.39, 69, 84, 13873144
1.52, 31.25, 23.22, 725.72, 69, 84, 13884968
1.52, 31.90, 23.92, 763.21, 70, 84, 13896808
1.52, 31.58, 23.25, 734.13, 70, 84, 13908632
1.52, 33.53, 23.25, 779.54, 70, 84, 13920468
1.53, 30.92, 23.30, 720.66, 70, 84, 13932296
1.54, 32.88, 23.82, 783.03, 70, 84, 13944132
1.54, 30.27, 23.55, 712.84, 70, 84, 13955956
1.55, 30.92, 24.19, 748.19, 70, 84, 13967788
1.55, 31.58, 24.01, 757.98, 70, 84, 13979624
1.55, 30.92, 24.27, 750.69, 70, 84, 13991452
1.55, 32.88, 23.87, 784.80, 70, 84, 14003288
1.55, 33.20, 23.68, 786.30, 70, 84, 14015128
1.55, 32.23, 23.33, 751.88, 70, 84, 14026952
1.55, 29.95, 23.41, 701.14, 70, 84, 14038772
1.54, 30.60, 23.90, 731.23, 70, 84, 14050612
1.55, 30.92, 24.41, 754.86, 70, 84, 14062436
1.55, 33.20, 24.38, 809.59, 70, 84, 14074268
1.55, 31.58, 24.30, 767.35, 70, 84, 14086104
1.54, 34.51, 23.63, 815.28, 71, 84, 14097924
1.54, 32.55, 24.19, 787.57, 71, 84, 14109760
1.55, 32.88, 24.17, 794.56, 71, 84, 14121580
1.55, 31.25, 24.36, 761.12, 71, 84, 14133432
1.56, 29.95, 23.25, 696.29, 71, 84, 14145240
1.57, 32.23, 23.74, 764.91, 71, 84, 14157076
1.57, 32.23, 23.76, 765.78, 71, 84, 14168900
1.57, 33.53, 24.41, 818.43, 71, 84, 14180728
1.57, 31.90, 23.90, 762.35, 71, 84, 14192556
1.57, 35.16, 23.74, 834.45, 71, 84, 14204388
1.57, 32.88, 23.63, 776.82, 71, 84, 14216220
1.57, 30.60, 23.95, 732.88, 71, 84, 14228040
1.58, 32.88, 23.90, 785.69, 71, 84, 14239880
1.58, 34.18, 24.54, 838.93, 71, 84, 14251700
1.57, 33.20, 23.76, 788.99, 71, 84, 14263540
1.57, 32.88, 23.49, 772.39, 71, 84, 14275376
1.57, 33.85, 24.84, 840.98, 71, 84, 14287188
1.57, 34.18, 22.93, 783.62, 72, 84, 14299020
1.57, 33.85, 23.44, 793.50, 72, 84, 14310848
1.57, 32.23, 23.01, 741.45, 72, 84, 14322688
1.58, 32.23, 23.30, 751.01, 72, 84, 14334512
1.58, 31.25, 23.71, 740.89, 72, 84, 14346352
1.58, 32.55, 23.49, 764.74, 72, 84, 14358172
1.59, 33.85, 23.30, 788.94, 72, 84, 14370008
1.59, 34.18, 23.14, 790.99, 72, 84, 14381832
1.59, 32.23, 23.76, 765.78, 72, 84, 14393684
1.59, 33.53, 24.81, 831.99, 72, 85, 14405488
1.59, 32.88, 23.12, 759.97, 72, 84, 14417316
1.59, 35.81, 23.36, 836.38, 72, 84, 14429156
1.59, 33.53, 24.27, 813.91, 72, 84, 14440976
1.59, 34.18, 23.71, 810.35, 72, 84, 14452812
1.59, 33.85, 23.68, 801.72, 72, 84, 14464636
1.59, 34.18, 24.87, 849.99, 72, 84, 14476472
1.59, 36.13, 24.22, 875.17, 72, 84, 14488296
1.59, 32.88, 23.12, 759.97, 73, 84, 14500128
1.59, 35.48, 24.22, 859.40, 73, 84, 14511948
1.59, 34.18, 24.60, 840.77, 73, 84, 14523780
1.60, 37.11, 24.03, 891.82, 73, 84, 14535616
1.60, 33.53, 24.30, 814.81, 73, 84, 14547436
1.61, 34.18, 24.27, 829.71, 73, 84, 14559272
1.61, 36.46, 24.44, 890.92, 73, 84, 14571096
1.61, 36.78, 23.76, 874.08, 73, 84, 14582928
1.62, 34.51, 23.98, 827.38, 73, 84, 14594748
1.62, 35.16, 23.55, 827.81, 73, 84, 14606588
1.61, 35.48, 23.90, 847.92, 73, 84, 14618408
1.61, 36.13, 23.92, 864.45, 73, 84, 14630236
1.61, 33.53, 23.17, 776.83, 73, 84, 14642064
1.61, 32.88, 23.55, 774.16, 73, 84, 14653896
1.61, 33.85, 23.30, 788.94, 73, 84, 14665728
1.61, 34.18, 23.25, 794.68, 73, 84, 14677552
1.61, 34.18, 23.44, 801.13, 73, 84, 14689384
1.61, 33.20, 24.22, 804.21, 74, 84, 14701212
1.61, 35.81, 24.54, 878.88, 74, 84, 14713048
1.62, 36.78, 23.22, 854.23, 74, 84, 14724872
1.62, 36.13, 24.03, 868.35, 74, 84, 14736704
1.63, 35.48, 23.71, 841.22, 74, 84, 14748528
1.63, 36.78, 24.87, 914.75, 74, 84, 14760356
1.63, 36.13, 23.41, 845.94, 74, 84, 14772192
1.63, 34.51, 24.46, 844.13, 74, 84, 14784012
1.64, 34.83, 24.03, 837.06, 74, 84, 14795852
1.64, 36.78, 24.22, 890.94, 74, 84, 14807672
1.64, 38.41, 23.25, 893.07, 74, 84, 14819508
1.65, 34.18, 23.76, 812.19, 74, 84, 14831332
1.64, 37.76, 24.46, 923.76, 74, 84, 14843164
1.64, 34.83, 23.49, 818.27, 74, 84, 14854988
1.63, 36.13, 23.06, 833.27, 74, 84, 14866816
1.63, 35.81, 24.36, 872.12, 74, 84, 14878652
1.63, 34.83, 23.06, 803.24, 74, 84, 14890476
1.63, 35.48, 24.01, 851.75, 75, 84, 14902312
1.63, 35.48, 24.65, 874.72, 75, 84, 14914136
1.63, 36.78, 23.79, 875.07, 75, 84, 14925976
1.64, 35.48, 23.36, 828.78, 75, 84, 14937800
1.65, 35.16, 24.33, 855.31, 75, 84, 14949640
1.65, 38.41, 24.54, 942.80, 75, 84, 14961464
1.65, 37.11, 24.09, 893.82, 75, 84, 14973296
1.66, 36.78, 23.57, 867.13, 75, 84, 14985128
1.66, 38.74, 23.95, 927.80, 75, 84, 14996956
1.66, 39.06, 23.76, 928.22, 75, 84, 15008792
1.66, 36.13, 23.14, 836.19, 75, 84, 15020616
1.66, 36.78, 23.30, 857.21, 75, 84, 15032456
1.66, 37.11, 23.30, 864.80, 75, 84, 15044280
1.66, 35.48, 23.92, 848.88, 75, 84, 15056112
1.65, 39.06, 24.17, 944.03, 75, 84, 15067936
1.66, 39.06, 23.74, 927.17, 75, 84, 15079764
1.65, 36.13, 23.28, 841.06, 75, 84, 15091600
1.65, 36.46, 24.19, 882.07, 76, 84, 15103428
1.65, 37.11, 23.55, 873.80, 76, 84, 15115264
1.65, 35.81, 23.87, 854.73, 76, 84, 15127088
1.65, 39.71, 23.82, 945.83, 76, 84, 15138924
1.66, 37.43, 23.20, 868.34, 76, 84, 15150748
1.67, 37.76, 23.52, 888.12, 76, 84, 15162588
1.67, 39.39, 23.47, 924.27, 76, 84, 15174408
1.68, 38.74, 23.30, 902.73, 76, 84, 15186244
1.68, 38.09, 24.54, 934.81, 76, 84, 15198068
1.68, 37.43, 22.85, 855.22, 76, 84, 15209896
1.68, 37.76, 23.65, 893.21, 76, 84, 15221732
1.67, 37.43, 23.84, 892.58, 76, 84, 15233572
1.68, 36.46, 24.11, 879.12, 76, 84, 15245388
1.67, 38.41, 23.98, 921.04, 76, 84, 15257212
1.68, 39.71, 23.17, 920.13, 76, 84, 15269044
1.68, 37.76, 23.63, 892.19, 76, 84, 15280872
1.67, 39.39, 24.25, 955.08, 76, 84, 15292708
1.67, 37.76, 24.25, 915.61, 77, 84, 15304528
1.67, 36.78, 23.98, 882.01, 77, 84, 15316360
1.67, 40.04, 24.01, 961.15, 77, 84, 15328196
1.68, 39.06, 23.87, 932.44, 77, 84, 15340020
1.69, 39.71, 23.92, 950.12, 77, 84, 15351860
1.69, 36.78, 23.49, 864.15, 77, 84, 15363680
1.70, 37.11, 24.01, 890.82, 77, 84, 15375532
1.70, 39.06, 23.01, 898.72, 77, 84, 15387344
1.70, 37.43, 23.68, 886.52, 77, 84, 15399180
1.70, 41.02, 24.30, 996.76, 77, 84, 15411004
1.70, 38.09, 23.36, 889.61, 77, 84, 15422836
1.70, 40.04, 24.33, 974.11, 77, 84, 15434672
1.70, 37.76, 23.17, 874.87, 77, 84, 15446496
1.70, 41.34, 24.52, 1013.59, 77, 84, 15458332
1.70, 40.69, 22.95, 933.97, 77, 84, 15470156
1.70, 39.39, 23.84, 939.14, 77, 84, 15481992
1.70, 39.39, 23.41, 922.15, 77, 84, 15493828
1.70, 38.74, 23.41, 906.90, 78, 84, 15505648
1.70, 41.34, 23.60, 975.68, 78, 84, 15517472
1.70, 39.39, 23.71, 933.83, 78, 84, 15529300
1.70, 41.02, 23.28, 954.72, 78, 84, 15541128
1.71, 39.71, 23.71, 941.55, 78, 84, 15552956
1.72, 41.02, 23.76, 974.63, 78, 84, 15564788
1.72, 39.71, 23.60, 937.27, 78, 84, 15576616
1.72, 40.69, 23.36, 950.44, 78, 84, 15588448
1.73, 40.36, 24.30, 980.94, 78, 84, 15600272
1.73, 41.67, 23.01, 958.64, 78, 84, 15612108
1.73, 38.74, 23.71, 918.40, 78, 84, 15623928
1.72, 39.39, 23.52, 926.40, 78, 84, 15635780
1.73, 41.02, 23.98, 983.48, 78, 85, 15647588
1.72, 40.36, 23.20, 936.30, 78, 84, 15659416
1.72, 39.71, 23.65, 939.41, 78, 84, 15671252
1.72, 41.34, 23.30, 963.41, 78, 84, 15683076
1.72, 40.04, 23.44, 938.47, 78, 84, 15694912
1.72, 40.36, 23.09, 931.95, 79, 84, 15706736
1.72, 40.36, 23.63, 953.72, 79, 84, 15718572
1.72, 42.32, 23.12, 978.18, 79, 84, 15730400
1.73, 41.02, 23.98, 983.48, 79, 84, 15742236
1.73, 42.97, 23.49, 1009.45, 79, 84, 15754064
1.74, 40.69, 23.82, 969.09, 79, 84, 15765888
1.74, 41.34, 24.30, 1004.67, 79, 84, 15777724
1.75, 43.29, 23.87, 1033.45, 79, 84, 15789548
1.75, 41.34, 23.52, 972.33, 79, 84, 15801384
1.75, 42.32, 23.49, 994.16, 79, 84, 15813212
1.75, 39.71, 23.12, 917.98, 79, 84, 15825044
1.75, 43.29, 23.25, 1006.59, 79, 84, 15836872
1.75, 41.34, 23.65, 977.91, 79, 84, 15848704
1.75, 41.67, 23.33, 972.12, 79, 84, 15860524
1.75, 41.67, 24.27, 1011.46, 79, 84, 15872356
1.75, 41.99, 24.17, 1014.83, 79, 84, 15884188
1.75, 43.62, 23.68, 1032.99, 79, 84, 15896016
1.75, 40.36, 23.65, 954.81, 80, 84, 15907852
1.74, 43.29, 23.57, 1020.61, 80, 84, 15919676
1.74, 41.02, 23.79, 975.74, 80, 84, 15931512
1.75, 41.02, 23.41, 960.25, 80, 84, 15943336
1.76, 43.62, 24.03, 1048.28, 80, 84, 15955176
1.76, 41.67, 23.57, 982.24, 80, 84, 15967000
1.76, 43.95, 23.71, 1041.88, 80, 84, 15978828
1.77, 42.97, 23.76, 1021.04, 80, 84, 15990660
1.77, 42.32, 23.49, 994.16, 80, 84, 16002492
1.77, 42.64, 23.79, 1014.46, 80, 84, 16014324
1.77, 43.95, 23.49, 1032.40, 80, 84, 16026148
1.77, 43.29, 23.01, 996.08, 80, 84, 16037984
1.77, 42.32, 23.47, 993.02, 80, 84, 16049808
1.77, 41.67, 23.98, 999.09, 80, 84, 16061640
1.77, 42.97, 23.74, 1019.89, 80, 84, 16073464
1.77, 42.32, 23.82, 1007.86, 80, 84, 16085300
1.77, 42.97, 23.71, 1018.73, 80, 84, 16097124
1.77, 42.64, 23.01, 981.10, 81, 84, 16108952
1.77, 43.29, 23.87, 1033.45, 81, 84, 16120784
1.77, 43.29, 23.68, 1025.28, 81, 84, 16132612
1.77, 43.95, 23.09, 1014.62, 81, 84, 16144444
1.78, 44.27, 23.20, 1026.91, 81, 84, 16156268
1.78, 42.97, 23.44, 1007.14, 81, 84, 16168100
1.79, 42.97, 23.38, 1004.82, 81, 84, 16179924
1.79, 43.62, 23.98, 1045.93, 81, 84, 16191764
1.79, 41.67, 23.12, 963.13, 81, 84, 16203584
1.78, 45.90, 23.01, 1056.00, 81, 84, 16215412
1.79, 44.27, 23.71, 1049.60, 81, 84, 16227244
1.79, 42.64, 23.74, 1012.16, 81, 84, 16239068
1.78, 43.95, 23.36, 1026.47, 81, 84, 16250908
1.78, 44.60, 23.17, 1033.26, 81, 84, 16262732
1.79, 43.95, 23.92, 1051.36, 81, 84, 16274568
1.78, 44.60, 23.06, 1028.45, 81, 84, 16286392
1.78, 43.95, 23.87, 1048.99, 81, 84, 16298228
1.78, 42.97, 23.79, 1022.20, 82, 84, 16310048
1.78, 45.25, 23.33, 1055.66, 82, 84, 16321880
1.78, 44.27, 24.25, 1073.48, 82, 84, 16333708
1.78, 44.92, 23.79, 1068.67, 82, 84, 16345536
1.79, 46.22, 23.09, 1067.23, 82, 84, 16357372
1.79, 46.22, 23.28, 1075.95, 82, 84, 16369196
1.80, 43.62, 23.47, 1023.57, 82, 84, 16381028
1.80, 44.92, 23.49, 1055.34, 82, 84, 16392852
1.80, 46.88, 23.38, 1096.17, 82, 84, 16404688
1.80, 45.57, 23.90, 1089.07, 82, 84, 16416508
1.80, 45.25, 23.28, 1053.22, 82, 84, 16428348
1.80, 46.22, 24.25, 1120.84, 82, 84, 16440172
1.80, 45.90, 23.68, 1086.95, 82, 84, 16452000
1.80, 45.57, 23.44, 1068.18, 82, 84, 16463840
1.80, 45.57, 24.19, 1102.59, 82, 84, 16475680
1.80, 46.55, 23.68, 1102.36, 82, 84, 16487504
1.80, 44.60, 23.49, 1047.69, 82, 84, 16499328
1.80, 45.25, 22.93, 1037.36, 83, 84, 16511168
1.80, 45.57, 23.57, 1074.32, 83, 84, 16522992
1.79, 45.25, 23.49, 1062.99, 83, 84, 16534828
1.80, 45.25, 23.14, 1047.12, 83, 84, 16546656
1.81, 46.22, 23.22, 1073.46, 83, 84, 16558484
1.81, 46.22, 23.98, 1108.37, 83, 84, 16570324
1.81, 44.92, 23.87, 1072.30, 83, 84, 16582148
1.81, 46.22, 23.68, 1094.66, 83, 84, 16594000
1.82, 45.57, 23.17, 1055.88, 83, 84, 16605812
1.82, 46.22, 23.90, 1104.63, 83, 84, 16617648
1.82, 44.92, 23.74, 1066.24, 83, 84, 16629472
1.82, 45.90, 23.20, 1064.66, 83, 84, 16641308
1.82, 47.53, 23.30, 1107.55, 83, 84, 16653128
1.82, 45.57, 24.25, 1105.05, 83, 84, 16664960
1.82, 47.20, 23.82, 1124.15, 83, 84, 16676796
1.82, 45.57, 23.84, 1086.61, 83, 84, 16688620
1.82, 45.90, 23.55, 1080.76, 83, 84, 16700452
1.82, 47.53, 22.87, 1087.04, 84, 84, 16712276
1.82, 47.20, 23.52, 1110.14, 84, 84, 16724112
1.82, 45.57, 23.33, 1063.26, 84, 84, 16735952
1.82, 47.53, 23.41, 1112.67, 84, 84, 16747772
1.83, 46.88, 23.41, 1097.43, 84, 84, 16759592
1.83, 48.50, 23.44, 1136.84, 84, 84, 16771424
1.83, 47.53, 23.01, 1093.44, 84, 84, 16783256
1.83, 44.60, 23.41, 1044.08, 84, 84, 16795088
1.84, 45.90, 23.71, 1088.19, 84, 84, 16806924
1.84, 47.85, 23.84, 1140.94, 84, 84, 16818748
1.83, 46.55, 23.47, 1092.32, 84, 84, 16830588
1.83, 47.20, 22.95, 1083.41, 84, 84, 16842412
1.83, 46.88, 23.82, 1116.40, 84, 84, 16854252
1.83, 47.53, 23.92, 1137.03, 84, 84, 16866076
1.83, 48.50, 23.28, 1128.99, 84, 84, 16877904
1.83, 47.20, 23.57, 1112.69, 84, 84, 16889736
1.83, 47.85, 22.63, 1082.86, 84, 84, 16901568
1.83, 48.83, 23.17, 1131.30, 85, 84, 16913404
1.83, 48.18, 23.14, 1114.92, 85, 84, 16925228
1.83, 47.53, 23.68, 1125.49, 85, 84, 16937064
1.84, 47.85, 23.47, 1122.88, 85, 84, 16948892
1.85, 47.85, 23.84, 1140.94, 85, 84, 16960728
1.85, 46.22, 23.71, 1095.90, 85, 84, 16972552
1.85, 48.18, 23.22, 1118.82, 85, 84, 16984388
1.85, 46.88, 23.20, 1087.32, 85, 84, 16996212
1.85, 49.15, 23.68, 1164.04, 85, 84, 17008040
1.85, 48.83, 23.17, 1131.30, 85, 84, 17019876
1.85, 48.18, 22.93, 1104.52, 85, 84, 17031700
1.86, 48.18, 23.87, 1150.01, 85, 84, 17043536
1.85, 49.48, 24.06, 1190.43, 85, 84, 17055360
1.85, 47.85, 23.63, 1130.62, 85, 84, 17067192
1.85, 48.18, 23.57, 1135.71, 85, 84, 17079020
1.86, 49.15, 23.47, 1153.43, 85, 84, 17090856
1.85, 48.83, 23.82, 1162.91, 85, 84, 17102684
1.85, 47.20, 23.12, 1091.05, 86, 84, 17114516
1.85, 49.15, 23.28, 1144.15, 86, 84, 17126348
1.85, 48.18, 23.38, 1126.62, 86, 84, 17138176
1.86, 47.85, 23.44, 1121.58, 86, 84, 17150012
1.86, 49.80, 23.03, 1147.21, 86, 84, 17161836
1.86, 48.50, 23.17, 1123.76, 86, 84, 17173672
1.86, 47.85, 23.84, 1140.94, 86, 84, 17185492
1.87, 48.83, 23.63, 1153.69, 86, 84, 17197332
1.87, 49.48, 23.12, 1143.72, 86, 84, 17209152
1.87, 47.85, 22.79, 1090.61, 86, 84, 17220980
1.86, 47.85, 22.98, 1099.64, 86, 84, 17232812
1.86, 48.83, 22.98, 1122.08, 86, 84, 17244640
1.86, 48.83, 23.14, 1129.99, 86, 84, 17256472
1.86, 48.83, 23.92, 1168.18, 86, 84, 17268296
1.86, 48.18, 23.68, 1140.91, 86, 84, 17280132
1.86, 49.15, 23.28, 1144.15, 86, 84, 17291956
1.86, 49.15, 23.57, 1158.73, 86, 84, 17303788
1.86, 49.80, 24.11, 1200.95, 87, 84, 17315612
1.86, 48.18, 24.17, 1164.30, 87, 84, 17327440
1.86, 50.78, 22.52, 1143.68, 87, 84, 17339268
1.86, 50.46, 22.49, 1134.99, 87, 84, 17351096
1.86, 48.83, 23.68, 1156.33, 87, 84, 17362936
1.87, 50.78, 22.60, 1147.79, 87, 84, 17374760
1.87, 50.78, 23.52, 1194.36, 87, 84, 17386596
1.87, 50.13, 22.93, 1149.30, 87, 84, 17398420
1.87, 51.76, 22.31, 1154.51, 87, 84, 17410256
1.88, 49.48, 23.22, 1149.06, 87, 84, 17422084
1.88, 51.43, 23.14, 1190.25, 87, 84, 17433936
1.88, 50.13, 23.49, 1177.70, 87, 85, 17445740
1.88, 49.48, 23.55, 1165.07, 87, 84, 17457572
1.87, 50.78, 23.33, 1184.77, 87, 84, 17469412
1.87, 51.11, 23.76, 1214.42, 87, 84, 17481236
1.87, 51.11, 23.30, 1190.99, 87, 84, 17493072
1.87, 52.41, 23.57, 1235.47, 87, 84, 17504892
1.87, 50.46, 22.74, 1147.24, 88, 84, 17516732
1.87, 50.78, 22.90, 1162.86, 88, 84, 17528552
1.88, 49.15, 22.93, 1126.91, 88, 84, 17540384
1.88, 51.43, 23.25, 1195.80, 88, 84, 17552208
1.88, 49.80, 23.03, 1147.21, 88, 84, 17564040
1.88, 50.13, 23.71, 1188.51, 88, 84, 17575888
1.88, 52.08, 23.25, 1210.94, 88, 84, 17587696
1.89, 52.08, 22.90, 1192.68, 88, 84, 17599536
1.89, 50.46, 23.41, 1181.26, 88, 84, 17611356
1.89, 51.11, 23.28, 1189.61, 88, 84, 17623196
1.89, 50.78, 23.52, 1194.36, 88, 84, 17635024
1.89, 51.43, 24.11, 1240.19, 88, 84, 17646860
1.89, 52.41, 22.93, 1201.54, 88, 84, 17658680
1.89, 53.06, 23.63, 1253.68, 88, 84, 17670512
1.89, 49.15, 23.60, 1160.06, 88, 84, 17682344
1.88, 52.41, 22.98, 1204.37, 88, 84, 17694184
1.89, 50.46, 23.33, 1177.18, 88, 84, 17706008
1.89, 52.41, 23.57, 1235.47, 89, 84, 17717832
1.89, 50.46, 22.76, 1148.60, 89, 84, 17729668
1.89, 50.46, 23.17, 1169.01, 89, 84, 17741492
1.90, 50.78, 22.95, 1165.60, 89, 84, 17753332
1.91, 51.76, 23.03, 1192.20, 89, 84, 17765152
1.91, 51.76, 22.82, 1181.03, 89, 84, 17776984
1.91, 53.71, 23.63, 1269.06, 89, 84, 17788812
1.91, 50.46, 23.06, 1163.57, 89, 84, 17800644
1.91, 51.76, 23.60, 1221.52, 89, 84, 17812480
1.91, 51.43, 22.98, 1181.93, 89, 84, 17824304
1.91, 53.71, 23.22, 1247.33, 89, 84, 17836156
1.91, 52.08, 23.38, 1217.96, 89, 84, 17847964
1.92, 51.76, 23.41, 1211.75, 89, 84, 17859796
1.92, 52.08, 23.01, 1198.30, 89, 84, 17871616
1.91, 55.34, 23.52, 1301.55, 89, 84, 17883452
1.91, 52.08, 23.06, 1201.10, 89, 84, 17895272
1.91, 51.76, 23.49, 1215.93, 89, 84, 17907104
1.91, 52.41, 22.93, 1201.54, 90, 84, 17918940
1.91, 51.11, 22.71, 1160.66, 90, 84, 17930764
1.91, 53.71, 23.20, 1245.88, 90, 84, 17942604
1.92, 54.04, 22.98, 1241.77, 90, 84, 17954424
1.93, 53.06, 22.87, 1213.61, 90, 84, 17966260
1.93, 52.41, 23.65, 1239.71, 90, 84, 17978084
1.93, 55.34, 23.41, 1295.58, 90, 84, 17989924
1.93, 55.01, 23.55, 1295.38, 90, 84, 18001748
1.94, 53.39, 23.03, 1229.69, 90, 84, 18013576
1.94, 54.04, 23.28, 1257.81, 90, 84, 18025412
1.94, 55.01, 23.33, 1283.51, 90, 84, 18037240
1.95, 53.06, 22.87, 1213.61, 90, 84, 18049076
1.94, 53.06, 23.82, 1263.70, 90, 84, 18060896
1.94, 53.06, 23.25, 1233.64, 90, 84, 18072736
1.94, 53.06, 23.01, 1220.76, 90, 84, 18084560
1.94, 52.08, 23.84, 1241.84, 90, 84, 18096392
1.94, 55.66, 22.93, 1276.17, 90, 84, 18108212
1.94, 53.71, 23.22, 1247.33, 91, 84, 18120044
1.93, 55.01, 23.84, 1311.70, 91, 84, 18131876
1.94, 54.69, 22.87, 1250.83, 91, 84, 18143700
1.94, 54.36, 23.09, 1255.12, 91, 84, 18155540
1.95, 55.66, 24.14, 1343.74, 91, 84, 18167360
1.95, 55.34, 23.79, 1316.47, 91, 84, 18179196
1.95, 53.06, 23.38, 1240.80, 91, 84, 18191020
1.96, 55.34, 23.92, 1323.94, 91, 84, 18202856
1.96, 55.66, 23.63, 1315.21, 91, 84, 18214676
1.95, 52.73, 23.49, 1238.88, 91, 84, 18226512
1.95, 56.64, 23.14, 1310.78, 91, 84, 18238336
1.95, 54.36, 23.60, 1282.98, 91, 84, 18250164
1.95, 56.32, 23.90, 1345.78, 91, 84, 18262000
1.96, 55.34, 22.98, 1271.70, 91, 84, 18273820
1.95, 53.06, 23.57, 1250.82, 91, 84, 18285660
1.95, 55.01, 22.82, 1255.31, 91, 84, 18297480
1.95, 55.66, 23.68, 1318.21, 91, 84, 18309312
1.95, 55.66, 23.12, 1286.68, 92, 84, 18321140
1.96, 54.04, 23.38, 1263.64, 92, 84, 18332972
1.95, 55.01, 23.52, 1293.89, 92, 84, 18344792
1.96, 53.71, 23.55, 1264.72, 92, 84, 18356624
1.96, 56.32, 22.33, 1257.68, 92, 84, 18368456
1.97, 54.69, 23.44, 1281.81, 92, 84, 18380280
1.97, 55.01, 24.14, 1328.02, 92, 84, 18392116
1.96, 55.66, 23.33, 1298.69, 92, 84, 18403936
1.96, 55.99, 23.28, 1303.27, 92, 84, 18415772
1.96, 54.69, 23.30, 1274.44, 92, 84, 18427596
1.97, 55.99, 24.38, 1365.19, 92, 84, 18439432
1.97, 54.36, 22.71, 1234.59, 92, 84, 18451260
1.96, 56.32, 23.90, 1345.78, 92, 84, 18463088
1.97, 55.34, 23.38, 1294.09, 92, 84, 18474920
1.96, 56.32, 22.93, 1291.10, 92, 84, 18486748
1.97, 55.01, 23.03, 1267.18, 92, 84, 18498584
1.96, 54.69, 22.68, 1240.51, 92, 84, 18510404
1.96, 56.97, 22.63, 1289.12, 93, 84, 18522240
1.97, 56.32, 22.74, 1280.47, 93, 84, 18534064
1.97, 55.66, 23.92, 1331.72, 93, 84, 18545904
1.97, 55.34, 22.82, 1262.74, 93, 84, 18557728
1.97, 55.99, 23.17, 1297.23, 93, 84, 18569556
1.98, 57.29, 22.74, 1302.67, 93, 84, 18581392
1.98, 55.01, 23.06, 1268.67, 93, 84, 18593220
1.99, 57.62, 22.47, 1294.53, 93, 84, 18605056
1.98, 56.97, 23.20, 1321.39, 93, 84, 18616880
1.98, 56.97, 23.03, 1312.17, 93, 84, 18628716
1.98, 57.62, 22.68, 1306.97, 93, 84, 18640536
1.98, 55.99, 23.65, 1324.41, 93, 84, 18652372
1.99, 56.64, 22.41, 1269.54, 93, 84, 18664196
1.98, 56.97, 24.36, 1387.46, 93, 84, 18676032
1.98, 55.01, 22.87, 1258.28, 93, 84, 18687856
1.98, 55.99, 23.36, 1307.80, 93, 84, 18699684
1.98, 55.66, 23.74, 1321.22, 93, 84, 18711516
1.98, 56.32, 23.52, 1324.52, 94, 84, 18723340
1.98, 56.32, 22.93, 1291.10, 94, 84, 18735176
1.98, 55.34, 23.20, 1283.64, 94, 84, 18747000
1.99, 56.64, 23.49, 1330.65, 94, 84, 18758836
2.00, 58.27, 22.33, 1301.30, 94, 84, 18770656
2.00, 55.01, 23.17, 1274.60, 94, 84, 18782488
2.00, 58.59, 23.20, 1359.14, 94, 84, 18794328
2.00, 56.64, 22.66, 1283.29, 94, 84, 18806144
2.00, 57.62, 23.47, 1352.03, 94, 84, 18817984
2.00, 56.32, 22.66, 1275.91, 94, 84, 18829804
2.00, 58.27, 22.68, 1321.73, 94, 84, 18841640
2.00, 57.62, 22.85, 1316.29, 94, 84, 18853460
2.00, 57.29, 23.30, 1335.12, 94, 84, 18865296
1.99, 58.27, 23.12, 1346.88, 94, 84, 18877124
1.99, 58.27, 23.22, 1353.17, 94, 84, 18888960
1.99, 57.94, 23.09, 1337.79, 94, 84, 18900788
1.99, 56.64, 23.09, 1307.73, 94, 84, 18912616
1.99, 58.92, 22.47, 1323.79, 95, 84, 18924444
1.99, 56.64, 23.28, 1318.42, 95, 84, 18936288
1.99, 55.99, 22.98, 1286.66, 95, 84, 18948112
1.99, 56.97, 22.66, 1290.66, 95, 84, 18959936
2.00, 57.94, 23.79, 1378.43, 95, 84, 18971772
2.01, 57.62, 23.09, 1330.28, 95, 84, 18983596
2.00, 59.90, 23.25, 1392.58, 95, 84, 18995432
2.01, 57.29, 22.47, 1287.22, 95, 84, 19007256
2.00, 57.29, 23.09, 1322.76, 95, 84, 19019088
2.00, 57.29, 23.60, 1352.12, 95, 84, 19030916
2.00, 57.29, 23.17, 1327.40, 95, 84, 19042748
2.00, 57.62, 22.66, 1305.41, 95, 84, 19054596
2.00, 58.92, 22.74, 1339.68, 95, 84, 19066408
2.00, 57.62, 22.41, 1291.42, 95, 84, 19078240
2.00, 59.24, 23.60, 1398.22, 95, 84, 19090060
2.00, 58.27, 22.68, 1321.73, 95, 84, 19101900
2.00, 60.87, 23.57, 1434.99, 95, 84, 19113724
2.00, 58.59, 23.36, 1368.63, 96, 84, 19125560
1.99, 59.24, 23.68, 1403.01, 96, 84, 19137380
1.99, 59.24, 23.57, 1396.62, 96, 84, 19149208
2.00, 58.92, 23.60, 1390.53, 96, 84, 19161044
2.00, 57.94, 23.03, 1334.67, 96, 84, 19172868
2.01, 60.87, 23.28, 1416.93, 96, 84, 19184704
2.01, 58.27, 22.74, 1324.88, 96, 84, 19196544
STOP CURRENT LIMIT
Current limit exceeded limit: 50 Average over frame: 55
