START
-0.03, -0.65, 23.98, -15.61, 1, 19, 512
-0.03, -0.33, 23.95, -7.80, 1, 142, 7556
-0.03, -0.33, 23.95, -7.80, 1, 84, 19376
-0.03, -0.33, 23.95, -7.80, 1, 84, 31204
-0.03, -0.33, 23.95, -7.80, 1, 84, 43044
-0.03, -0.33, 23.95, -7.80, 1, 84, 54868
-0.03, -0.65, 23.98, -15.61, 1, 84, 66720
-0.03, -0.33, 23.95, -7.80, 1, 84, 78532
-0.03, -0.33, 23.95, -7.80, 1, 84, 90372
-0.03, -0.33, 23.95, -7.80, 1, 84, 102196
-0.03, -0.33, 23.95, -7.80, 1, 84, 114028
-0.03, -0.33, 23.95, -7.80, 1, 84, 125860
-0.03, -0.33, 23.95, -7.80, 1, 84, 137688
-0.03, -0.33, 23.95, -7.80, 1, 84, 149528
-0.03, -0.33, 23.95, -7.80, 1, 84, 161352
-0.03, -0.33, 23.95, -7.80, 1, 84, 173192
-0.03, -0.33, 23.95, -7.80, 1, 84, 185016
-0.03, -0.33, 23.95, -7.80, 1, 84, 196856
-0.03, -0.33, 23.95, -7.80, 1, 84, 208684
-0.03, -0.33, 23.95, -7.80, 2, 84, 220512
-0.03, -0.65, 23.95, -15.59, 2, 84, 232344
-0.03, -0.65, 23.95, -15.59, 2, 84, 244172
-0.03, -0.33, 23.95, -7.80, 2, 84, 256012
-0.03, -0.33, 23.95, -7.80, 2, 84, 267852
-0.03, -0.65, 23.95, -15.59, 2, 84, 279672
-0.03, -0.33, 23.95, -7.80, 2, 84, 291492
-0.03, -0.65, 23.95, -15.59, 2, 84, 303332
-0.03, -0.65, 23.95, -15.59, 2, 84, 315156
-0.03, -0.65, 23.95, -15.59, 2, 84, 326988
-0.03, -0.33, 23.95, -7.80, 2, 84, 338816
-0.03, -0.65, 23.95, -15.59, 2, 84, 350644
-0.03, -0.65, 23.95, -15.59, 2, 84, 362476
-0.03, -0.65, 23.95, -15.59, 2, 84, 374304
-0.03, -0.33, 23.95, -7.80, 2, 84, 386140
-0.03, -0.65, 23.95, -15.59, 2, 84, 397960
-0.03, -0.33, 23.95, -7.80, 2, 84, 409796
-0.03, -0.65, 23.95, -15.59, 3, 84, 421620
-0.03, -0.65, 23.95, -15.59, 3, 84, 433456
-0.03, -0.65, 23.95, -15.59, 3, 84, 445280
-0.03, -0.33, 23.95, -7.80, 3, 84, 457108
-0.03, -0.65, 23.95, -15.59, 3, 84, 468944
-0.03, -0.65, 23.95, -15.59, 3, 84, 480768
-0.03, -0.33, 23.95, -7.80, 3, 84, 492604
-0.03, -0.33, 23.95, -7.80, 3, 84, 504428
-0.03, -0.65, 23.95, -15.59, 3, 84, 516264
-0.03, -0.65, 23.95, -15.59, 3, 84, 528088
-0.03, -0.33, 23.95, -7.80, 3, 84, 539924
-0.03, -0.33, 23.95, -7.80, 3, 84, 551744
-0.03, -0.65, 23.95, -15.59, 3, 84, 563572
-0.03, -0.65, 23.95, -15.59, 3, 84, 575404
-0.03, -0.65, 23.95, -15.59, 3, 84, 587236
-0.03, -0.65, 23.95, -15.59, 3, 84, 599072
-0.03, -0.65, 23.95, -15.59, 3, 84, 610896
-0.03, -0.33, 23.95, -7.80, 4, 84, 622732
-0.03, -0.33, 23.95, -7.80, 4, 84, 634556
-0.03, -0.65, 23.95, -15.59, 4, 84, 646392
-0.03, -0.33, 23.95, -7.80, 4, 84, 658216
-0.03, -0.65, 23.95, -15.59, 4, 84, 670052
-0.03, -0.65, 23.95, -15.59, 4, 84, 681884
-0.03, -0.65, 23.95, -15.59, 4, 84, 693712
-0.03, -0.65, 23.95, -15.59, 4, 84, 705548
-0.03, -0.65, 23.95, -15.59, 4, 84, 717376
-0.03, -0.65, 23.95, -15.59, 4, 84, 729212
-0.03, -0.33, 23.95, -7.80, 4, 84, 741036
-0.03, -0.65, 23.95, -15.59, 4, 84, 752876
-0.03, -0.65, 23.95, -15.59, 4, 84, 764696
-0.03, -0.65, 23.95, -15.59, 4, 84, 776528
-0.03, -0.65, 23.95, -15.59, 4, 84, 788356
-0.03, -0.65, 23.95, -15.59, 4, 84, 800188
-0.03, -0.65, 23.95, -15.59, 4, 84, 812024
-0.03, -0.65, 23.95, -15.59, 5, 84, 823848
-0.03, -0.65, 23.95, -15.59, 5, 84, 835680
-0.03, -0.65, 23.95, -15.59, 5, 84, 847504
-0.03, -0.33, 23.92, -7.79, 5, 84, 859340
-0.03, -0.33, 23.95, -7.80, 5, 84, 871168
-0.03, -0.65, 23.95, -15.59, 5, 84, 883000
-0.03, -0.65, 23.95, -15.59, 5, 84, 894824
-0.03, -0.65, 23.98, -15.61, 5, 84, 906672
-0.03, -0.65, 23.95, -15.59, 5, 84, 918496
-0.03, -0.65, 23.95, -15.59, 5, 84, 930316
-0.03, -0.33, 23.95, -7.80, 5, 84, 942152
-0.03, -0.65, 23.95, -15.59, 5, 84, 953972
-0.03, -0.65, 23.95, -15.59, 5, 84, 965812
-0.03, -0.33, 23.95, -7.80, 5, 84, 977636
-0.03, -0.33, 23.95, -7.80, 5, 84, 989468
-0.03, -0.33, 23.95, -7.80, 5, 84, 1001292
-0.03, -0.33, 23.95, -7.80, 5, 84, 1013124
-0.03, -0.33, 23.95, -7.80, 6, 84, 1024960
-0.03, -0.33, 23.95, -7.80, 6, 84, 1036784
-0.03, -0.33, 23.95, -7.80, 6, 84, 1048624
-0.03, -0.33, 23.95, -7.80, 6, 84, 1060444
-0.03, -0.33, 23.95, -7.80, 6, 84, 1072280
-0.03, -0.33, 23.95, -7.80, 6, 84, 1084108
-0.03, -0.33, 23.95, -7.80, 6, 84, 1095944
-0.03, -0.33, 23.95, -7.80, 6, 84, 1107788
-0.03, -0.33, 23.95, -7.80, 6, 84, 1119600
-0.03, -0.33, 23.95, -7.80, 6, 84, 1131432
-0.03, -0.33, 23.95, -7.80, 6, 84, 1143256
-0.03, -0.33, 23.95, -7.80, 6, 84, 1155092
-0.03, -0.65, 23.98, -15.61, 6, 84, 1166932
-0.03, -0.33, 23.95, -7.80, 6, 84, 1178756
-0.03, -0.33, 23.95, -7.80, 6, 84, 1190576
-0.03, -0.33, 23.95, -7.80, 6, 84, 1202412
-0.03, -0.65, 23.95, -15.59, 6, 84, 1214240
-0.03, -0.33, 23.95, -7.80, 7, 84, 1226068
-0.03, -0.33, 23.95, -7.80, 7, 84, 1237900
-0.03, -0.65, 23.95, -15.59, 7, 84, 1249732
-0.03, -0.33, 23.95, -7.80, 7, 84, 1261572
-0.03, -0.33, 23.95, -7.80, 7, 84, 1273396
-0.03, -0.33, 23.95, -7.80, 7, 84, 1285232
-0.03, -0.33, 23.95, -7.80, 7, 84, 1297056
-0.03, -0.33, 23.95, -7.80, 7, 84, 1308892
-0.03, -0.33, 23.95, -7.80, 7, 84, 1320724
-0.03, -0.33, 23.95, -7.80, 7, 84, 1332560
-0.03, -0.33, 23.95, -7.80, 7, 84, 1344380
-0.03, -0.33, 23.95, -7.80, 7, 84, 1356212
-0.03, -0.33, 23.95, -7.80, 7, 84, 1368064
-0.03, -0.33, 23.95, -7.80, 7, 85, 1379872
-0.03, -0.33, 23.95, -7.80, 7, 84, 1391708
-0.03, -0.33, 23.95, -7.80, 7, 84, 1403532
-0.03, -0.33, 23.95, -7.80, 7, 84, 1415368
-0.03, -0.65, 23.95, -15.59, 8, 84, 1427188
-0.03, -0.33, 23.95, -7.80, 8, 84, 1439028
-0.03, -0.33, 23.95, -7.80, 8, 84, 1450852
-0.03, -0.33, 23.95, -7.80, 8, 84, 1462680
-0.03, -0.33, 23.95, -7.80, 8, 84, 1474516
-0.03, -0.33, 23.95, -7.80, 8, 84, 1486340
-0.03, -0.33, 23.95, -7.80, 8, 84, 1498176
-0.03, -0.33, 23.95, -7.80, 8, 84, 1510000
-0.03, -0.33, 23.95, -7.80, 8, 84, 1521840
-0.03, -0.33, 23.95, -7.80, 8, 84, 1533660
-0.03, -0.33, 23.95, -7.80, 8, 84, 1545500
-0.03, -0.33, 23.95, -7.80, 8, 84, 1557324
-0.03, -0.33, 23.95, -7.80, 8, 84, 1569156
-0.03, -0.33, 23.95, -7.80, 8, 84, 1580992
-0.02, -0.33, 23.95, -7.80, 8, 84, 1592820
-0.03, -0.33, 23.95, -7.80, 8, 84, 1604656
-0.02, -0.33, 23.95, -7.80, 8, 84, 1616484
-0.02, -0.33, 23.95, -7.80, 9, 84, 1628324
-0.02, -0.33, 23.95, -7.80, 9, 84, 1640144
-0.02, -0.33, 23.95, -7.80, 9, 84, 1651988
-0.02, -0.33, 23.95, -7.80, 9, 84, 1663812
-0.02, -0.33, 23.95, -7.80, 9, 84, 1675640
-0.02, -0.33, 23.95, -7.80, 9, 84, 1687484
-0.02, -0.33, 23.95, -7.80, 9, 84, 1699308
-0.02, -0.33, 23.95, -7.80, 9, 84, 1711144
-0.02, -0.33, 23.95, -7.80, 9, 84, 1722968
-0.02, -0.33, 23.95, -7.80, 9, 84, 1734808
-0.02, -0.33, 23.98, -7.81, 9, 84, 1746628
-0.02, -0.33, 23.92, -7.79, 9, 84, 1758468
-0.02, -0.33, 23.95, -7.80, 9, 84, 1770292
-0.02, -0.33, 23.95, -7.80, 9, 84, 1782120
-0.02, -0.33, 23.95, -7.80, 9, 84, 1793948
-0.02, -0.33, 23.95, -7.80, 9, 84, 1805780
-0.02, -0.33, 23.95, -7.80, 9, 84, 1817616
-0.02, -0.33, 23.95, -7.80, 10, 84, 1829436
-0.02, -0.33, 23.92, -7.79, 10, 84, 1841272
-0.02, -0.33, 23.95, -7.80, 10, 84, 1853096
-0.02, -0.33, 23.95, -7.80, 10, 84, 1864936
-0.02, -0.33, 23.92, -7.79, 10, 84, 1876760
-0.02, -0.33, 23.95, -7.80, 10, 84, 1888592
-0.02, -0.33, 23.95, -7.80, 10, 84, 1900424
-0.02, -0.33, 23.92, -7.79, 10, 84, 1912256
-0.02, -0.33, 23.92, -7.79, 10, 84, 1924092
-0.02, -0.33, 23.95, -7.80, 10, 84, 1935916
-0.02, -0.33, 23.95, -7.80, 10, 84, 1947756
-0.02, -0.33, 23.95, -7.80, 10, 84, 1959580
-0.02, -0.33, 23.95, -7.80, 10, 84, 1971420
-0.02, -0.33, 23.95, -7.80, 10, 84, 1983244
-0.02, -0.33, 23.92, -7.79, 10, 84, 1995084
-0.02, -0.33, 23.95, -7.80, 10, 84, 2006924
-0.02, -0.33, 23.95, -7.80, 10, 85, 2018740
-0.02, -0.33, 23.95, -7.80, 11, 84, 2030576
-0.02, -0.33, 23.95, -7.80, 11, 84, 2042400
-0.02, -0.33, 23.92, -7.79, 11, 84, 2054236
-0.02, -0.33, 23.95, -7.80, 11, 84, 2066060
-0.02, -0.33, 23.95, -7.80, 11, 84, 2077896
-0.01, -0.33, 23.95, -7.80, 11, 84, 2089720
-0.02, -0.33, 23.95, -7.80, 11, 84, 2101560
-0.01, -0.33, 23.95, -7.80, 11, 84, 2113384
-0.01, -0.33, 23.92, -7.79, 11, 84, 2125216
-0.01, -0.33, 23.95, -7.80, 11, 84, 2137056
-0.01, -0.33, 23.92, -7.79, 11, 84, 2148884
-0.01, -0.33, 23.95, -7.80, 11, 84, 2160724
-0.01, -0.33, 23.92, -7.79, 11, 84, 2172548
-0.01, -0.33, 23.92, -7.79, 11, 84, 2184380
-0.01, -0.33, 23.95, -7.80, 11, 84, 2196204
-0.01, -0.33, 23.95, -7.80, 11, 84, 2208056
-0.01, -0.33, 23.92, -7.79, 11, 85, 2219864
-0.01, -0.33, 23.95, -7.80, 12, 84, 2231696
-0.01, -0.33, 23.95, -7.80, 12, 84, 2243532
-0.01, -0.33, 23.92, -7.79, 12, 84, 2255356
-0.01, -0.33, 23.95, -7.80, 12, 84, 2267204
-0.01, -0.33, 23.95, -7.80, 12, 85, 2279016
-0.01, -0.33, 23.95, -7.80, 12, 84, 2290856
-0.01, -0.33, 23.95, -7.80, 12, 84, 2302680
-0.01, -0.33, 23.95, -7.80, 12, 84, 2314520
-0.01, -0.33, 23.95, -7.80, 12, 84, 2326344
-0.01, -0.33, 23.92, -7.79, 12, 84, 2338176
-0.01, -0.33, 23.95, -7.80, 12, 84, 2350016
-0.01, -0.33, 23.95, -7.80, 12, 84, 2361840
-0.01, -0.33, 23.92, -7.79, 12, 84, 2373676
-0.01, -0.33, 23.95, -7.80, 12, 84, 2385500
-0.01, -0.33, 23.95, -7.80, 12, 84, 2397336
-0.01, -0.33, 23.95, -7.80, 12, 84, 2409160
-0.01, -0.33, 23.95, -7.80, 12, 84, 2420996
-0.01, -0.33, 23.92, -7.79, 13, 84, 2432820
-0.01, -0.33, 23.92, -7.79, 13, 84, 2444648
-0.01, -0.00, 23.95, -0.00, 13, 84, 2456480
-0.01, -0.00, 23.95, -0.00, 13, 84, 2468324
-0.01, -0.33, 23.95, -7.80, 13, 84, 2480144
-0.01, -0.00, 23.95, -0.00, 13, 84, 2491968
-0.01, -0.00, 23.95, -0.00, 13, 84, 2503808
-0.01, -0.33, 23.95, -7.80, 13, 84, 2515632
-0.00, -0.33, 23.92, -7.79, 13, 84, 2527468
-0.01, -0.33, 23.92, -7.79, 13, 84, 2539296
-0.01, -0.00, 23.95, -0.00, 13, 84, 2551124
-0.00, -0.33, 23.95, -7.80, 13, 84, 2562960
-0.01, -0.00, 23.95, -0.00, 13, 84, 2574788
-0.00, -0.33, 23.95, -7.80, 13, 84, 2586628
-0.00, -0.33, 23.95, -7.80, 13, 84, 2598456
-0.00, -0.00, 23.92, -0.00, 13, 84, 2610292
-0.00, -0.00, 23.92, -0.00, 13, 84, 2622116
-0.00, -0.00, 23.95, -0.00, 14, 84, 2633956
-0.01, -0.00, 23.95, -0.00, 14, 84, 2645780
-0.00, -0.00, 23.95, -0.00, 14, 84, 2657616
-0.00, -0.00, 23.95, -0.00, 14, 84, 2669444
-0.00, -0.00, 23.95, -0.00, 14, 84, 2681276
-0.00, -0.00, 23.95, -0.00, 14, 84, 2693112
0.00, -0.00, 23.95, -0.00, 14, 84, 2704940
0.00, -0.00, 23.95, -0.00, 14, 84, 2716772
0.00, -0.00, 23.95, -0.00, 14, 84, 2728596
0.00, -0.00, 23.92, -0.00, 14, 84, 2740432
0.00, -0.00, 23.92, -0.00, 14, 84, 2752256
0.00, -0.00, 23.95, -0.00, 14, 84, 2764100
0.00, -0.00, 23.95, -0.00, 14, 84, 2775924
0.00, -0.00, 23.95, -0.00, 14, 84, 2787760
0.00, -0.00, 23.95, -0.00, 14, 84, 2799588
0.00, -0.00, 23.92, -0.00, 14, 84, 2811416
0.00, -0.00, 23.95, -0.00, 14, 84, 2823252
0.00, -0.00, 23.92, -0.00, 15, 84, 2835076
0.00, -0.33, 23.95, -7.80, 15, 84, 2846908
0.00, -0.00, 23.95, -0.00, 15, 84, 2858736
0.00, -0.00, 23.95, -0.00, 15, 84, 2870572
0.00, -0.00, 23.95, -0.00, 15, 84, 2882396
0.00, -0.00, 23.95, -0.00, 15, 84, 2894224
0.00, -0.00, 23.92, -0.00, 15, 84, 2906060
0.01, -0.00, 23.95, -0.00, 15, 84, 2917884
0.01, -0.00, 23.95, -0.00, 15, 84, 2929720
0.01, -0.00, 23.92, -0.00, 15, 84, 2941548
0.01, -0.00, 23.90, -0.00, 15, 84, 2953380
0.01, -0.00, 23.95, -0.00, 15, 84, 2965208
0.01, -0.00, 23.92, -0.00, 15, 84, 2977044
0.01, -0.00, 23.92, -0.00, 15, 84, 2988868
0.01, -0.00, 23.95, -0.00, 15, 84, 3000696
0.01, -0.00, 23.95, -0.00, 15, 84, 3012536
0.01, -0.00, 23.95, -0.00, 15, 84, 3024360
0.01, -0.00, 23.95, -0.00, 16, 84, 3036200
0.01, -0.00, 23.95, -0.00, 16, 84, 3048024
0.01, -0.00, 23.92, -0.00, 16, 84, 3059860
0.01, 0.33, 23.95, 7.80, 16, 84, 3071688
0.01, -0.00, 23.95, -0.00, 16, 84, 3083524
0.01, -0.00, 23.95, -0.00, 16, 84, 3095348
0.01, -0.00, 23.92, -0.00, 16, 84, 3107192
0.01, -0.00, 23.92, -0.00, 16, 85, 3119004
0.01, -0.00, 23.95, -0.00, 16, 84, 3130836
0.01, -0.00, 23.95, -0.00, 16, 84, 3142668
0.01, -0.00, 23.92, -0.00, 16, 84, 3154492
0.01, -0.00, 23.92, -0.00, 16, 84, 3166332
0.01, -0.00, 23.95, -0.00, 16, 84, 3178156
0.01, -0.00, 23.92, -0.00, 16, 84, 3189992
0.01, -0.00, 23.92, -0.00, 16, 84, 3201816
0.01, -0.00, 23.95, -0.00, 16, 84, 3213648
0.01, -0.00, 23.92, -0.00, 16, 84, 3225476
0.01, -0.00, 23.95, -0.00, 17, 84, 3237308
0.01, -0.00, 23.95, -0.00, 17, 84, 3249144
0.01, 0.33, 23.92, 7.79, 17, 84, 3260972
0.01, -0.00, 23.90, -0.00, 17, 84, 3272812
0.01, 0.33, 23.95, 7.80, 17, 84, 3284636
0.02, 0.33, 23.95, 7.80, 17, 84, 3296468
0.02, 0.33, 23.92, 7.79, 17, 84, 3308308
0.02, -0.00, 23.92, -0.00, 17, 84, 3320128
0.02, 0.33, 23.92, 7.79, 17, 84, 3331952
0.02, 0.33, 23.95, 7.80, 17, 84, 3343788
0.02, 0.33, 23.95, 7.80, 17, 84, 3355624
0.02, -0.00, 23.95, -0.00, 17, 84, 3367452
0.02, -0.00, 23.92, -0.00, 17, 84, 3379284
0.02, 0.33, 23.95, 7.80, 17, 84, 3391112
0.02, 0.33, 23.92, 7.79, 17, 84, 3402948
0.02, -0.00, 23.90, -0.00, 17, 84, 3414776
0.02, 0.33, 23.95, 7.80, 17, 84, 3426616
0.02, 0.33, 23.92, 7.79, 18, 84, 3438440
0.02, 0.33, 23.92, 7.79, 18, 84, 3450268
0.02, 0.33, 23.95, 7.80, 18, 84, 3462108
0.02, 0.33, 23.92, 7.79, 18, 84, 3473936
0.02, 0.33, 23.92, 7.79, 18, 84, 3485772
0.02, 0.33, 23.92, 7.79, 18, 84, 3497600
0.02, 0.33, 23.95, 7.80, 18, 84, 3509436
0.03, 0.33, 23.92, 7.79, 18, 84, 3521260
0.03, 0.33, 23.90, 7.78, 18, 84, 3533100
0.03, 0.33, 23.95, 7.80, 18, 84, 3544924
0.03, 0.33, 23.95, 7.80, 18, 84, 3556752
0.03, 0.33, 23.95, 7.80, 18, 84, 3568604
0.03, 0.33, 23.95, 7.80, 18, 84, 3580416
0.03, 0.33, 23.95, 7.80, 18, 84, 3592252
0.03, 0.33, 23.92, 7.79, 18, 84, 3604080
0.03, 0.33, 23.92, 7.79, 18, 84, 3615920
0.03, -0.00, 23.98, -0.00, 18, 84, 3627740
0.03, 0.33, 23.92, 7.79, 19, 84, 3639576
0.03, 0.33, 23.92, 7.79, 19, 84, 3651404
0.03, 0.33, 23.95, 7.80, 19, 84, 3663236
0.03, 0.33, 23.92, 7.79, 19, 84, 3675072
0.03, 0.33, 23.90, 7.78, 19, 84, 3686900
0.03, 0.33, 23.90, 7.78, 19, 84, 3698736
0.03, 0.33, 23.92, 7.79, 19, 84, 3710564
0.03, 0.33, 23.95, 7.80, 19, 84, 3722400
0.03, 0.33, 23.95, 7.80, 19, 84, 3734224
0.03, 0.33, 23.92, 7.79, 19, 84, 3746060
0.03, 0.33, 23.90, 7.78, 19, 84, 3757884
0.03, 0.33, 23.92, 7.79, 19, 84, 3769712
0.03, 0.33, 23.92, 7.79, 19, 84, 3781540
0.03, 0.33, 23.95, 7.80, 19, 84, 3793372
0.03, 0.33, 23.95, 7.80, 19, 84, 3805208
0.03, 0.33, 23.92, 7.79, 19, 84, 3817032
0.03, 0.33, 23.90, 7.78, 19, 84, 3828872
0.03, 0.33, 23.92, 7.79, 20, 84, 3840692
0.03, 0.65, 23.92, 15.58, 20, 84, 3852532
0.03, 0.33, 23.95, 7.80, 20, 84, 3864356
0.03, 0.33, 23.92, 7.79, 20, 84, 3876184
0.04, 0.65, 23.92, 15.58, 20, 84, 3888012
0.04, 0.65, 23.92, 15.58, 20, 84, 3899844
0.04, 0.33, 23.92, 7.79, 20, 84, 3911680
0.04, 0.33, 23.90, 7.78, 20, 84, 3923504
0.04, 0.65, 23.95, 15.59, 20, 84, 3935340
0.04, 0.33, 23.95, 7.80, 20, 84, 3947180
0.04, 0.65, 23.92, 15.58, 20, 84, 3959000
0.04, 0.65, 23.95, 15.59, 20, 84, 3970828
0.04, 0.33, 23.92, 7.79, 20, 84, 3982664
0.04, 0.33, 23.90, 7.78, 20, 84, 3994488
0.04, 0.65, 23.98, 15.61, 20, 84, 4006316
0.04, 0.65, 23.92, 15.58, 20, 84, 4018156
0.04, 0.65, 23.92, 15.58, 20, 84, 4029980
0.04, 0.65, 23.98, 15.61, 21, 84, 4041820
0.04, 0.65, 23.87, 15.54, 21, 84, 4053640
0.04, 0.65, 23.90, 15.56, 21, 84, 4065476
0.04, 0.65, 23.95, 15.59, 21, 84, 4077304
0.05, 0.65, 23.95, 15.59, 21, 84, 4089140
0.05, 0.65, 23.98, 15.61, 21, 84, 4100960
0.05, 0.65, 23.98, 15.61, 21, 84, 4112796
0.05, 0.65, 23.92, 15.58, 21, 84, 4124636
0.05, 0.65, 23.92, 15.58, 21, 84, 4136460
0.05, 0.65, 23.98, 15.61, 21, 84, 4148300
0.05, 0.65, 23.90, 15.56, 21, 84, 4160120
0.05, 0.65, 23.87, 15.54, 21, 84, 4171960
0.05, 0.65, 23.95, 15.59, 21, 84, 4183788
0.05, 0.65, 23.92, 15.58, 21, 84, 4195624
0.05, 0.65, 23.95, 15.59, 21, 84, 4207464
0.05, 0.65, 23.92, 15.58, 21, 84, 4219284
0.05, 0.65, 23.92, 15.58, 21, 84, 4231116
0.05, 0.65, 23.90, 15.56, 22, 84, 4242944
0.05, 0.65, 23.95, 15.59, 22, 84, 4254780
0.05, 0.65, 23.98, 15.61, 22, 84, 4266604
0.05, 0.65, 23.92, 15.58, 22, 84, 4278444
0.05, 0.98, 23.92, 23.36, 22, 84, 4290268
0.05, 0.98, 23.92, 23.36, 22, 84, 4302104
0.06, 0.65, 23.92, 15.58, 22, 84, 4313928
0.06, 0.65, 23.92, 15.58, 22, 84, 4325760
0.06, 0.98, 23.92, 23.36, 22, 84, 4337592
0.06, 0.65, 23.98, 15.61, 22, 84, 4349420
0.06, 0.65, 23.95, 15.59, 22, 84, 4361256
0.06, 0.65, 23.87, 15.54, 22, 84, 4373080
0.06, 0.65, 23.98, 15.61, 22, 84, 4384912
0.06, 0.98, 23.90, 23.34, 22, 84, 4396740
0.06, 0.98, 23.95, 23.39, 22, 84, 4408592
0.06, 0.65, 23.95, 15.59, 22, 84, 4420396
0.06, 0.65, 23.95, 15.59, 22, 84, 4432232
0.06, 0.65, 23.84, 15.52, 23, 84, 4444064
0.06, 0.98, 23.92, 23.36, 23, 84, 4455888
0.06, 0.98, 23.95, 23.39, 23, 84, 4467728
0.06, 0.98, 23.92, 23.36, 23, 84, 4479556
0.06, 0.98, 23.95, 23.39, 23, 84, 4491392
0.06, 0.98, 23.90, 23.34, 23, 84, 4503220
0.06, 0.98, 23.87, 23.31, 23, 84, 4515056
0.06, 0.98, 23.92, 23.36, 23, 84, 4526880
0.06, 0.98, 23.92, 23.36, 23, 84, 4538712
0.07, 0.98, 23.95, 23.39, 23, 84, 4550540
0.06, 0.98, 23.95, 23.39, 23, 84, 4562372
0.06, 0.98, 23.90, 23.34, 23, 84, 4574208
0.06, 0.98, 23.95, 23.39, 23, 84, 4586032
0.07, 0.98, 23.92, 23.36, 23, 84, 4597868
0.07, 0.98, 23.90, 23.34, 23, 84, 4609696
0.07, 0.98, 23.98, 23.42, 23, 84, 4621532
0.07, 0.98, 23.87, 23.31, 23, 84, 4633356
0.07, 0.98, 23.87, 23.31, 24, 84, 4645192
0.07, 0.98, 23.92, 23.36, 24, 84, 4657020
0.07, 0.98, 23.92, 23.36, 24, 84, 4668868
0.07, 0.98, 23.84, 23.28, 24, 84, 4680684
0.07, 1.30, 23.90, 31.12, 24, 84, 4692508
0.07, 1.30, 23.87, 31.08, 24, 84, 4704348
0.07, 0.98, 23.95, 23.39, 24, 84, 4716172
0.07, 0.98, 23.95, 23.39, 24, 84, 4728012
0.07, 1.30, 23.82, 31.01, 24, 84, 4739832
0.07, 0.98, 23.87, 23.31, 24, 84, 4751672
0.08, 1.30, 23.95, 31.19, 24, 84, 4763496
0.07, 0.98, 23.92, 23.36, 24, 84, 4775324
0.08, 0.98, 23.92, 23.36, 24, 84, 4787156
0.07, 1.30, 23.90, 31.12, 24, 84, 4798984
0.07, 1.30, 23.87, 31.08, 24, 84, 4810820
0.08, 1.30, 23.92, 31.15, 24, 84, 4822644
0.08, 1.30, 23.90, 31.12, 24, 84, 4834484
0.08, 1.30, 23.87, 31.08, 25, 84, 4846312
0.08, 0.98, 23.92, 23.36, 25, 84, 4858148
0.08, 1.30, 23.84, 31.05, 25, 84, 4869972
0.08, 0.98, 23.87, 23.31, 25, 84, 4881804
0.08, 0.98, 23.98, 23.42, 25, 84, 4893640
0.08, 1.30, 23.87, 31.08, 25, 84, 4905464
0.08, 1.30, 23.95, 31.19, 25, 84, 4917300
0.08, 1.30, 23.92, 31.15, 25, 84, 4929124
0.08, 1.30, 23.84, 31.05, 25, 84, 4940960
0.08, 1.30, 23.95, 31.19, 25, 84, 4952784
0.09, 1.30, 23.92, 31.15, 25, 84, 4964624
0.09, 1.30, 23.87, 31.08, 25, 84, 4976448
0.09, 1.30, 23.92, 31.15, 25, 84, 4988280
0.09, 1.63, 23.92, 38.94, 25, 84, 5000112
0.09, 1.30, 23.98, 31.22, 25, 84, 5011940
0.09, 1.30, 23.95, 31.19, 25, 84, 5023776
0.09, 1.30, 23.87, 31.08, 25, 84, 5035600
0.09, 1.30, 23.90, 31.12, 26, 84, 5047448
0.09, 1.63, 23.87, 38.85, 26, 84, 5059260
0.09, 1.30, 23.87, 31.08, 26, 84, 5071096
0.09, 1.30, 23.95, 31.19, 26, 84, 5082924
0.09, 1.63, 23.95, 38.98, 26, 84, 5094752
0.09, 1.30, 23.87, 31.08, 26, 84, 5106588
0.09, 1.30, 23.95, 31.19, 26, 84, 5118416
0.09, 1.63, 23.92, 38.94, 26, 84, 5130252
0.09, 1.30, 23.87, 31.08, 26, 84, 5142080
0.10, 1.30, 23.95, 31.19, 26, 84, 5153916
0.10, 1.63, 23.84, 38.81, 26, 84, 5165740
0.10, 1.63, 23.87, 38.85, 26, 84, 5177576
0.10, 1.63, 23.90, 38.90, 26, 84, 5189396
0.10, 1.63, 23.90, 38.90, 26, 84, 5201228
0.10, 1.63, 23.92, 38.94, 26, 84, 5213060
0.10, 1.63, 23.87, 38.85, 26, 84, 5224888
0.10, 1.63, 23.90, 38.90, 26, 84, 5236724
0.10, 1.63, 23.92, 38.94, 27, 84, 5248548
0.10, 1.63, 23.87, 38.85, 27, 84, 5260384
0.10, 1.63, 23.95, 38.98, 27, 84, 5272208
0.10, 1.63, 23.92, 38.94, 27, 84, 5284044
0.10, 1.63, 23.84, 38.81, 27, 84, 5295872
0.10, 1.63, 23.92, 38.94, 27, 84, 5307728
0.10, 1.63, 23.90, 38.90, 27, 85, 5319536
0.10, 1.63, 23.84, 38.81, 27, 84, 5331368
0.11, 1.63, 23.98, 39.03, 27, 84, 5343204
0.11, 1.63, 23.90, 38.90, 27, 84, 5355028
0.10, 1.63, 23.84, 38.81, 27, 84, 5366864
0.11, 1.63, 23.90, 38.90, 27, 84, 5378688
0.11, 1.95, 23.82, 46.52, 27, 84, 5390520
0.11, 1.63, 23.92, 38.94, 27, 84, 5402344
0.11, 1.95, 23.90, 46.67, 27, 84, 5414180
0.11, 1.63, 23.84, 38.81, 27, 84, 5426008
0.11, 1.63, 23.92, 38.94, 27, 84, 5437836
0.11, 1.63, 23.82, 38.76, 28, 84, 5449668
0.11, 1.63, 23.98, 39.03, 28, 84, 5461492
0.11, 1.95, 23.90, 46.67, 28, 84, 5473332
0.11, 1.95, 23.79, 46.46, 28, 84, 5485152
0.11, 1.63, 23.95, 38.98, 28, 84, 5496988
0.11, 1.63, 23.98, 39.03, 28, 84, 5508828
0.11, 1.95, 23.84, 46.57, 28, 84, 5520652
0.12, 1.95, 23.90, 46.67, 28, 84, 5532476
0.12, 1.95, 23.87, 46.62, 28, 84, 5544308
0.12, 1.95, 23.84, 46.57, 28, 84, 5556140
0.12, 1.95, 23.92, 46.73, 28, 84, 5567972
0.12, 1.95, 23.90, 46.67, 28, 84, 5579812
0.12, 1.95, 23.95, 46.78, 28, 84, 5591636
0.12, 1.95, 23.95, 46.78, 28, 84, 5603472
0.12, 1.95, 23.84, 46.57, 28, 84, 5615296
0.12, 1.95, 23.98, 46.83, 28, 84, 5627132
0.12, 1.95, 23.82, 46.52, 28, 84, 5638956
0.12, 1.95, 23.84, 46.57, 29, 84, 5650784
0.12, 2.28, 23.92, 54.52, 29, 84, 5662616
0.12, 1.95, 23.79, 46.46, 29, 84, 5674448
0.12, 1.95, 23.92, 46.73, 29, 84, 5686284
0.12, 1.95, 23.82, 46.52, 29, 84, 5698108
0.12, 1.95, 23.82, 46.52, 29, 84, 5709944
0.13, 2.28, 23.90, 54.45, 29, 84, 5721768
0.13, 1.95, 23.79, 46.46, 29, 84, 5733604
0.13, 2.28, 23.87, 54.39, 29, 84, 5745428
0.13, 1.95, 23.98, 46.83, 29, 84, 5757260
0.13, 2.28, 23.84, 54.33, 29, 84, 5769104
0.13, 2.28, 23.92, 54.52, 29, 84, 5780916
0.13, 2.28, 23.82, 54.27, 29, 84, 5792752
0.13, 2.28, 23.92, 54.52, 29, 84, 5804576
0.13, 2.28, 23.90, 54.45, 29, 84, 5816408
0.13, 1.95, 23.92, 46.73, 29, 84, 5828232
0.13, 2.28, 23.95, 54.58, 29, 84, 5840068
0.13, 1.95, 23.90, 46.67, 30, 84, 5851892
0.13, 2.28, 23.84, 54.33, 30, 84, 5863728
0.13, 2.60, 23.87, 62.16, 30, 84, 5875556
0.13, 2.28, 23.90, 54.45, 30, 84, 5887388
0.14, 1.95, 23.98, 46.83, 30, 84, 5899224
0.14, 2.28, 23.87, 54.39, 30, 84, 5911052
0.14, 2.28, 23.87, 54.39, 30, 84, 5922884
0.14, 2.60, 23.84, 62.09, 30, 84, 5934708
0.14, 2.28, 23.87, 54.39, 30, 84, 5946544
0.14, 2.28, 23.98, 54.64, 30, 84, 5958368
0.14, 2.60, 23.92, 62.30, 30, 84, 5970204
0.14, 2.28, 23.92, 54.52, 30, 84, 5982024
0.14, 2.28, 23.92, 54.52, 30, 84, 5993856
0.14, 2.60, 23.84, 62.09, 30, 84, 6005688
0.14, 2.28, 23.95, 54.58, 30, 84, 6017516
0.14, 2.60, 23.90, 62.23, 30, 84, 6029352
0.14, 2.60, 23.79, 61.95, 30, 84, 6041172
0.14, 2.28, 23.95, 54.58, 31, 84, 6053008
0.14, 2.60, 23.84, 62.09, 31, 84, 6064832
0.14, 2.60, 23.82, 62.02, 31, 84, 6076672
0.14, 2.60, 23.82, 62.02, 31, 84, 6088492
0.15, 2.60, 23.84, 62.09, 31, 84, 6100324
0.15, 2.93, 23.90, 70.01, 31, 84, 6112152
0.15, 2.60, 23.82, 62.02, 31, 84, 6123984
0.15, 2.60, 23.92, 62.30, 31, 84, 6135816
0.15, 2.28, 23.98, 54.64, 31, 84, 6147656
0.15, 2.60, 23.82, 62.02, 31, 84, 6159480
0.15, 2.60, 23.95, 62.37, 31, 84, 6171304
0.15, 2.93, 23.90, 70.01, 31, 84, 6183140
0.15, 2.60, 23.82, 62.02, 31, 84, 6194968
0.15, 2.60, 23.92, 62.30, 31, 84, 6206800
0.15, 2.60, 23.84, 62.09, 31, 84, 6218628
0.15, 2.60, 23.87, 62.16, 31, 84, 6230464
0.15, 2.93, 23.92, 70.09, 31, 84, 6242296
0.15, 2.60, 23.76, 61.88, 32, 84, 6254120
0.15, 2.60, 23.98, 62.44, 32, 84, 6265956
0.15, 2.93, 23.82, 69.77, 32, 84, 6277780
0.15, 2.93, 23.74, 69.54, 32, 84, 6289616
0.15, 2.93, 23.90, 70.01, 32, 84, 6301440
0.16, 2.93, 23.95, 70.17, 32, 84, 6313276
0.16, 2.93, 23.95, 70.17, 32, 84, 6325100
0.16, 3.26, 23.87, 77.70, 32, 84, 6336924
0.16, 2.93, 23.82, 69.77, 32, 84, 6348764
0.16, 3.26, 23.90, 77.79, 32, 84, 6360588
0.16, 2.93, 23.87, 69.93, 32, 84, 6372420
0.16, 2.93, 23.87, 69.93, 32, 84, 6384248
0.16, 3.26, 23.87, 77.70, 32, 84, 6396080
0.16, 2.93, 23.87, 69.93, 32, 84, 6407924
0.16, 2.93, 24.01, 70.33, 32, 84, 6419744
0.16, 2.93, 23.79, 69.70, 32, 84, 6431568
0.16, 2.93, 23.90, 70.01, 32, 84, 6443396
0.16, 3.26, 23.84, 77.62, 33, 84, 6455232
0.16, 2.93, 23.82, 69.77, 33, 84, 6467056
0.16, 2.93, 23.95, 70.17, 33, 84, 6478888
0.16, 3.26, 23.68, 77.09, 33, 84, 6490716
0.17, 2.93, 23.95, 70.17, 33, 84, 6502548
0.17, 3.26, 23.79, 77.44, 33, 84, 6514376
0.17, 3.26, 23.76, 77.35, 33, 84, 6526208
0.17, 3.58, 23.87, 85.47, 33, 84, 6538032
0.17, 3.58, 23.79, 85.18, 33, 84, 6549860
0.17, 3.26, 23.90, 77.79, 33, 84, 6561692
0.17, 3.26, 23.76, 77.35, 33, 84, 6573520
0.17, 2.93, 23.98, 70.25, 33, 84, 6585356
0.17, 3.26, 23.90, 77.79, 33, 84, 6597184
0.17, 3.26, 23.92, 77.88, 33, 84, 6609040
0.17, 3.26, 23.95, 77.97, 33, 84, 6620848
0.17, 3.58, 23.90, 85.57, 33, 84, 6632680
0.17, 3.26, 23.98, 78.05, 33, 84, 6644508
0.17, 3.26, 23.98, 78.05, 34, 84, 6656340
0.17, 3.26, 24.01, 78.14, 34, 84, 6668172
0.17, 3.26, 24.01, 78.14, 34, 84, 6680004
0.18, 3.58, 23.90, 85.57, 34, 84, 6691840
0.18, 3.26, 23.71, 77.18, 34, 84, 6703664
0.18, 3.26, 23.95, 77.97, 34, 84, 6715496
0.18, 3.26, 23.74, 77.26, 34, 84, 6727320
0.18, 3.58, 23.76, 85.09, 34, 84, 6739160
0.18, 3.91, 23.87, 93.24, 34, 84, 6750988
0.18, 3.58, 23.92, 85.67, 34, 84, 6762824
0.18, 3.26, 24.01, 78.14, 34, 84, 6774648
0.18, 3.91, 23.90, 93.35, 34, 84, 6786480
0.18, 3.58, 23.79, 85.18, 34, 84, 6798316
0.18, 3.26, 23.90, 77.79, 34, 84, 6810144
0.18, 3.58, 23.87, 85.47, 34, 84, 6821980
0.18, 3.26, 23.84, 77.62, 34, 84, 6833804
0.18, 3.91, 23.87, 93.24, 34, 84, 6845644
0.18, 3.91, 23.79, 92.93, 35, 84, 6857472
0.18, 3.58, 23.82, 85.28, 35, 84, 6869320
0.19, 3.91, 23.84, 93.14, 35, 85, 6881132
0.19, 3.91, 23.82, 93.03, 35, 84, 6892964
0.19, 3.58, 23.98, 85.86, 35, 84, 6904804
0.19, 3.91, 23.76, 92.82, 35, 84, 6916624
0.19, 3.91, 23.74, 92.72, 35, 84, 6928464
0.19, 3.91, 23.90, 93.35, 35, 84, 6940288
0.19, 4.23, 23.92, 101.24, 35, 84, 6952128
0.20, 3.58, 23.92, 85.67, 35, 84, 6963952
0.19, 4.23, 23.87, 101.01, 35, 84, 6975788
0.20, 3.58, 23.82, 85.28, 35, 84, 6987612
0.20, 3.58, 23.84, 85.38, 35, 84, 6999440
0.20, 4.23, 23.87, 101.01, 35, 84, 7011276
0.20, 3.91, 23.82, 93.03, 35, 84, 7023104
0.20, 3.91, 23.90, 93.35, 35, 84, 7034940
0.20, 3.91, 23.76, 92.82, 35, 84, 7046760
0.20, 3.58, 23.95, 85.76, 36, 84, 7058600
0.20, 3.91, 23.82, 93.03, 36, 84, 7070424
0.20, 3.91, 23.68, 92.51, 36, 84, 7082264
0.20, 4.23, 23.84, 100.90, 36, 84, 7094088
0.20, 4.56, 23.82, 108.54, 36, 84, 7105920
0.20, 3.91, 23.95, 93.56, 36, 84, 7117752
0.21, 4.23, 23.82, 100.79, 36, 84, 7129580
0.21, 3.91, 23.90, 93.35, 36, 84, 7141412
0.21, 4.56, 23.84, 108.66, 36, 84, 7153240
0.21, 4.23, 23.79, 100.67, 36, 84, 7165072
0.21, 4.23, 23.98, 101.47, 36, 84, 7176892
0.21, 4.56, 23.87, 108.78, 36, 84, 7188732
0.21, 3.91, 23.95, 93.56, 36, 85, 7200552
0.21, 4.23, 23.92, 101.24, 36, 84, 7212384
0.21, 4.23, 23.79, 100.67, 36, 84, 7224212
0.21, 4.56, 23.90, 108.91, 36, 84, 7236044
0.21, 4.23, 23.87, 101.01, 36, 84, 7247896
0.21, 4.23, 23.92, 101.24, 37, 85, 7259700
0.21, 4.23, 23.76, 100.56, 37, 84, 7271536
0.21, 4.23, 23.95, 101.36, 37, 84, 7283364
0.21, 4.88, 23.92, 116.82, 37, 84, 7295200
0.22, 4.23, 24.01, 101.58, 37, 84, 7307024
0.22, 4.56, 23.90, 108.91, 37, 84, 7318860
0.22, 4.56, 23.84, 108.66, 37, 84, 7330680
0.22, 4.23, 23.98, 101.47, 37, 84, 7342516
0.23, 4.88, 23.74, 115.90, 37, 84, 7354352
0.22, 4.23, 24.01, 101.58, 37, 84, 7366180
0.23, 4.56, 23.92, 109.03, 37, 84, 7378016
0.23, 4.56, 23.87, 108.78, 37, 84, 7389844
0.23, 4.23, 23.98, 101.47, 37, 84, 7401684
0.23, 4.88, 23.76, 116.03, 37, 84, 7413504
0.22, 4.88, 23.76, 116.03, 37, 84, 7425344
0.23, 4.88, 23.87, 116.55, 37, 84, 7437168
0.23, 4.56, 23.65, 107.80, 37, 84, 7448996
0.23, 4.56, 23.90, 108.91, 38, 84, 7460840
0.22, 4.88, 23.60, 115.24, 38, 84, 7472660
0.23, 4.88, 23.92, 116.82, 38, 84, 7484500
0.23, 4.88, 23.76, 116.03, 38, 84, 7496324
0.23, 4.56, 23.74, 108.17, 38, 84, 7508164
0.23, 5.21, 23.92, 124.61, 38, 85, 7519984
0.24, 4.88, 23.68, 115.63, 38, 84, 7531820
0.24, 5.21, 23.82, 124.04, 38, 84, 7543644
0.24, 5.21, 23.84, 124.18, 38, 84, 7555480
0.24, 5.21, 23.79, 123.90, 38, 84, 7567316
0.24, 5.21, 23.82, 124.04, 38, 84, 7579140
0.24, 5.21, 23.71, 123.48, 38, 84, 7590976
0.24, 4.88, 23.87, 116.55, 38, 84, 7602804
0.24, 5.21, 23.76, 123.76, 38, 84, 7614640
0.24, 4.88, 23.90, 116.69, 38, 84, 7626468
0.24, 4.88, 23.95, 116.95, 38, 84, 7638304
0.24, 4.88, 23.63, 115.37, 38, 84, 7650132
0.24, 5.21, 23.84, 124.18, 39, 84, 7661960
0.24, 5.53, 23.82, 131.80, 39, 84, 7673800
0.24, 4.88, 23.92, 116.82, 39, 84, 7685624
0.24, 5.21, 23.92, 124.61, 39, 84, 7697464
0.24, 5.53, 23.76, 131.50, 39, 84, 7709304
0.25, 5.21, 23.92, 124.61, 39, 84, 7721124
0.25, 5.21, 23.74, 123.62, 39, 84, 7732948
0.25, 5.21, 23.92, 124.61, 39, 84, 7744784
0.25, 5.53, 23.84, 131.95, 39, 84, 7756608
0.25, 5.21, 23.82, 124.04, 39, 84, 7768436
0.25, 5.53, 23.90, 132.24, 39, 84, 7780272
0.25, 5.53, 23.68, 131.05, 39, 84, 7792100
0.25, 5.21, 23.98, 124.89, 39, 84, 7803940
0.25, 5.53, 23.71, 131.20, 39, 84, 7815764
0.25, 4.88, 23.98, 117.08, 39, 84, 7827600
0.25, 5.53, 23.71, 131.20, 39, 84, 7839428
0.25, 5.21, 23.87, 124.32, 39, 84, 7851268
0.25, 5.86, 23.82, 139.55, 40, 84, 7863092
0.25, 5.86, 23.68, 138.76, 40, 84, 7874924
0.25, 5.86, 23.84, 139.71, 40, 84, 7886756
0.25, 5.53, 23.57, 130.45, 40, 84, 7898584
0.26, 5.53, 23.87, 132.10, 40, 84, 7910424
0.26, 6.18, 23.74, 146.80, 40, 84, 7922252
0.26, 5.86, 23.71, 138.92, 40, 84, 7934092
0.26, 5.86, 23.79, 139.39, 40, 84, 7945912
0.26, 6.18, 23.71, 146.63, 40, 84, 7957752
0.27, 5.86, 23.65, 138.60, 40, 84, 7969596
0.27, 6.18, 23.87, 147.64, 40, 84, 7981408
0.26, 5.86, 23.84, 139.71, 40, 84, 7993240
0.26, 6.51, 23.84, 155.23, 40, 84, 8005068
0.27, 6.18, 23.63, 146.13, 40, 84, 8016904
0.27, 6.18, 23.84, 147.47, 40, 84, 8028728
0.27, 5.86, 23.68, 138.76, 40, 84, 8040564
0.27, 6.18, 23.76, 146.97, 40, 84, 8052388
0.26, 5.86, 23.68, 138.76, 41, 84, 8064224
0.27, 6.18, 23.87, 147.64, 41, 84, 8076052
0.27, 5.53, 23.82, 131.80, 41, 84, 8087904
0.27, 5.86, 23.95, 140.34, 41, 85, 8099712
0.27, 6.18, 23.65, 146.30, 41, 84, 8111540
0.28, 5.86, 23.82, 139.55, 41, 84, 8123376
0.28, 6.51, 23.74, 154.53, 41, 84, 8135200
0.28, 6.51, 23.63, 153.83, 41, 84, 8147040
0.28, 6.51, 23.79, 154.88, 41, 84, 8158864
0.28, 6.51, 23.68, 154.18, 41, 84, 8170700
0.28, 6.51, 23.84, 155.23, 41, 84, 8182524
0.28, 6.51, 23.76, 154.70, 41, 84, 8194364
0.28, 6.18, 23.98, 148.30, 41, 84, 8206188
0.28, 6.84, 23.71, 162.07, 41, 84, 8218020
0.28, 5.86, 23.92, 140.18, 41, 84, 8229860
0.28, 6.84, 23.84, 162.99, 41, 84, 8241684
0.28, 6.51, 23.71, 154.35, 41, 84, 8253520
0.28, 6.84, 24.03, 164.28, 42, 84, 8265352
0.28, 6.51, 23.82, 155.05, 42, 84, 8277188
0.28, 6.84, 23.84, 162.99, 42, 84, 8289012
0.28, 6.51, 23.92, 155.76, 42, 84, 8300852
0.29, 6.51, 23.90, 155.58, 42, 84, 8312672
0.29, 6.84, 23.65, 161.70, 42, 84, 8324504
0.29, 6.51, 23.74, 154.53, 42, 84, 8336344
0.29, 6.18, 24.06, 148.80, 42, 84, 8348188
0.30, 6.84, 23.47, 160.41, 42, 84, 8360008
0.30, 7.16, 23.82, 170.56, 42, 84, 8371832
0.30, 7.16, 23.74, 169.98, 42, 84, 8383672
0.30, 6.84, 23.82, 162.81, 42, 84, 8395500
0.30, 6.51, 23.92, 155.76, 42, 84, 8407336
0.30, 6.51, 23.90, 155.58, 42, 84, 8419164
0.30, 7.16, 23.82, 170.56, 42, 84, 8430996
0.30, 6.84, 23.74, 162.25, 42, 84, 8442836
0.30, 7.16, 23.65, 169.40, 42, 84, 8454660
0.30, 6.84, 23.60, 161.33, 43, 84, 8466500
0.30, 7.16, 23.76, 170.17, 43, 84, 8478324
0.30, 7.49, 23.63, 176.90, 43, 84, 8490160
0.30, 7.16, 23.82, 170.56, 43, 84, 8501988
0.30, 7.16, 23.76, 170.17, 43, 84, 8513828
0.31, 6.84, 23.95, 163.73, 43, 84, 8525652
0.31, 7.81, 23.92, 186.91, 43, 84, 8537484
0.31, 7.16, 23.74, 169.98, 43, 84, 8549324
0.31, 7.81, 23.76, 185.64, 43, 84, 8561148
0.31, 7.49, 23.57, 176.50, 43, 84, 8572988
0.31, 7.81, 23.76, 185.64, 43, 84, 8584812
0.31, 7.49, 23.76, 177.91, 43, 84, 8596652
0.31, 7.16, 23.92, 171.33, 43, 84, 8608476
0.31, 7.81, 23.76, 185.64, 43, 84, 8620316
0.31, 6.84, 24.03, 164.28, 43, 84, 8632140
0.31, 7.81, 23.87, 186.49, 43, 84, 8643972
0.31, 7.16, 23.65, 169.40, 43, 84, 8655812
0.31, 7.81, 23.68, 185.01, 44, 84, 8667632
0.31, 7.49, 23.49, 175.89, 44, 84, 8679472
0.31, 7.81, 23.87, 186.49, 44, 84, 8691300
0.31, 7.49, 23.60, 176.70, 44, 84, 8703132
0.32, 7.49, 23.87, 178.72, 44, 84, 8714964
0.32, 8.14, 23.68, 192.72, 44, 84, 8726800
0.32, 7.81, 23.87, 186.49, 44, 84, 8738628
0.32, 8.14, 23.74, 193.16, 44, 84, 8750456
0.32, 7.49, 23.82, 178.31, 44, 84, 8762292
0.33, 8.14, 23.57, 191.84, 44, 84, 8774120
0.33, 7.81, 23.87, 186.49, 44, 84, 8785956
0.33, 8.14, 23.60, 192.06, 44, 84, 8797784
0.32, 8.46, 23.68, 200.43, 44, 84, 8809640
0.33, 8.14, 23.57, 191.84, 44, 84, 8821444
0.33, 7.49, 23.82, 178.31, 44, 84, 8833280
0.33, 8.14, 23.63, 192.28, 44, 84, 8845108
0.33, 7.81, 23.65, 184.80, 44, 84, 8856936
0.32, 8.14, 23.82, 193.82, 45, 84, 8868764
0.32, 7.81, 23.92, 186.91, 45, 84, 8880596
0.33, 8.14, 23.74, 193.16, 45, 84, 8892432
0.33, 7.81, 23.98, 187.33, 45, 84, 8904256
0.33, 8.46, 23.60, 199.75, 45, 84, 8916092
0.34, 8.14, 23.84, 194.04, 45, 84, 8927912
0.34, 8.46, 23.52, 199.06, 45, 84, 8939748
0.34, 8.46, 23.84, 201.80, 45, 84, 8951572
0.34, 8.46, 23.76, 201.11, 45, 84, 8963408
0.34, 8.46, 23.92, 202.48, 45, 84, 8975232
0.34, 8.46, 23.49, 198.83, 45, 84, 8987064
0.34, 8.79, 23.84, 209.56, 45, 84, 8998896
0.34, 8.46, 23.82, 201.57, 45, 84, 9010720
0.34, 8.14, 23.92, 194.70, 45, 84, 9022560
0.34, 8.14, 23.79, 193.60, 45, 84, 9034380
0.34, 8.79, 23.87, 209.80, 45, 84, 9046220
0.34, 7.81, 23.87, 186.49, 45, 84, 9058044
0.34, 8.46, 23.87, 202.03, 46, 84, 9069884
0.34, 7.81, 23.79, 185.86, 46, 84, 9081708
0.34, 9.11, 23.76, 216.59, 46, 84, 9093540
0.34, 8.79, 23.49, 206.48, 46, 84, 9105376
0.35, 9.11, 23.79, 216.83, 46, 84, 9117204
0.35, 8.79, 23.47, 206.24, 46, 84, 9129040
0.35, 8.79, 23.79, 209.09, 46, 84, 9140864
0.35, 9.11, 23.68, 215.85, 46, 84, 9152704
0.35, 9.44, 23.76, 224.32, 46, 84, 9164524
0.35, 8.46, 23.60, 199.75, 46, 84, 9176360
0.35, 8.14, 23.98, 195.14, 46, 84, 9188200
0.35, 9.11, 23.57, 214.86, 46, 84, 9200012
0.35, 9.77, 23.74, 231.79, 46, 84, 9211848
0.35, 8.79, 23.84, 209.56, 46, 84, 9223676
0.35, 9.44, 23.82, 224.83, 46, 84, 9235512
0.35, 8.46, 23.95, 202.71, 46, 84, 9247336
0.35, 9.11, 23.87, 217.57, 46, 84, 9259172
0.35, 8.46, 23.90, 202.26, 47, 84, 9271000
0.35, 9.44, 23.79, 224.57, 47, 84, 9282836
0.35, 9.44, 23.90, 225.59, 47, 84, 9294660
0.36, 9.11, 23.84, 217.32, 47, 84, 9306496
0.36, 8.79, 23.79, 209.09, 47, 84, 9318320
0.36, 9.77, 23.49, 229.42, 47, 84, 9330152
0.37, 9.11, 23.92, 218.06, 47, 84, 9341988
0.37, 9.11, 23.52, 214.37, 47, 84, 9353808
0.37, 9.44, 23.87, 225.34, 47, 84, 9365644
0.37, 9.11, 23.65, 215.60, 47, 84, 9377468
0.37, 9.11, 23.84, 217.32, 47, 84, 9389304
0.37, 9.11, 23.63, 215.36, 47, 84, 9401124
0.37, 9.77, 23.90, 233.37, 47, 84, 9412956
0.37, 8.79, 23.82, 209.32, 47, 84, 9424788
0.37, 9.77, 23.63, 230.74, 47, 84, 9436616
0.37, 9.77, 23.84, 232.85, 47, 84, 9448472
0.37, 9.77, 23.36, 228.10, 47, 85, 9460276
0.37, 8.79, 23.82, 209.32, 48, 84, 9472112
0.37, 9.77, 23.55, 229.95, 48, 84, 9483936
0.37, 9.44, 23.95, 226.10, 48, 84, 9495772
0.37, 9.44, 23.68, 223.56, 48, 84, 9507596
0.38, 9.44, 23.90, 225.59, 48, 84, 9519428
0.38, 9.77, 23.68, 231.27, 48, 84, 9531252
0.38, 10.09, 23.60, 238.16, 48, 84, 9543084
0.38, 9.77, 23.60, 230.48, 48, 84, 9554924
0.38, 10.42, 23.55, 245.28, 48, 84, 9566744
0.38, 10.09, 23.63, 238.43, 48, 84, 9578580
0.38, 10.09, 23.68, 238.97, 48, 84, 9590404
0.38, 9.44, 23.79, 224.57, 48, 84, 9602240
0.38, 10.09, 23.47, 236.80, 48, 84, 9614064
0.38, 10.09, 23.82, 240.34, 48, 84, 9625896
0.38, 9.77, 23.68, 231.27, 48, 84, 9637720
0.38, 10.09, 23.90, 241.15, 48, 84, 9649552
0.38, 9.77, 23.74, 231.79, 48, 84, 9661388
0.38, 10.09, 23.55, 237.61, 49, 84, 9673208
0.38, 9.77, 23.71, 231.53, 49, 84, 9685044
0.38, 9.77, 23.63, 230.74, 49, 84, 9696868
0.39, 9.77, 23.82, 232.58, 49, 84, 9708708
0.39, 10.09, 23.57, 237.89, 49, 84, 9720532
0.39, 10.09, 23.90, 241.15, 49, 84, 9732372
0.40, 10.42, 23.41, 243.87, 49, 84, 9744192
0.39, 10.74, 23.79, 255.55, 49, 84, 9756024
0.40, 10.42, 23.87, 248.65, 49, 84, 9767852
0.40, 11.07, 23.49, 260.01, 49, 84, 9779684
0.40, 10.09, 23.76, 239.79, 49, 84, 9791520
0.40, 10.42, 23.57, 245.56, 49, 84, 9803344
0.40, 9.77, 23.87, 233.11, 49, 84, 9815184
0.40, 10.74, 23.68, 254.39, 49, 84, 9827012
0.39, 9.77, 23.84, 232.85, 49, 84, 9838848
0.39, 10.42, 23.30, 242.75, 49, 84, 9850676
0.39, 10.09, 23.74, 239.52, 49, 84, 9862504
0.39, 10.42, 23.36, 243.31, 50, 84, 9874340
0.40, 11.07, 23.76, 263.00, 50, 84, 9886168
0.40, 11.07, 23.49, 260.01, 50, 84, 9898008
0.40, 10.09, 23.87, 240.88, 50, 84, 9909848
0.41, 10.42, 23.63, 246.12, 50, 84, 9921668
0.41, 11.39, 23.92, 272.58, 50, 84, 9933496
0.41, 10.42, 23.84, 248.37, 50, 84, 9945332
0.41, 11.39, 23.55, 268.27, 50, 84, 9957160
0.41, 11.39, 23.36, 266.12, 50, 84, 9968988
0.41, 11.07, 23.36, 258.52, 50, 84, 9980820
0.41, 10.74, 23.92, 257.00, 50, 84, 9992656
0.41, 11.39, 23.74, 270.42, 50, 84, 10004492
0.41, 11.39, 23.79, 271.04, 50, 84, 10016320
0.41, 11.07, 23.87, 264.19, 50, 84, 10028172
0.41, 11.39, 23.52, 267.97, 50, 84, 10039980
0.41, 11.07, 23.60, 261.21, 50, 84, 10051820
0.41, 11.72, 23.47, 274.99, 50, 84, 10063644
0.41, 10.74, 23.60, 253.52, 51, 84, 10075472
0.41, 11.39, 23.68, 269.81, 51, 84, 10087304
0.41, 11.07, 24.11, 266.88, 51, 84, 10099136
0.42, 12.04, 23.47, 282.63, 51, 84, 10110972
0.42, 12.04, 23.71, 285.55, 51, 84, 10122800
0.42, 11.07, 23.57, 260.91, 51, 84, 10134636
0.42, 12.04, 23.68, 285.23, 51, 84, 10146464
0.43, 11.39, 23.84, 271.65, 51, 84, 10158300
0.43, 12.37, 23.36, 288.93, 51, 84, 10170124
0.43, 11.72, 23.49, 275.31, 51, 84, 10181964
0.43, 11.72, 23.49, 275.31, 51, 84, 10193792
0.43, 11.39, 23.82, 271.35, 51, 84, 10205620
0.42, 12.04, 23.30, 280.68, 51, 84, 10217460
0.42, 12.04, 23.71, 285.55, 51, 84, 10229280
0.42, 12.04, 23.41, 281.98, 51, 84, 10241120
0.42, 11.72, 23.55, 275.94, 51, 84, 10252940
0.43, 11.39, 23.84, 271.65, 51, 84, 10264776
0.43, 12.70, 23.57, 299.28, 52, 84, 10276604
0.43, 12.37, 23.41, 289.60, 52, 84, 10288456
0.43, 11.72, 23.82, 279.10, 52, 85, 10300268
0.44, 12.04, 23.60, 284.25, 52, 84, 10312100
0.44, 11.72, 23.55, 275.94, 52, 84, 10323936
0.44, 13.02, 23.30, 303.44, 52, 84, 10335760
0.44, 13.02, 23.57, 306.95, 52, 84, 10347596
0.44, 12.04, 23.36, 281.33, 52, 84, 10359424
0.44, 11.72, 23.47, 274.99, 52, 84, 10371264
0.44, 11.72, 23.60, 276.57, 52, 84, 10383088
0.44, 12.70, 23.63, 299.96, 52, 84, 10394924
0.44, 11.72, 23.76, 278.47, 52, 84, 10406748
0.44, 13.02, 23.65, 308.00, 52, 84, 10418580
0.44, 12.70, 23.82, 302.36, 52, 84, 10430420
0.44, 12.37, 23.71, 293.27, 52, 84, 10442244
0.44, 12.70, 23.84, 302.70, 52, 84, 10454080
0.44, 12.04, 23.95, 288.48, 52, 84, 10465904
0.44, 12.70, 23.38, 296.88, 53, 84, 10477740
0.44, 12.70, 23.76, 301.67, 53, 84, 10489564
0.44, 12.37, 23.47, 290.27, 53, 84, 10501400
0.44, 13.67, 23.79, 325.25, 53, 84, 10513224
0.45, 12.70, 23.55, 298.93, 53, 84, 10525056
0.45, 13.02, 23.60, 307.30, 53, 84, 10536896
0.45, 13.35, 23.82, 317.86, 53, 84, 10548716
0.46, 13.02, 23.41, 304.84, 53, 84, 10560560
0.46, 14.32, 23.52, 336.87, 53, 84, 10572384
0.46, 13.02, 23.38, 304.49, 53, 84, 10584220
0.46, 13.35, 23.55, 314.26, 53, 84, 10596048
0.46, 13.02, 23.92, 311.51, 53, 84, 10607884
0.46, 13.02, 23.30, 303.44, 53, 84, 10619708
0.46, 12.70, 24.01, 304.75, 53, 84, 10631540
0.46, 12.37, 23.76, 293.94, 53, 84, 10643376
0.46, 13.67, 23.25, 317.87, 53, 84, 10655208
0.46, 12.70, 23.98, 304.41, 53, 84, 10667044
0.46, 13.02, 23.60, 307.30, 54, 84, 10678868
0.46, 13.35, 23.82, 317.86, 54, 84, 10690708
0.46, 13.35, 23.68, 316.06, 54, 84, 10702532
0.46, 13.67, 23.41, 320.08, 54, 84, 10714368
0.46, 14.00, 23.76, 332.61, 54, 84, 10726192
0.47, 13.67, 23.63, 323.03, 54, 84, 10738020
0.47, 14.32, 23.71, 339.58, 54, 84, 10749868
0.47, 14.32, 23.76, 340.35, 54, 84, 10761680
0.48, 13.67, 23.44, 320.45, 54, 84, 10773516
0.48, 14.32, 23.22, 332.62, 54, 84, 10785340
0.48, 13.02, 23.63, 307.65, 54, 84, 10797180
0.47, 13.67, 23.63, 323.03, 54, 84, 10809004
0.48, 14.00, 23.74, 332.24, 54, 84, 10820840
0.48, 13.02, 23.55, 306.60, 54, 84, 10832668
0.47, 14.65, 23.68, 346.90, 54, 84, 10844496
0.48, 14.65, 23.76, 348.08, 54, 84, 10856328
0.47, 13.35, 23.68, 316.06, 54, 84, 10868160
0.47, 14.00, 23.76, 332.61, 55, 84, 10880000
0.48, 13.35, 23.76, 317.14, 55, 84, 10891824
0.48, 15.30, 23.55, 360.25, 55, 84, 10903660
0.48, 14.65, 23.71, 347.29, 55, 84, 10915488
0.48, 14.65, 23.14, 339.00, 55, 84, 10927328
0.49, 14.97, 23.36, 349.76, 55, 84, 10939152
0.49, 14.00, 23.44, 328.08, 55, 84, 10950992
0.49, 14.32, 23.47, 336.10, 55, 84, 10962816
0.50, 14.97, 23.74, 355.41, 55, 84, 10974648
0.50, 13.67, 23.79, 325.25, 55, 84, 10986484
0.50, 14.32, 23.20, 332.24, 55, 84, 10998312
0.50, 14.00, 23.82, 333.37, 55, 84, 11010164
0.50, 14.00, 23.82, 333.37, 55, 84, 11021976
0.50, 14.97, 23.49, 351.78, 55, 84, 11033816
0.50, 15.30, 23.74, 363.14, 55, 84, 11045636
0.49, 14.97, 23.47, 351.38, 55, 84, 11057476
0.50, 14.65, 23.60, 345.71, 55, 84, 11069300
0.50, 14.65, 23.76, 348.08, 56, 84, 11081136
0.50, 14.00, 23.63, 330.73, 56, 84, 11092972
0.50, 15.30, 23.12, 353.65, 56, 84, 11104800
0.50, 14.97, 23.87, 357.43, 56, 84, 11116636
0.50, 15.30, 23.14, 354.06, 56, 84, 11128476
0.51, 15.95, 23.44, 373.86, 56, 84, 11140296
0.51, 15.63, 23.55, 367.92, 56, 84, 11152120
0.51, 14.97, 23.52, 352.18, 56, 84, 11163956
0.51, 14.97, 23.30, 348.95, 56, 84, 11175780
0.51, 15.63, 23.30, 364.12, 56, 84, 11187608
0.51, 15.30, 24.11, 368.92, 56, 84, 11199444
0.52, 15.30, 23.71, 362.73, 56, 84, 11211268
0.51, 16.28, 23.20, 377.54, 56, 84, 11223104
0.51, 16.28, 23.55, 383.25, 56, 84, 11234932
0.51, 14.97, 23.55, 352.59, 56, 84, 11246772
0.51, 15.95, 23.22, 370.42, 56, 84, 11258596
0.52, 15.95, 23.84, 380.31, 56, 84, 11270436
0.52, 14.65, 23.63, 346.11, 57, 84, 11282260
0.52, 15.63, 23.06, 360.33, 57, 84, 11294092
0.51, 16.28, 23.76, 386.76, 57, 84, 11305928
0.52, 16.28, 23.84, 388.08, 57, 84, 11317748
0.52, 14.97, 23.82, 356.63, 57, 84, 11329588
0.53, 15.63, 23.36, 364.97, 57, 84, 11341412
0.53, 16.60, 23.63, 392.26, 57, 84, 11353248
0.53, 15.95, 23.82, 379.88, 57, 84, 11365072
0.53, 16.28, 23.17, 377.10, 57, 84, 11376912
0.53, 16.60, 23.79, 394.94, 57, 84, 11388752
0.53, 16.28, 23.82, 387.64, 57, 84, 11400572
0.53, 15.95, 23.87, 380.74, 57, 84, 11412396
0.53, 15.63, 23.52, 367.50, 57, 84, 11424232
0.53, 16.93, 23.09, 390.82, 57, 84, 11436068
0.53, 17.25, 23.30, 402.05, 57, 84, 11447892
0.53, 15.95, 23.52, 375.15, 57, 84, 11459732
0.53, 16.28, 23.57, 383.69, 57, 84, 11471556
0.53, 16.93, 23.44, 396.75, 58, 84, 11483392
0.53, 16.60, 23.60, 391.81, 58, 84, 11495212
0.53, 16.60, 23.57, 391.36, 58, 84, 11507044
0.53, 15.95, 23.63, 376.87, 58, 84, 11518876
0.54, 17.25, 22.90, 395.07, 58, 84, 11530708
0.54, 16.60, 23.60, 391.81, 58, 84, 11542544
0.55, 16.28, 23.60, 384.13, 58, 84, 11554372
0.55, 17.25, 23.12, 398.80, 58, 84, 11566212
0.54, 17.25, 23.60, 407.17, 58, 84, 11578036
0.54, 16.28, 23.60, 384.13, 58, 84, 11589880
0.55, 16.28, 23.71, 385.88, 58, 84, 11601700
0.55, 16.93, 23.63, 399.95, 58, 84, 11613532
0.56, 17.58, 23.55, 413.91, 58, 84, 11625364
0.55, 16.93, 23.98, 405.88, 58, 84, 11637196
0.55, 17.58, 23.38, 411.06, 58, 84, 11649036
0.55, 17.90, 23.28, 416.74, 58, 84, 11660864
0.54, 17.58, 23.63, 415.33, 58, 84, 11672696
0.55, 16.93, 23.60, 399.49, 59, 84, 11684528
0.55, 16.60, 23.25, 385.99, 59, 84, 11696364
0.55, 17.90, 23.09, 413.36, 59, 84, 11708192
0.56, 16.93, 24.03, 406.80, 59, 84, 11720020
0.56, 17.90, 23.65, 423.50, 59, 84, 11731852
0.56, 16.60, 23.71, 393.60, 59, 84, 11743684
0.56, 18.88, 23.47, 443.04, 59, 84, 11755520
0.56, 18.23, 23.36, 425.80, 59, 84, 11767344
0.56, 16.93, 23.68, 400.86, 59, 84, 11779180
0.57, 17.25, 23.57, 406.71, 59, 84, 11791004
0.57, 18.23, 23.44, 427.27, 59, 84, 11802844
0.57, 19.21, 23.01, 441.87, 59, 84, 11814668
0.57, 17.25, 23.55, 406.24, 59, 84, 11826508
0.56, 18.23, 23.65, 431.20, 59, 84, 11838332
0.56, 18.23, 23.55, 429.24, 59, 84, 11850184
0.56, 18.88, 23.41, 442.02, 59, 84, 11862008
0.56, 18.88, 23.41, 442.02, 59, 84, 11873832
0.55, 17.90, 24.33, 435.58, 60, 84, 11885668
0.56, 18.23, 23.82, 434.15, 60, 84, 11897492
0.57, 18.88, 22.87, 431.84, 60, 84, 11909328
0.57, 18.23, 22.98, 418.91, 60, 84, 11921152
0.57, 18.23, 23.68, 431.70, 60, 84, 11932988
0.57, 18.23, 23.63, 430.71, 60, 84, 11944816
0.58, 18.23, 23.79, 433.66, 60, 84, 11956644
0.58, 19.53, 23.87, 466.22, 60, 84, 11968500
0.57, 18.55, 23.20, 430.40, 60, 84, 11980304
0.57, 18.88, 23.63, 446.09, 60, 84, 11992144
0.57, 19.86, 23.33, 463.28, 60, 84, 12003968
0.57, 17.90, 23.49, 420.61, 60, 84, 12015804
0.57, 18.23, 23.47, 427.76, 60, 84, 12027628
0.57, 19.53, 23.49, 458.84, 60, 84, 12039468
0.58, 19.53, 23.06, 450.41, 60, 84, 12051292
0.58, 19.21, 23.76, 456.38, 60, 84, 12063124
0.58, 18.55, 23.71, 439.90, 60, 84, 12074960
0.58, 18.23, 23.68, 431.70, 61, 84, 12086788
0.57, 18.88, 23.22, 438.46, 61, 84, 12098620
0.57, 20.18, 23.33, 470.87, 61, 84, 12110464
0.58, 20.51, 23.22, 476.25, 61, 84, 12122284
0.58, 19.86, 23.38, 464.35, 61, 84, 12134112
0.59, 20.18, 23.84, 481.21, 61, 84, 12145944
0.59, 19.53, 24.30, 474.65, 61, 84, 12157772
0.59, 19.21, 23.84, 457.93, 61, 84, 12169604
0.59, 19.53, 23.03, 449.89, 61, 84, 12181436
0.60, 19.53, 23.03, 449.89, 61, 84, 12193264
0.60, 20.51, 23.12, 474.04, 61, 84, 12205096
0.60, 20.83, 23.38, 487.18, 61, 84, 12216920
0.60, 19.86, 23.52, 467.03, 61, 84, 12228772
0.60, 19.86, 23.38, 464.35, 61, 84, 12240584
0.60, 19.53, 23.84, 465.69, 61, 84, 12252416
0.59, 18.88, 23.65, 446.60, 61, 84, 12264244
0.59, 19.86, 23.63, 469.17, 61, 84, 12276076
0.59, 20.18, 23.52, 474.68, 62, 84, 12287904
0.59, 21.16, 22.98, 486.24, 62, 84, 12299740
0.59, 21.48, 23.33, 501.25, 62, 84, 12311576
0.60, 21.16, 23.52, 497.65, 62, 84, 12323404
0.61, 19.53, 23.68, 462.53, 62, 84, 12335240
0.61, 20.51, 23.71, 486.21, 62, 84, 12347068
0.62, 20.83, 23.52, 489.99, 62, 84, 12358900
0.62, 19.53, 23.09, 450.94, 62, 84, 12370728
0.62, 20.51, 23.55, 482.89, 62, 84, 12382560
0.62, 21.81, 23.06, 502.96, 62, 84, 12394392
0.62, 21.16, 23.20, 490.80, 62, 84, 12406224
0.62, 21.48, 24.03, 516.32, 62, 84, 12418064
0.62, 20.51, 23.60, 484.00, 62, 84, 12429888
0.62, 20.83, 23.38, 487.18, 62, 84, 12441728
0.62, 20.83, 23.63, 492.24, 62, 84, 12453552
0.62, 20.18, 23.17, 467.61, 62, 84, 12465392
0.62, 21.16, 23.47, 496.51, 62, 84, 12477216
0.62, 22.14, 23.55, 521.22, 63, 84, 12489048
0.62, 22.46, 22.82, 512.52, 63, 84, 12500880
0.62, 22.14, 23.30, 515.84, 63, 84, 12512704
0.62, 21.48, 23.71, 509.36, 63, 84, 12524544
0.63, 21.81, 23.60, 514.73, 63, 84, 12536372
0.63, 21.48, 23.92, 514.00, 63, 84, 12548204
0.63, 21.48, 23.49, 504.73, 63, 84, 12560032
0.64, 20.51, 23.82, 488.42, 63, 84, 12571868
0.64, 20.83, 23.22, 483.81, 63, 84, 12583692
0.64, 21.48, 23.06, 495.46, 63, 84, 12595532
0.64, 21.16, 24.14, 510.78, 63, 84, 12607352
0.63, 21.16, 23.60, 499.36, 63, 84, 12619184
0.64, 21.81, 23.47, 511.79, 63, 84, 12631020
0.64, 21.16, 23.57, 498.79, 63, 84, 12642844
0.64, 21.81, 23.33, 508.85, 63, 84, 12654680
0.64, 20.18, 23.06, 465.43, 63, 84, 12666508
0.64, 21.81, 22.82, 497.67, 63, 84, 12678344
0.64, 20.83, 22.95, 478.19, 64, 84, 12690172
0.64, 22.79, 24.14, 550.07, 64, 84, 12702008
0.64, 23.11, 23.25, 537.35, 64, 84, 12713836
0.64, 22.79, 22.85, 520.57, 64, 84, 12725668
0.65, 22.46, 23.47, 527.06, 64, 84, 12737504
0.65, 23.44, 22.98, 538.60, 64, 84, 12749332
0.66, 22.14, 23.57, 521.81, 64, 84, 12761172
0.66, 22.46, 23.71, 532.52, 64, 84, 12772996
0.65, 22.46, 23.74, 533.12, 64, 84, 12784836
0.66, 22.46, 23.65, 531.30, 64, 84, 12796660
0.66, 22.14, 23.57, 521.81, 64, 84, 12808496
0.66, 22.46, 23.33, 524.03, 64, 84, 12820324
0.66, 22.46, 23.22, 521.61, 64, 84, 12832152
0.66, 21.81, 23.47, 511.79, 64, 84, 12843992
0.66, 21.48, 23.71, 509.36, 64, 84, 12855816
0.65, 22.46, 23.17, 520.40, 64, 84, 12867656
0.66, 21.16, 23.09, 488.52, 64, 84, 12879476
0.65, 22.79, 23.25, 529.79, 65, 84, 12891316
0.65, 22.46, 23.57, 529.49, 65, 84, 12903140
0.66, 22.79, 23.12, 526.71, 65, 84, 12914980
0.66, 22.79, 23.95, 545.77, 65, 84, 12926800
0.67, 22.79, 23.65, 539.00, 65, 84, 12938632
0.67, 24.74, 23.36, 577.86, 65, 84, 12950484
0.67, 23.76, 23.71, 563.39, 65, 84, 12962292
0.67, 23.11, 23.36, 539.85, 65, 84, 12974128
0.67, 23.11, 23.71, 547.95, 65, 84, 12985952
0.67, 23.11, 23.55, 544.21, 65, 84, 12997788
0.67, 24.09, 23.47, 565.26, 65, 84, 13009612
0.67, 23.44, 24.14, 565.78, 65, 84, 13021448
0.67, 24.41, 23.25, 567.63, 65, 84, 13033272
0.67, 24.09, 23.28, 560.71, 65, 84, 13045104
0.67, 23.76, 22.95, 545.44, 65, 84, 13056928
0.67, 23.76, 23.95, 569.16, 65, 84, 13068776
0.67, 23.44, 22.76, 533.54, 65, 84, 13080600
0.67, 24.09, 22.93, 552.26, 66, 84, 13092424
0.67, 24.09, 23.74, 571.75, 66, 84, 13104260
0.67, 23.76, 23.09, 548.65, 66, 84, 13116084
0.68, 22.46, 23.09, 518.58, 66, 84, 13127920
0.69, 23.44, 23.20, 543.66, 66, 84, 13139744
0.69, 23.44, 23.71, 555.67, 66, 84, 13151572
0.69, 25.07, 23.12, 579.38, 66, 84, 13163400
0.69, 26.69, 23.25, 620.61, 66, 84, 13175236
0.69, 25.39, 23.68, 601.29, 66, 84, 13187076
0.69, 25.39, 23.33, 592.39, 66, 84, 13198900
0.69, 25.07, 23.68, 593.58, 66, 84, 13210748
0.69, 23.76, 23.22, 551.85, 66, 84, 13222564
0.69, 24.41, 22.82, 557.09, 66, 84, 13234400
0.69, 22.79, 23.06, 525.48, 66, 84, 13246224
0.69, 24.74, 23.09, 571.19, 66, 84, 13258064
0.69, 24.41, 23.14, 564.99, 66, 84, 13269888
0.69, 25.07, 24.17, 605.75, 66, 84, 13281720
0.69, 24.74, 23.79, 588.54, 67, 84, 13293560
0.69, 26.04, 23.71, 617.41, 67, 84, 13305384
0.69, 25.39, 23.36, 593.07, 67, 84, 13317224
0.70, 25.39, 23.28, 591.02, 67, 84, 13329060
0.70, 26.37, 22.68, 598.10, 67, 84, 13340888
0.71, 24.09, 23.03, 554.86, 67, 84, 13352712
0.71, 27.02, 23.14, 625.26, 67, 84, 13364552
0.71, 25.72, 23.79, 611.77, 67, 84, 13376376
0.71, 24.74, 23.65, 585.20, 67, 84, 13388208
0.71, 25.39, 23.44, 595.13, 67, 84, 13400044
0.71, 25.39, 22.85, 580.06, 67, 84, 13411868
0.71, 26.69, 22.90, 611.25, 67, 84, 13423708
0.71, 25.39, 23.36, 593.07, 67, 84, 13435528
0.70, 25.39, 23.41, 594.44, 67, 84, 13447364
0.71, 25.07, 23.49, 588.85, 67, 84, 13459192
0.71, 25.72, 23.30, 599.29, 67, 84, 13471028
0.71, 27.99, 23.22, 650.12, 67, 84, 13482848
0.71, 25.07, 23.49, 588.85, 68, 84, 13494680
0.71, 25.39, 23.09, 586.22, 68, 84, 13506520
0.71, 26.04, 23.36, 608.28, 68, 84, 13518344
0.72, 27.02, 24.11, 651.49, 68, 84, 13530180
0.72, 27.34, 23.09, 631.32, 68, 84, 13542004
0.72, 26.37, 23.01, 606.64, 68, 84, 13553840
0.73, 24.74, 23.25, 575.20, 68, 84, 13565668
0.72, 25.07, 23.74, 594.93, 68, 84, 13577504
0.72, 26.37, 24.09, 635.08, 68, 84, 13589328
0.72, 27.67, 23.76, 657.49, 68, 84, 13601160
0.72, 27.67, 23.60, 653.01, 68, 84, 13612996
0.72, 25.07, 23.06, 578.03, 68, 84, 13624824
0.73, 26.69, 22.98, 613.41, 68, 84, 13636660
0.72, 27.02, 23.22, 627.45, 68, 84, 13648488
0.72, 26.69, 23.90, 637.89, 68, 84, 13660328
0.72, 27.34, 23.41, 640.17, 68, 84, 13672148
0.72, 26.04, 23.36, 608.28, 68, 84, 13683988
0.72, 28.32, 23.52, 666.09, 69, 84, 13695812
0.72, 26.69, 23.03, 614.85, 69, 84, 13707644
0.73, 28.65, 23.65, 677.61, 69, 84, 13719484
0.73, 28.32, 22.87, 647.75, 69, 84, 13731312
0.74, 26.69, 23.79, 635.01, 69, 84, 13743148
0.74, 26.37, 23.44, 618.02, 69, 84, 13754972
0.74, 28.65, 23.60, 676.06, 69, 84, 13766812
0.74, 27.67, 22.58, 624.65, 69, 84, 13778636
0.73, 26.69, 23.06, 615.57, 69, 84, 13790488
0.73, 27.02, 23.41, 632.55, 69, 84, 13802296
0.74, 27.99, 23.38, 654.65, 69, 84, 13814128
0.74, 28.65, 23.38, 669.88, 69, 84, 13825956
0.74, 26.37, 22.95, 605.21, 69, 84, 13837788
0.74, 27.02, 23.68, 639.83, 69, 84, 13849624
0.74, 27.99, 23.25, 650.88, 69, 84, 13861444
0.74, 28.32, 23.38, 662.27, 69, 84, 13873284
0.74, 27.67, 23.47, 649.28, 69, 84, 13885108
0.74, 29.95, 22.71, 680.13, 70, 84, 13896940
0.74, 27.67, 22.93, 634.36, 70, 84, 13908764
0.74, 27.34, 23.36, 638.69, 70, 84, 13920596
0.75, 28.65, 22.52, 645.15, 70, 84, 13932428
0.75, 27.34, 23.79, 650.49, 70, 84, 13944256
0.75, 29.30, 23.74, 695.38, 70, 84, 13956092
0.75, 28.97, 22.28, 645.45, 70, 84, 13967912
0.76, 28.32, 22.87, 647.75, 70, 84, 13979752
0.76, 27.34, 23.79, 650.49, 70, 84, 13991576
0.75, 29.95, 23.14, 693.06, 70, 84, 14003412
0.76, 27.02, 23.09, 623.80, 70, 84, 14015236
0.76, 27.34, 23.17, 633.53, 70, 84, 14027068
0.75, 29.62, 22.76, 674.34, 70, 84, 14038892
0.75, 30.60, 22.93, 701.52, 70, 84, 14050736
0.76, 27.67, 23.28, 644.06, 70, 84, 14062560
0.76, 29.95, 23.36, 699.52, 70, 84, 14074384
0.75, 28.97, 23.36, 676.71, 70, 84, 14086216
0.76, 30.27, 22.85, 691.61, 71, 84, 14098040
0.76, 28.65, 23.71, 679.15, 71, 84, 14109876
0.76, 28.97, 23.92, 693.12, 71, 84, 14121700
0.77, 28.97, 23.20, 672.02, 71, 84, 14133540
0.76, 27.99, 23.28, 651.63, 71, 84, 14145360
STOP SAFETY
0.77, 28.32, 23.98, 679.07, 0, 84, 14157188
STOP SAFETY
0.75, 25.39, 23.90, 606.77, 0, 84, 14169040
STOP SAFETY
0.58, 21.48, 23.90, 513.42, 0, 84, 14180852
STOP SAFETY
0.33, 19.53, 23.65, 462.00, 0, 84, 14192684
STOP SAFETY
0.19, 17.58, 23.82, 418.65, 0, 84, 14204508
STOP SAFETY
0.09, 15.30, 23.76, 363.55, 0, 84, 14216344
STOP SAFETY
0.03, 14.00, 23.76, 332.61, 0, 84, 14228168
STOP SAFETY
-0.00, 12.37, 23.76, 293.94, 0, 84, 14240004
STOP SAFETY
-0.03, 11.39, 23.76, 270.73, 0, 84, 14251828
STOP SAFETY
-0.03, 10.09, 23.76, 239.79, 0, 84, 14263660
STOP SAFETY
-0.03, 9.11, 23.79, 216.83, 0, 84, 14275488
STOP SAFETY
-0.03, 8.14, 23.79, 193.60, 0, 84, 14287320
STOP SAFETY
-0.03, 7.49, 23.79, 178.11, 0, 84, 14299156
STOP SAFETY
-0.03, 6.51, 23.79, 154.88, 0, 84, 14310976
STOP SAFETY
-0.03, 5.86, 23.79, 139.39, 0, 84, 14322812
STOP SAFETY
-0.03, 5.21, 23.79, 123.90, 0, 84, 14334632
STOP SAFETY
-0.03, 4.88, 23.79, 116.16, 0, 84, 14346472
STOP SAFETY
-0.03, 4.23, 23.79, 100.67, 0, 84, 14358296
STOP SAFETY
-0.02, 3.91, 23.79, 92.93, 0, 84, 14370140
STOP SAFETY
-0.03, 3.58, 23.79, 85.18, 0, 85, 14381952
STOP SAFETY
-0.03, 3.26, 23.79, 77.44, 0, 84, 14393784
STOP SAFETY
-0.03, 2.60, 23.79, 61.95, 0, 84, 14405620
STOP SAFETY
-0.03, 2.60, 23.79, 61.95, 0, 84, 14417444
STOP SAFETY
-0.03, 2.28, 23.79, 54.21, 0, 84, 14429296
STOP SAFETY
-0.03, 1.95, 23.79, 46.46, 0, 84, 14441104
STOP SAFETY
-0.03, 1.63, 23.79, 38.72, 0, 84, 14452940
STOP SAFETY
-0.03, 1.63, 23.79, 38.72, 0, 84, 14464764
STOP SAFETY
-0.03, 1.30, 23.79, 30.98, 0, 84, 14476600
STOP SAFETY
-0.03, 1.30, 23.79, 30.98, 0, 84, 14488424
STOP SAFETY
-0.03, 0.98, 23.79, 23.23, 0, 84, 14500252
STOP SAFETY
-0.03, 0.98, 23.79, 23.23, 0, 84, 14512092
STOP SAFETY
-0.03, 0.65, 23.79, 15.49, 0, 84, 14523916
STOP SAFETY
-0.03, 0.65, 23.79, 15.49, 0, 84, 14535748
STOP SAFETY
-0.03, 0.65, 23.79, 15.49, 0, 84, 14547572
STOP SAFETY
-0.03, 0.33, 23.79, 7.74, 0, 84, 14559412
STOP SAFETY
-0.03, 0.33, 23.79, 7.74, 0, 84, 14571236
STOP SAFETY
-0.03, 0.33, 23.79, 7.74, 0, 84, 14583076
STOP SAFETY
-0.03, 0.33, 23.79, 7.74, 0, 84, 14594900
STOP SAFETY
-0.03, -0.00, 23.79, -0.00, 0, 84, 14606728
STOP SAFETY
-0.03, -0.00, 23.79, -0.00, 0, 84, 14618564
STOP SAFETY
-0.03, -0.00, 23.79, -0.00, 0, 84, 14630388
STOP SAFETY
-0.03, -0.00, 23.79, -0.00, 0, 84, 14642224
STOP SAFETY
-0.03, -0.00, 23.79, -0.00, 0, 84, 14654048
STOP SAFETY
-0.03, -0.00, 23.7