START
-0.00, -0.33, 23.95, -7.80, 1, 18, 512
-0.00, -0.33, 23.95, -7.80, 1, 161, 6740
-0.00, -0.33, 23.95, -7.80, 1, 84, 18576
-0.00, -0.33, 23.95, -7.80, 1, 84, 30396
-0.00, -0.33, 23.95, -7.80, 1, 84, 42232
-0.01, -0.33, 23.95, -7.80, 1, 84, 54056
-0.00, -0.33, 23.95, -7.80, 1, 84, 65884
-0.00, -0.33, 23.95, -7.80, 1, 84, 77712
-0.00, -0.33, 23.95, -7.80, 1, 84, 89540
-0.00, -0.33, 23.95, -7.80, 1, 84, 101376
-0.00, -0.33, 23.95, -7.80, 1, 84, 113196
-0.00, -0.33, 23.95, -7.80, 1, 84, 125028
-0.00, -0.33, 23.95, -7.80, 1, 84, 136852
-0.00, -0.33, 23.95, -7.80, 1, 84, 148680
-0.01, -0.33, 23.95, -7.80, 1, 84, 160504
-0.00, -0.33, 23.95, -7.80, 1, 84, 172336
-0.00, -0.33, 23.95, -7.80, 1, 84, 184160
-0.00, -0.33, 23.95, -7.80, 1, 84, 195984
-0.00, -0.33, 23.95, -7.80, 1, 84, 207820
-0.00, -0.33, 23.95, -7.80, 2, 84, 219640
-0.00, -0.33, 23.95, -7.80, 2, 84, 231472
-0.00, -0.33, 23.95, -7.80, 2, 84, 243292
-0.00, -0.33, 23.95, -7.80, 2, 84, 255124
-0.01, -0.33, 23.95, -7.80, 2, 84, 266948
-0.00, -0.33, 23.95, -7.80, 2, 84, 278780
-0.00, -0.33, 23.95, -7.80, 2, 84, 290600
-0.00, -0.33, 23.95, -7.80, 2, 84, 302428
-0.01, -0.33, 23.95, -7.80, 2, 84, 314256
-0.00, -0.33, 23.98, -7.81, 2, 84, 326088
-0.01, -0.33, 23.95, -7.80, 2, 84, 337920
-0.01, -0.33, 23.95, -7.80, 2, 84, 349748
-0.00, -0.33, 23.95, -7.80, 2, 84, 361580
-0.00, -0.33, 23.95, -7.80, 2, 84, 373400
-0.00, -0.33, 23.95, -7.80, 2, 84, 385236
-0.00, -0.33, 23.95, -7.80, 2, 84, 397060
-0.00, -0.33, 23.95, -7.80, 2, 84, 408896
-0.00, -0.33, 23.95, -7.80, 3, 84, 420716
-0.00, -0.33, 23.95, -7.80, 3, 84, 432544
-0.01, -0.33, 23.95, -7.80, 3, 84, 444380
-0.00, -0.33, 23.95, -7.80, 3, 84, 456204
-0.01, -0.33, 23.95, -7.80, 3, 84, 468036
-0.00, -0.33, 23.95, -7.80, 3, 84, 479860
-0.00, -0.33, 23.95, -7.80, 3, 84, 491696
-0.00, -0.33, 23.95, -7.80, 3, 84, 503520
-0.00, -0.33, 23.95, -7.80, 3, 84, 515352
-0.00, -0.33, 23.95, -7.80, 3, 84, 527172
-0.00, -0.33, 23.95, -7.80, 3, 84, 539000
-0.00, -0.33, 23.95, -7.80, 3, 84, 550828
-0.00, -0.33, 23.95, -7.80, 3, 84, 562656
-0.01, -0.33, 23.95, -7.80, 3, 84, 574492
-0.01, -0.33, 23.98, -7.81, 3, 84, 586332
-0.01, -0.33, 23.95, -7.80, 3, 84, 598152
-0.01, -0.33, 23.95, -7.80, 3, 84, 609972
-0.01, -0.33, 23.95, -7.80, 4, 84, 621808
-0.00, -0.33, 23.95, -7.80, 4, 84, 633632
-0.00, -0.33, 23.95, -7.80, 4, 84, 645460
-0.00, -0.33, 23.95, -7.80, 4, 84, 657288
-0.01, -0.33, 23.95, -7.80, 4, 84, 669116
-0.01, -0.33, 23.95, -7.80, 4, 84, 680952
-0.00, -0.33, 23.95, -7.80, 4, 84, 692772
-0.00, -0.33, 23.95, -7.80, 4, 84, 704604
-0.00, -0.33, 23.95, -7.80, 4, 84, 716424
-0.00, -0.33, 23.92, -7.79, 4, 84, 728260
-0.01, -0.33, 23.92, -7.79, 4, 84, 740080
-0.01, -0.33, 23.95, -7.80, 4, 84, 751912
-0.00, -0.33, 23.95, -7.80, 4, 84, 763732
-0.00, -0.33, 23.95, -7.80, 4, 84, 775560
-0.00, -0.33, 23.95, -7.80, 4, 84, 787404
-0.00, -0.33, 23.95, -7.80, 4, 85, 799212
-0.00, -0.33, 23.95, -7.80, 4, 84, 811044
-0.00, -0.33, 23.95, -7.80, 5, 84, 822864
-0.00, -0.33, 23.95, -7.80, 5, 84, 834700
-0.00, -0.65, 23.95, -15.59, 5, 84, 846532
-0.00, -0.33, 23.92, -7.79, 5, 84, 858352
-0.00, -0.33, 23.95, -7.80, 5, 84, 870172
-0.00, -0.33, 23.95, -7.80, 5, 84, 882004
-0.00, -0.33, 23.95, -7.80, 5, 84, 893832
-0.00, -0.33, 23.95, -7.80, 5, 84, 905660
-0.00, -0.33, 23.95, -7.80, 5, 84, 917492
-0.00, -0.33, 23.95, -7.80, 5, 84, 929316
-0.00, -0.33, 23.95, -7.80, 5, 84, 941152
-0.00, -0.33, 23.95, -7.80, 5, 84, 952972
-0.00, -0.33, 23.95, -7.80, 5, 84, 964808
-0.00, -0.33, 23.95, -7.80, 5, 84, 976632
-0.00, -0.33, 23.95, -7.80, 5, 84, 988468
-0.00, -0.33, 23.95, -7.80, 5, 84, 1000288
-0.00, -0.33, 23.95, -7.80, 5, 84, 1012112
-0.00, -0.33, 23.95, -7.80, 6, 84, 1023948
-0.00, -0.33, 23.95, -7.80, 6, 84, 1035768
-0.00, -0.33, 23.95, -7.80, 6, 84, 1047620
-0.00, -0.33, 23.95, -7.80, 6, 85, 1059428
-0.00, -0.33, 23.95, -7.80, 6, 84, 1071260
-0.00, -0.33, 23.95, -7.80, 6, 84, 1083080
-0.00, -0.33, 23.95, -7.80, 6, 84, 1094912
-0.00, -0.33, 23.95, -7.80, 6, 84, 1106736
-0.00, -0.33, 23.95, -7.80, 6, 84, 1118564
-0.00, -0.33, 23.95, -7.80, 6, 84, 1130388
-0.00, -0.33, 23.95, -7.80, 6, 84, 1142216
-0.00, -0.33, 23.95, -7.80, 6, 84, 1154048
-0.00, -0.33, 23.95, -7.80, 6, 84, 1165868
-0.00, -0.33, 23.95, -7.80, 6, 84, 1177700
-0.00, -0.33, 23.95, -7.80, 6, 84, 1189524
-0.00, -0.33, 23.95, -7.80, 6, 84, 1201356
-0.00, -0.33, 23.95, -7.80, 6, 84, 1213176
-0.00, -0.33, 23.95, -7.80, 7, 84, 1225008
-0.00, -0.33, 23.95, -7.80, 7, 84, 1236828
-0.00, -0.33, 23.95, -7.80, 7, 84, 1248652
-0.00, -0.33, 23.95, -7.80, 7, 84, 1260488
-0.00, -0.33, 23.95, -7.80, 7, 84, 1272308
-0.00, -0.33, 23.95, -7.80, 7, 84, 1284140
-0.00, -0.33, 23.95, -7.80, 7, 84, 1295960
-0.00, -0.33, 23.95, -7.80, 7, 84, 1307800
-0.00, -0.33, 23.95, -7.80, 7, 84, 1319620
-0.00, -0.33, 23.95, -7.80, 7, 84, 1331456
-0.00, -0.33, 23.95, -7.80, 7, 84, 1343280
-0.00, -0.33, 23.95, -7.80, 7, 84, 1355104
-0.00, -0.33, 23.95, -7.80, 7, 84, 1366936
-0.00, -0.33, 23.95, -7.80, 7, 84, 1378764
-0.00, -0.33, 23.95, -7.80, 7, 84, 1390592
-0.00, -0.33, 23.95, -7.80, 7, 84, 1402420
-0.00, -0.33, 23.95, -7.80, 7, 84, 1414256
-0.00, -0.33, 23.95, -7.80, 8, 84, 1426080
-0.00, -0.33, 23.95, -7.80, 8, 84, 1437912
0.00, -0.33, 23.95, -7.80, 8, 84, 1449732
0.00, -0.33, 23.95, -7.80, 8, 84, 1461568
0.00, -0.33, 23.95, -7.80, 8, 84, 1473388
0.00, -0.33, 23.95, -7.80, 8, 84, 1485220
0.00, -0.33, 23.95, -7.80, 8, 84, 1497056
0.00, -0.33, 23.95, -7.80, 8, 84, 1508876
0.00, -0.33, 23.95, -7.80, 8, 84, 1520708
0.00, -0.33, 23.95, -7.80, 8, 84, 1532536
0.00, -0.33, 23.95, -7.80, 8, 84, 1544368
0.00, -0.33, 23.95, -7.80, 8, 84, 1556192
0.00, -0.33, 23.95, -7.80, 8, 84, 1568024
0.00, -0.33, 23.95, -7.80, 8, 84, 1579848
0.00, -0.33, 23.95, -7.80, 8, 84, 1591676
0.00, -0.33, 23.95, -7.80, 8, 84, 1603512
0.00, -0.33, 23.95, -7.80, 8, 84, 1615332
0.01, -0.33, 23.92, -7.79, 9, 84, 1627172
0.01, -0.33, 23.92, -7.79, 9, 85, 1638992
0.01, -0.33, 23.92, -7.79, 9, 84, 1650824
0.01, -0.33, 23.92, -7.79, 9, 84, 1662644
0.01, -0.33, 23.95, -7.80, 9, 84, 1674480
0.01, -0.33, 23.95, -7.80, 9, 84, 1686304
0.01, -0.33, 23.92, -7.79, 9, 84, 1698132
0.01, -0.33, 23.95, -7.80, 9, 84, 1709960
0.01, -0.33, 23.95, -7.80, 9, 84, 1721788
0.01, -0.33, 23.95, -7.80, 9, 84, 1733624
0.01, -0.33, 23.92, -7.79, 9, 84, 1745448
0.01, -0.33, 23.92, -7.79, 9, 84, 1757280
0.01, -0.33, 23.92, -7.79, 9, 84, 1769096
0.01, -0.33, 23.92, -7.79, 9, 84, 1780932
0.01, -0.00, 23.95, -0.00, 9, 84, 1792752
0.01, -0.00, 23.92, -0.00, 9, 84, 1804584
0.01, -0.33, 23.95, -7.80, 9, 84, 1816408
0.01, -0.00, 23.92, -0.00, 10, 84, 1828236
0.01, -0.00, 23.95, -0.00, 10, 84, 1840068
0.02, -0.33, 23.92, -7.79, 10, 84, 1851892
0.02, -0.33, 23.92, -7.79, 10, 84, 1863724
0.02, -0.00, 23.95, -0.00, 10, 84, 1875548
0.02, -0.00, 23.95, -0.00, 10, 84, 1887384
0.02, -0.00, 23.95, -0.00, 10, 84, 1899204
0.02, -0.00, 23.92, -0.00, 10, 84, 1911036
0.02, -0.00, 23.92, -0.00, 10, 84, 1922864
0.02, -0.00, 23.95, -0.00, 10, 84, 1934692
0.02, -0.33, 23.95, -7.80, 10, 84, 1946532
0.02, -0.00, 23.92, -0.00, 10, 85, 1958344
0.02, -0.00, 23.92, -0.00, 10, 84, 1970180
0.03, -0.00, 23.92, -0.00, 10, 84, 1982000
0.02, -0.00, 23.92, -0.00, 10, 84, 1993832
0.03, -0.00, 23.92, -0.00, 10, 84, 2005652
0.03, -0.00, 23.92, -0.00, 10, 84, 2017488
0.03, -0.00, 23.92, -0.00, 11, 84, 2029312
0.03, -0.00, 23.95, -0.00, 11, 84, 2041144
0.03, -0.00, 23.95, -0.00, 11, 84, 2052968
0.03, -0.00, 23.95, -0.00, 11, 84, 2064800
0.03, -0.00, 23.95, -0.00, 11, 84, 2076628
0.03, -0.00, 23.92, -0.00, 11, 84, 2088448
0.03, -0.00, 23.92, -0.00, 11, 84, 2100284
0.03, -0.00, 23.92, -0.00, 11, 84, 2112104
0.03, -0.00, 23.92, -0.00, 11, 84, 2123936
0.03, -0.00, 23.95, -0.00, 11, 84, 2135756
0.04, -0.00, 23.92, -0.00, 11, 84, 2147608
0.04, -0.00, 23.92, -0.00, 11, 84, 2159412
0.04, -0.00, 23.92, -0.00, 11, 84, 2171240
0.04, -0.00, 23.92, -0.00, 11, 84, 2183068
0.04, -0.00, 23.92, -0.00, 11, 84, 2194896
0.04, -0.33, 23.95, -7.80, 11, 84, 2206740
0.04, -0.00, 23.95, -0.00, 11, 85, 2218552
0.04, -0.00, 23.95, -0.00, 12, 84, 2230380
0.04, -0.00, 23.92, -0.00, 12, 84, 2242204
0.04, -0.00, 23.92, -0.00, 12, 84, 2254040
0.04, -0.00, 23.95, -0.00, 12, 84, 2265864
0.04, -0.00, 23.95, -0.00, 12, 84, 2277700
0.04, -0.00, 23.92, -0.00, 12, 84, 2289520
0.04, -0.00, 23.95, -0.00, 12, 84, 2301348
0.05, -0.00, 23.95, -0.00, 12, 84, 2313180
0.05, -0.00, 23.92, -0.00, 12, 84, 2325004
0.05, -0.00, 23.92, -0.00, 12, 84, 2336836
0.05, -0.00, 23.92, -0.00, 12, 84, 2348660
0.05, -0.00, 23.92, -0.00, 12, 84, 2360488
0.05, -0.00, 23.95, -0.00, 12, 84, 2372308
0.05, -0.00, 23.95, -0.00, 12, 84, 2384144
0.05, -0.00, 23.95, -0.00, 12, 84, 2395964
0.05, -0.00, 23.92, -0.00, 12, 84, 2407808
0.05, -0.00, 23.92, -0.00, 12, 84, 2419620
0.05, -0.00, 23.92, -0.00, 13, 84, 2431444
0.05, -0.00, 23.92, -0.00, 13, 84, 2443276
0.05, -0.00, 23.95, -0.00, 13, 84, 2455100
0.05, -0.00, 23.98, -0.00, 13, 84, 2466932
0.06, -0.00, 23.95, -0.00, 13, 84, 2478752
0.06, -0.00, 23.95, -0.00, 13, 84, 2490584
0.06, -0.00, 23.92, -0.00, 13, 84, 2502408
0.06, -0.00, 23.95, -0.00, 13, 84, 2514244
0.06, -0.00, 23.92, -0.00, 13, 84, 2526068
0.06, -0.00, 23.92, -0.00, 13, 84, 2537892
0.06, -0.00, 23.95, -0.00, 13, 84, 2549728
0.06, -0.00, 23.95, -0.00, 13, 84, 2561552
0.07, -0.00, 23.95, -0.00, 13, 84, 2573380
0.07, -0.00, 23.92, -0.00, 13, 84, 2585204
0.07, -0.00, 23.92, -0.00, 13, 84, 2597036
0.07, -0.00, 23.92, -0.00, 13, 84, 2608856
0.07, -0.00, 23.92, -0.00, 13, 84, 2620688
0.07, -0.00, 23.92, -0.00, 14, 84, 2632512
0.07, -0.00, 23.92, -0.00, 14, 84, 2644340
0.07, -0.00, 23.95, -0.00, 14, 84, 2656164
0.07, 0.33, 23.95, 7.80, 14, 84, 2668008
0.07, 0.33, 23.95, 7.80, 14, 84, 2679824
0.07, -0.00, 23.90, -0.00, 14, 84, 2691644
0.07, -0.00, 23.92, -0.00, 14, 84, 2703476
0.08, -0.00, 23.95, -0.00, 14, 84, 2715296
0.08, -0.00, 23.95, -0.00, 14, 84, 2727136
0.08, 0.33, 23.92, 7.79, 14, 84, 2738956
0.08, -0.00, 23.95, -0.00, 14, 84, 2750788
0.08, 0.33, 23.92, 7.79, 14, 84, 2762612
0.08, 0.33, 23.92, 7.79, 14, 84, 2774444
0.08, -0.00, 23.92, -0.00, 14, 84, 2786276
0.08, 0.33, 23.92, 7.79, 14, 84, 2798100
0.08, -0.00, 23.92, -0.00, 14, 84, 2809932
0.08, 0.33, 23.95, 7.80, 14, 84, 2821752
0.08, 0.33, 23.95, 7.80, 15, 84, 2833588
0.08, 0.33, 23.92, 7.79, 15, 84, 2845408
0.08, 0.33, 23.92, 7.79, 15, 84, 2857240
0.08, 0.33, 23.95, 7.80, 15, 84, 2869068
0.09, 0.33, 23.92, 7.79, 15, 84, 2880896
0.09, 0.33, 23.92, 7.79, 15, 84, 2892732
0.09, 0.33, 23.95, 7.80, 15, 84, 2904548
0.09, 0.33, 23.95, 7.80, 15, 84, 2916384
0.09, 0.33, 23.92, 7.79, 15, 84, 2928204
0.09, 0.33, 23.92, 7.79, 15, 84, 2940036
0.10, 0.33, 23.92, 7.79, 15, 84, 2951856
0.10, 0.33, 23.90, 7.78, 15, 84, 2963688
0.10, 0.33, 23.92, 7.79, 15, 84, 2975508
0.10, 0.33, 23.92, 7.79, 15, 84, 2987340
0.10, 0.33, 23.92, 7.79, 15, 84, 2999164
0.10, 0.33, 23.95, 7.80, 15, 84, 3010996
0.10, 0.33, 23.92, 7.79, 15, 84, 3022828
0.10, 0.33, 23.92, 7.79, 16, 84, 3034648
0.10, 0.33, 23.98, 7.81, 16, 84, 3046484
0.10, 0.33, 23.90, 7.78, 16, 84, 3058304
0.10, 0.33, 23.92, 7.79, 16, 84, 3070132
0.10, 0.33, 23.95, 7.80, 16, 84, 3081956
0.11, 0.33, 23.95, 7.80, 16, 84, 3093788
0.11, 0.65, 23.92, 15.58, 16, 84, 3105604
0.11, 0.33, 23.95, 7.80, 16, 84, 3117436
0.11, 0.33, 23.92, 7.79, 16, 84, 3129260
0.11, 0.65, 23.95, 15.59, 16, 84, 3141084
0.11, 0.65, 23.95, 15.59, 16, 84, 3152920
0.11, 0.33, 23.95, 7.80, 16, 84, 3164740
0.11, 0.65, 23.92, 15.58, 16, 84, 3176572
0.11, 0.65, 23.92, 15.58, 16, 84, 3188392
0.11, 0.33, 23.90, 7.78, 16, 84, 3200224
0.12, 0.65, 23.95, 15.59, 16, 84, 3212044
0.12, 0.65, 23.92, 15.58, 16, 84, 3223880
0.12, 0.33, 23.95, 7.80, 17, 84, 3235696
0.12, 0.65, 23.95, 15.59, 17, 84, 3247520
0.12, 0.65, 23.92, 15.58, 17, 84, 3259352
0.12, 0.65, 23.90, 15.56, 17, 84, 3271176
0.12, 0.65, 23.90, 15.56, 17, 84, 3283008
0.12, 0.65, 23.92, 15.58, 17, 84, 3294832
0.13, 0.33, 23.90, 7.78, 17, 84, 3306680
0.13, 0.65, 23.95, 15.59, 17, 84, 3318488
0.13, 0.65, 23.95, 15.59, 17, 84, 3330320
0.13, 0.65, 23.92, 15.58, 17, 84, 3342144
0.13, 0.65, 23.92, 15.58, 17, 84, 3353976
0.13, 0.65, 23.90, 15.56, 17, 84, 3365800
0.13, 0.65, 23.90, 15.56, 17, 84, 3377628
0.13, 0.65, 23.92, 15.58, 17, 84, 3389464
0.13, 0.65, 23.95, 15.59, 17, 84, 3401284
0.13, 0.65, 23.92, 15.58, 17, 84, 3413116
0.13, 0.65, 23.90, 15.56, 17, 84, 3424944
0.14, 0.65, 23.92, 15.58, 18, 84, 3436776
0.14, 0.65, 23.87, 15.54, 18, 84, 3448596
0.14, 0.65, 23.90, 15.56, 18, 84, 3460424
0.14, 0.65, 23.95, 15.59, 18, 84, 3472252
0.14, 0.65, 23.92, 15.58, 18, 84, 3484080
0.14, 0.65, 23.95, 15.59, 18, 84, 3495912
0.14, 0.65, 23.92, 15.58, 18, 84, 3507740
0.15, 0.65, 23.92, 15.58, 18, 84, 3519572
0.15, 0.65, 23.90, 15.56, 18, 84, 3531396
0.15, 0.65, 23.90, 15.56, 18, 84, 3543228
0.15, 0.65, 23.95, 15.59, 18, 84, 3555052
0.15, 0.65, 23.95, 15.59, 18, 84, 3566900
0.15, 0.65, 23.92, 15.58, 18, 85, 3578704
0.15, 0.65, 23.95, 15.59, 18, 84, 3590536
0.15, 0.65, 23.92, 15.58, 18, 84, 3602368
0.15, 0.65, 23.87, 15.54, 18, 84, 3614188
0.15, 0.65, 23.95, 15.59, 18, 84, 3626024
0.15, 0.65, 23.95, 15.59, 19, 85, 3637848
0.15, 0.65, 23.92, 15.58, 19, 84, 3649680
0.15, 0.65, 23.92, 15.58, 19, 84, 3661504
0.15, 0.98, 23.90, 23.34, 19, 84, 3673332
0.16, 0.65, 23.90, 15.56, 19, 84, 3685156
0.16, 0.98, 23.90, 23.34, 19, 84, 3696980
0.16, 0.65, 23.95, 15.59, 19, 84, 3708808
0.16, 0.98, 23.92, 23.36, 19, 84, 3720632
0.16, 0.98, 23.92, 23.36, 19, 84, 3732464
0.17, 0.98, 23.92, 23.36, 19, 84, 3744288
0.17, 0.98, 23.90, 23.34, 19, 84, 3756116
0.17, 0.98, 23.90, 23.34, 19, 84, 3767952
0.17, 0.98, 23.90, 23.34, 19, 84, 3779772
0.17, 0.98, 23.92, 23.36, 19, 84, 3791592
0.17, 0.98, 23.92, 23.36, 19, 84, 3803424
0.17, 0.98, 23.92, 23.36, 19, 84, 3815244
0.17, 0.65, 23.95, 15.59, 19, 84, 3827088
0.17, 0.98, 23.90, 23.34, 20, 84, 3838908
0.17, 0.98, 23.87, 23.31, 20, 84, 3850728
0.17, 0.98, 23.90, 23.34, 20, 84, 3862568
0.17, 0.98, 23.95, 23.39, 20, 84, 3874388
0.18, 0.65, 23.95, 15.59, 20, 84, 3886220
0.18, 0.98, 23.90, 23.34, 20, 84, 3898044
0.18, 0.98, 23.92, 23.36, 20, 84, 3909876
0.18, 0.98, 23.90, 23.34, 20, 84, 3921700
0.18, 0.98, 23.90, 23.34, 20, 84, 3933528
0.18, 0.98, 23.90, 23.34, 20, 84, 3945352
0.19, 0.98, 23.95, 23.39, 20, 84, 3957180
0.19, 0.98, 23.98, 23.42, 20, 84, 3969020
0.19, 0.98, 23.92, 23.36, 20, 84, 3980840
0.19, 1.30, 23.92, 31.15, 20, 84, 3992676
0.19, 0.98, 23.90, 23.34, 20, 84, 4004496
0.19, 0.98, 23.87, 23.31, 20, 84, 4016328
0.19, 0.98, 23.90, 23.34, 20, 84, 4028168
0.19, 1.30, 23.90, 31.12, 21, 84, 4039988
0.19, 0.98, 23.95, 23.39, 21, 84, 4051808
0.19, 0.98, 23.92, 23.36, 21, 84, 4063640
0.19, 0.98, 23.95, 23.39, 21, 84, 4075476
0.19, 0.98, 23.84, 23.28, 21, 84, 4087296
0.20, 1.30, 23.90, 31.12, 21, 84, 4099132
0.20, 0.98, 23.84, 23.28, 21, 84, 4110952
0.20, 1.30, 23.90, 31.12, 21, 84, 4122788
0.20, 1.30, 23.87, 31.08, 21, 84, 4134612
0.20, 0.98, 23.90, 23.34, 21, 84, 4146448
0.20, 0.98, 23.87, 23.31, 21, 84, 4158268
0.21, 0.98, 23.92, 23.36, 21, 84, 4170096
0.21, 1.30, 23.90, 31.12, 21, 84, 4181928
0.21, 1.30, 23.92, 31.15, 21, 84, 4193752
0.21, 1.30, 23.90, 31.12, 21, 84, 4205584
0.21, 1.30, 23.84, 31.05, 21, 84, 4217408
0.21, 1.30, 23.87, 31.08, 21, 84, 4229240
0.21, 1.30, 23.92, 31.15, 22, 84, 4241060
0.21, 1.30, 23.95, 31.19, 22, 84, 4252892
0.21, 1.30, 23.92, 31.15, 22, 84, 4264712
0.21, 1.30, 23.95, 31.19, 22, 84, 4276548
0.21, 1.30, 23.90, 31.12, 22, 84, 4288388
0.22, 1.30, 23.92, 31.15, 22, 84, 4300196
0.22, 1.30, 23.95, 31.19, 22, 84, 4312028
0.22, 1.63, 23.92, 38.94, 22, 84, 4323848
0.22, 1.30, 23.92, 31.15, 22, 84, 4335680
0.22, 1.30, 23.90, 31.12, 22, 84, 4347504
0.23, 1.30, 23.82, 31.01, 22, 84, 4359332
0.23, 1.30, 23.95, 31.19, 22, 84, 4371152
0.23, 1.30, 23.98, 31.22, 22, 84, 4382988
0.23, 1.63, 23.92, 38.94, 22, 84, 4394804
0.23, 1.30, 23.98, 31.22, 22, 84, 4406636
0.23, 1.30, 23.84, 31.05, 22, 84, 4418464
0.23, 1.30, 23.82, 31.01, 22, 84, 4430292
0.23, 1.30, 23.84, 31.05, 23, 84, 4442124
0.23, 1.63, 23.92, 38.94, 23, 84, 4453944
0.23, 1.63, 23.90, 38.90, 23, 84, 4465776
0.23, 1.63, 23.84, 38.81, 23, 84, 4477596
0.24, 1.63, 23.87, 38.85, 23, 84, 4489428
0.24, 1.30, 23.95, 31.19, 23, 84, 4501244
0.24, 1.30, 23.87, 31.08, 23, 84, 4513080
0.24, 1.63, 23.92, 38.94, 23, 84, 4524900
0.24, 1.63, 23.92, 38.94, 23, 84, 4536724
0.25, 1.63, 23.90, 38.90, 23, 84, 4548556
0.25, 1.63, 23.87, 38.85, 23, 84, 4560376
0.25, 1.63, 23.82, 38.76, 23, 84, 4572212
0.25, 1.30, 23.98, 31.22, 23, 84, 4584032
0.25, 1.30, 23.95, 31.19, 23, 84, 4595860
0.25, 1.63, 23.92, 38.94, 23, 84, 4607684
0.25, 1.63, 23.87, 38.85, 23, 84, 4619516
0.25, 1.63, 23.90, 38.90, 23, 84, 4631336
0.25, 1.63, 23.87, 38.85, 24, 84, 4643164
0.25, 1.63, 23.98, 39.03, 24, 84, 4654988
0.25, 1.30, 23.95, 31.19, 24, 84, 4666816
0.25, 1.63, 23.92, 38.94, 24, 84, 4678648
0.26, 1.95, 23.92, 46.73, 24, 84, 4690464
0.26, 1.95, 23.90, 46.67, 24, 84, 4702300
0.26, 1.63, 23.87, 38.85, 24, 84, 4714120
0.27, 1.95, 23.82, 46.52, 24, 84, 4725956
0.27, 1.63, 23.95, 38.98, 24, 85, 4737776
0.27, 1.63, 23.92, 38.94, 24, 84, 4749604
0.27, 1.95, 23.90, 46.67, 24, 84, 4761424
0.27, 1.95, 23.90, 46.67, 24, 84, 4773252
0.27, 1.63, 23.84, 38.81, 24, 84, 4785084
0.27, 1.63, 23.90, 38.90, 24, 84, 4796908
0.27, 1.63, 23.92, 38.94, 24, 84, 4808744
0.27, 1.63, 23.95, 38.98, 24, 84, 4820564
0.27, 1.95, 23.92, 46.73, 24, 84, 4832400
0.27, 1.95, 23.82, 46.52, 25, 84, 4844224
0.27, 1.95, 23.87, 46.62, 25, 84, 4856060
0.27, 1.63, 23.82, 38.76, 25, 84, 4867880
0.28, 1.95, 23.82, 46.52, 25, 84, 4879708
0.28, 1.63, 23.95, 38.98, 25, 84, 4891536
0.28, 1.63, 23.98, 39.03, 25, 84, 4903364
0.29, 1.95, 23.98, 46.83, 25, 84, 4915200
0.29, 1.95, 23.92, 46.73, 25, 84, 4927036
0.29, 1.95, 23.87, 46.62, 25, 84, 4938856
0.29, 1.95, 23.84, 46.57, 25, 84, 4950676
0.29, 1.95, 23.87, 46.62, 25, 84, 4962512
0.29, 1.95, 23.79, 46.46, 25, 84, 4974336
0.29, 2.28, 23.87, 54.39, 25, 84, 4986168
0.29, 1.95, 23.98, 46.83, 25, 84, 4997988
0.29, 1.95, 23.92, 46.73, 25, 84, 5009816
0.29, 1.95, 23.98, 46.83, 25, 84, 5021648
0.29, 1.95, 23.84, 46.57, 25, 84, 5033472
0.29, 2.28, 23.90, 54.45, 26, 84, 5045304
0.29, 1.95, 23.74, 46.36, 26, 84, 5057128
0.29, 2.28, 23.76, 54.15, 26, 84, 5068960
0.30, 2.28, 23.92, 54.52, 26, 84, 5080784
0.30, 2.28, 23.79, 54.21, 26, 84, 5092620
0.31, 2.28, 23.79, 54.21, 26, 84, 5104440
0.31, 2.28, 23.90, 54.45, 26, 84, 5116268
0.31, 2.28, 23.90, 54.45, 26, 84, 5128096
0.31, 2.60, 23.90, 62.23, 26, 84, 5139924
0.31, 2.28, 23.92, 54.52, 26, 84, 5151760
0.32, 2.28, 23.82, 54.27, 26, 84, 5163580
0.32, 2.28, 23.79, 54.21, 26, 84, 5175412
0.32, 2.28, 23.87, 54.39, 26, 84, 5187248
0.32, 2.28, 23.92, 54.52, 26, 85, 5199068
0.32, 2.28, 23.90, 54.45, 26, 84, 5210892
0.32, 2.28, 23.92, 54.52, 26, 84, 5222724
0.32, 2.28, 23.92, 54.52, 26, 84, 5234548
0.32, 2.28, 23.95, 54.58, 27, 84, 5246376
0.32, 2.60, 23.90, 62.23, 27, 84, 5258212
0.32, 2.60, 23.82, 62.02, 27, 84, 5270032
0.32, 2.28, 23.76, 54.15, 27, 84, 5281868
0.33, 2.28, 23.90, 54.45, 27, 84, 5293688
0.33, 2.28, 23.95, 54.58, 27, 84, 5305520
0.34, 2.60, 23.87, 62.16, 27, 84, 5317340
0.34, 2.60, 23.87, 62.16, 27, 84, 5329172
0.34, 2.60, 23.90, 62.23, 27, 84, 5340996
0.34, 2.60, 23.87, 62.16, 27, 84, 5352824
0.34, 2.60, 23.92, 62.30, 27, 84, 5364652
0.34, 2.60, 23.82, 62.02, 27, 84, 5376480
0.34, 2.60, 23.92, 62.30, 27, 84, 5388328
0.34, 2.28, 23.98, 54.64, 27, 85, 5400136
0.34, 2.28, 23.95, 54.58, 27, 84, 5411968
0.34, 2.60, 23.92, 62.30, 27, 84, 5423792
0.34, 2.28, 23.95, 54.58, 27, 84, 5435628
0.34, 2.28, 23.92, 54.52, 28, 84, 5447448
0.34, 2.60, 23.92, 62.30, 28, 84, 5459276
0.34, 2.60, 23.74, 61.81, 28, 84, 5471104
0.35, 2.60, 23.74, 61.81, 28, 84, 5482928
0.35, 2.93, 23.76, 69.62, 28, 84, 5494764
0.36, 2.60, 23.92, 62.30, 28, 84, 5506588
0.36, 2.60, 23.95, 62.37, 28, 84, 5518420
0.36, 2.93, 23.95, 70.17, 28, 84, 5530244
0.37, 2.93, 23.87, 69.93, 28, 84, 5542080
0.37, 2.93, 23.87, 69.93, 28, 84, 5553904
0.37, 2.93, 23.87, 69.93, 28, 84, 5565736
0.37, 2.93, 23.76, 69.62, 28, 84, 5577560
0.37, 2.93, 23.82, 69.77, 28, 84, 5589384
0.37, 2.93, 23.74, 69.54, 28, 84, 5601220
0.37, 2.60, 23.95, 62.37, 28, 84, 5613044
0.37, 2.60, 23.98, 62.44, 28, 84, 5624876
0.37, 2.93, 23.90, 70.01, 28, 84, 5636692
0.37, 2.60, 24.03, 62.58, 29, 84, 5648540
0.37, 2.93, 23.79, 69.70, 29, 84, 5660348
0.37, 2.93, 23.68, 69.38, 29, 84, 5672180
0.37, 2.93, 23.95, 70.17, 29, 84, 5684000
0.38, 2.93, 23.90, 70.01, 29, 84, 5695828
0.39, 2.93, 23.90, 70.01, 29, 84, 5707652
0.39, 3.26, 23.84, 77.62, 29, 85, 5719476
0.39, 3.26, 23.82, 77.53, 29, 84, 5731308
0.39, 2.93, 23.74, 69.54, 29, 84, 5743128
0.39, 3.26, 23.76, 77.35, 29, 84, 5754964
0.39, 3.26, 23.90, 77.79, 29, 84, 5766784
0.39, 2.93, 23.79, 69.70, 29, 84, 5778620
0.39, 3.26, 23.87, 77.70, 29, 84, 5790440
0.39, 3.26, 23.87, 77.70, 29, 84, 5802268
0.39, 3.26, 23.76, 77.35, 29, 84, 5814092
0.39, 3.26, 23.84, 77.62, 29, 84, 5825920
0.39, 3.26, 23.76, 77.35, 29, 84, 5837756
0.40, 2.93, 23.95, 70.17, 30, 84, 5849576
0.39, 3.26, 23.92, 77.88, 30, 84, 5861408
0.40, 3.58, 23.87, 85.47, 30, 84, 5873232
0.40, 3.58, 23.84, 85.38, 30, 84, 5885064
0.41, 3.58, 23.82, 85.28, 30, 84, 5896884
0.41, 3.58, 23.90, 85.57, 30, 84, 5908732
0.42, 3.26, 23.98, 78.05, 30, 85, 5920536
0.42, 3.26, 23.87, 77.70, 30, 84, 5932360
0.42, 3.58, 23.82, 85.28, 30, 84, 5944188
0.42, 3.58, 23.84, 85.38, 30, 84, 5956016
0.42, 3.58, 23.87, 85.47, 30, 84, 5967848
0.42, 3.58, 23.71, 84.89, 30, 84, 5979668
0.42, 3.58, 23.74, 84.99, 30, 84, 5991500
0.42, 3.58, 23.95, 85.76, 30, 84, 6003320
0.42, 3.26, 23.95, 77.97, 30, 84, 6015156
0.42, 3.58, 23.90, 85.57, 30, 84, 6026972
0.42, 3.91, 23.87, 93.24, 30, 84, 6038804
0.43, 3.58, 23.63, 84.60, 31, 84, 6050628
0.42, 3.58, 23.74, 84.99, 31, 84, 6062452
0.43, 3.58, 23.84, 85.38, 31, 84, 6074280
0.43, 3.91, 23.84, 93.14, 31, 84, 6086108
0.44, 3.91, 23.90, 93.35, 31, 84, 6097944
0.44, 3.91, 23.84, 93.14, 31, 84, 6109764
0.45, 3.91, 23.87, 93.24, 31, 84, 6121596
0.45, 3.91, 23.76, 92.82, 31, 84, 6133420
0.45, 3.91, 23.71, 92.61, 31, 84, 6145252
0.45, 3.91, 23.84, 93.14, 31, 84, 6157072
0.45, 3.58, 23.90, 85.57, 31, 84, 6168904
0.45, 4.23, 23.84, 100.90, 31, 84, 6180728
0.45, 3.91, 23.76, 92.82, 31, 84, 6192552
0.45, 3.91, 23.68, 92.51, 31, 84, 6204384
0.45, 3.58, 23.95, 85.76, 31, 84, 6216204
0.45, 3.58, 23.95, 85.76, 31, 84, 6228036
0.45, 4.23, 23.92, 101.24, 31, 84, 6239856
0.46, 4.23, 23.82, 100.79, 32, 84, 6251688
0.46, 4.23, 23.68, 100.21, 32, 84, 6263508
0.46, 3.91, 23.71, 92.61, 32, 84, 6275340
0.47, 3.91, 23.76, 92.82, 32, 84, 6287172
0.47, 3.91, 23.95, 93.56, 32, 84, 6298984
0.47, 4.56, 23.84, 108.66, 32, 84, 6310812
0.48, 4.23, 23.68, 100.21, 32, 84, 6322636
0.48, 4.23, 23.57, 99.76, 32, 84, 6334468
0.48, 3.91, 23.90, 93.35, 32, 84, 6346288
0.48, 3.91, 24.01, 93.77, 32, 84, 6358120
0.48, 4.23, 23.79, 100.67, 32, 84, 6369944
0.48, 4.56, 23.82, 108.54, 32, 84, 6381776
0.48, 4.23, 23.63, 99.99, 32, 84, 6393592
0.48, 4.56, 23.74, 108.17, 32, 84, 6405428
0.48, 4.23, 23.90, 101.13, 32, 84, 6417248
0.48, 4.23, 23.87, 101.01, 32, 84, 6429076
0.48, 4.56, 23.87, 108.78, 32, 84, 6440912
0.48, 4.23, 23.74, 100.44, 33, 84, 6452736
0.48, 4.56, 23.76, 108.29, 33, 84, 6464568
0.49, 4.56, 23.74, 108.17, 33, 84, 6476392
0.50, 4.23, 23.90, 101.13, 33, 84, 6488224
0.50, 4.23, 23.87, 101.01, 33, 84, 6500044
0.51, 4.56, 23.90, 108.91, 33, 84, 6511880
0.51, 4.88, 23.87, 116.55, 33, 84, 6523700
0.51, 4.88, 23.79, 116.16, 33, 84, 6535524
0.51, 4.56, 23.79, 108.42, 33, 84, 6547364
0.52, 4.56, 23.92, 109.03, 33, 84, 6559180
0.52, 4.23, 23.92, 101.24, 33, 84, 6571012
0.52, 4.88, 23.74, 115.90, 33, 84, 6582832
0.52, 5.21, 23.82, 124.04, 33, 84, 6594664
0.52, 4.23, 23.79, 100.67, 33, 84, 6606488
0.52, 4.56, 23.65, 107.80, 33, 84, 6618320
0.52, 4.23, 23.98, 101.47, 33, 84, 6630140
0.52, 4.56, 23.84, 108.66, 33, 84, 6641972
0.52, 5.21, 23.90, 124.47, 34, 84, 6653796
0.52, 4.88, 23.63, 115.37, 34, 84, 6665620
0.53, 4.56, 23.63, 107.68, 34, 84, 6677452
0.53, 4.88, 23.82, 116.29, 34, 84, 6689276
0.54, 4.56, 23.90, 108.91, 34, 84, 6701108
0.54, 5.21, 23.87, 124.32, 34, 84, 6712928
0.54, 5.21, 23.92, 124.61, 34, 84, 6724764
0.55, 5.21, 23.68, 123.34, 34, 84, 6736588
0.55, 5.21, 23.82, 124.04, 34, 84, 6748416
0.55, 4.56, 23.92, 109.03, 34, 84, 6760240
0.55, 4.88, 23.84, 116.42, 34, 84, 6772064
0.55, 5.21, 23.87, 124.32, 34, 84, 6783892
0.55, 5.21, 23.76, 123.76, 34, 84, 6795716
0.55, 4.88, 23.92, 116.82, 34, 84, 6807568
0.55, 4.88, 23.65, 115.50, 34, 85, 6819372
0.55, 4.88, 23.79, 116.16, 34, 84, 6831204
0.55, 5.21, 23.87, 124.32, 34, 84, 6843028
0.55, 5.21, 23.84, 124.18, 35, 84, 6854860
0.55, 5.21, 23.74, 123.62, 35, 84, 6866680
0.56, 5.21, 23.92, 124.61, 35, 84, 6878516
0.56, 5.21, 23.84, 124.18, 35, 84, 6890336
0.57, 5.21, 23.92, 124.61, 35, 84, 6902164
0.57, 5.21, 24.06, 125.31, 35, 84, 6914000
0.58, 5.21, 23.90, 124.47, 35, 84, 6925820
0.58, 5.53, 23.84, 131.95, 35, 84, 6937652
0.58, 5.53, 23.76, 131.50, 35, 84, 6949476
0.58, 5.53, 23.68, 131.05, 35, 84, 6961312
0.58, 5.21, 23.74, 123.62, 35, 84, 6973132
0.58, 5.53, 23.74, 131.35, 35, 84, 6984964
0.58, 5.21, 23.87, 124.32, 35, 84, 6996784
0.58, 5.86, 23.71, 138.92, 35, 84, 7008632
0.59, 5.86, 23.82, 139.55, 35, 84, 7020448
0.59, 5.86, 23.84, 139.71, 35, 84, 7032276
0.59, 5.86, 23.76, 139.23, 35, 84, 7044112
0.59, 5.53, 23.44, 129.71, 36, 84, 7055932
0.59, 5.86, 23.63, 138.44, 36, 84, 7067764
0.59, 5.53, 23.71, 131.20, 36, 84, 7079588
0.60, 5.53, 23.90, 132.24, 36, 84, 7091424
0.61, 5.86, 23.84, 139.71, 36, 84, 7103244
0.61, 5.53, 23.76, 131.50, 36, 84, 7115084
0.62, 5.86, 23.71, 138.92, 36, 84, 7126900
0.62, 6.18, 23.71, 146.63, 36, 84, 7138732
0.62, 6.51, 23.68, 154.18, 36, 84, 7150560
0.62, 5.53, 24.01, 132.84, 36, 84, 7162384
0.62, 5.53, 23.98, 132.69, 36, 84, 7174216
0.62, 6.18, 23.82, 147.30, 36, 84, 7186036
0.62, 6.51, 23.84, 155.23, 36, 84, 7197872
0.62, 6.51, 23.79, 154.88, 36, 84, 7209692
0.62, 6.18, 23.74, 146.80, 36, 84, 7221528
0.62, 5.86, 23.68, 138.76, 36, 84, 7233348
0.62, 5.86, 23.74, 139.08, 36, 84, 7245172
0.62, 6.18, 23.82, 147.30, 37, 84, 7257000
0.62, 5.86, 23.87, 139.87, 37, 84, 7268844
0.62, 6.84, 23.98, 163.91, 37, 84, 7280660
0.62, 6.51, 23.65, 154.00, 37, 84, 7292484
0.63, 6.18, 23.55, 145.63, 37, 84, 7304312
0.64, 6.18, 23.82, 147.30, 37, 84, 7316136
0.64, 6.18, 23.68, 146.47, 37, 84, 7327968
0.65, 6.84, 23.92, 163.55, 37, 84, 7339788
0.65, 6.51, 23.79, 154.88, 37, 84, 7351624
0.65, 6.84, 23.71, 162.07, 37, 84, 7363444
0.65, 6.51, 23.44, 152.60, 37, 84, 7375272
0.65, 6.51, 23.60, 153.65, 37, 84, 7387104
0.65, 6.51, 24.03, 156.46, 37, 84, 7398924
0.65, 6.18, 23.87, 147.64, 37, 84, 7410756
0.66, 6.84, 23.92, 163.55, 37, 84, 7422580
0.66, 6.84, 23.84, 162.99, 37, 84, 7434416
0.66, 6.84, 23.71, 162.07, 37, 84, 7446236
0.66, 6.84, 23.68, 161.89, 38, 84, 7458072
0.66, 6.51, 23.68, 154.18, 38, 84, 7469896
0.66, 7.16, 23.65, 169.40, 38, 84, 7481724
0.66, 6.84, 23.76, 162.44, 38, 84, 7493548
0.67, 6.84, 23.95, 163.73, 38, 84, 7505380
0.68, 6.84, 23.95, 163.73, 38, 84, 7517212
0.68, 6.84, 23.90, 163.36, 38, 84, 7529048
0.68, 7.81, 23.76, 185.64, 38, 84, 7540868
0.69, 6.84, 23.76, 162.44, 38, 84, 7552688
0.69, 6.84, 23.76, 162.44, 38, 84, 7564520
0.69, 6.84, 23.87, 163.18, 38, 84, 7576340
0.69, 6.84, 23.82, 162.81, 38, 84, 7588172
0.69, 7.49, 23.84, 178.52, 38, 84, 7599996
0.69, 7.49, 23.71, 177.51, 38, 84, 7611828
0.69, 7.81, 23.74, 185.43, 38, 84, 7623656
0.69, 7.16, 23.76, 170.17, 38, 84, 7635480
0.69, 7.16, 23.60, 169.02, 38, 84, 7647312
0.69, 7.49, 23.90, 178.92, 39, 84, 7659136
0.69, 7.49, 23.74, 177.71, 39, 84, 7670968
0.69, 7.81, 23.63, 184.59, 39, 84, 7682784
0.69, 7.81, 23.57, 184.17, 39, 84, 7694620
0.70, 7.16, 23.68, 169.59, 39, 84, 7706444
0.71, 7.16, 23.74, 169.98, 39, 84, 7718272
0.72, 7.49, 23.95, 179.32, 39, 84, 7730096
0.72, 8.14, 23.90, 194.48, 39, 84, 7741924
0.72, 7.81, 23.71, 185.22, 39, 84, 7753752
0.72, 7.81, 23.52, 183.75, 39, 84, 7765576
0.72, 8.14, 23.52, 191.40, 39, 84, 7777412
0.73, 7.49, 23.84, 178.52, 39, 84, 7789228
0.73, 7.49, 24.01, 179.73, 39, 84, 7801064
0.73, 8.14, 23.84, 194.04, 39, 84, 7812888
0.73, 7.81, 23.90, 186.70, 39, 84, 7824716
0.73, 8.14, 23.74, 193.16, 39, 84, 7836544
0.73, 7.49, 23.47, 175.69, 39, 84, 7848368
0.73, 7.81, 23.63, 184.59, 40, 84, 7860200
0.73, 7.49, 23.92, 179.12, 40, 84, 7872024
0.73, 8.14, 24.01, 195.36, 40, 84, 7883852
0.73, 8.46, 23.60, 199.75, 40, 84, 7895676
0.74, 7.49, 23.92, 179.12, 40, 84, 7907524
0.75, 8.14, 23.47, 190.97, 40, 84, 7919332
0.75, 7.81, 23.98, 187.33, 40, 84, 7931160
0.76, 8.46, 23.95, 202.71, 40, 84, 7942984
0.76, 8.14, 23.84, 194.04, 40, 84, 7954812
0.76, 8.46, 23.71, 200.66, 40, 84, 7966636
0.76, 8.46, 23.47, 198.60, 40, 84, 7978460
0.76, 8.46, 23.60, 199.75, 40, 84, 7990296
0.76, 7.81, 24.03, 187.75, 40, 84, 8002116
0.76, 8.14, 23.92, 194.70, 40, 84, 8013952
0.76, 8.79, 23.60, 207.43, 40, 84, 8025768
0.76, 8.79, 23.76, 208.85, 40, 84, 8037604
0.76, 8.46, 23.52, 199.06, 40, 84, 8049424
0.76, 9.11, 23.63, 215.36, 41, 84, 8061260
0.76, 8.46, 23.82, 201.57, 41, 84, 8073076
0.76, 9.44, 23.76, 224.32, 41, 84, 8084904
0.77, 9.44, 23.95, 226.10, 41, 84, 8096740
0.78, 8.46, 23.57, 199.52, 41, 84, 8108560
0.78, 8.79, 23.71, 208.38, 41, 84, 8120392
0.79, 9.11, 23.82, 217.08, 41, 84, 8132212
0.79, 8.79, 23.90, 210.04, 41, 84, 8144044
0.79, 9.44, 23.68, 223.56, 41, 84, 8155868
0.79, 8.79, 23.79, 209.09, 41, 84, 8167716
0.79, 8.46, 23.63, 199.97, 41, 84, 8179520
0.80, 8.79, 23.68, 208.14, 41, 84, 8191348
0.80, 9.44, 23.65, 223.30, 41, 84, 8203172
0.80, 9.44, 23.65, 223.30, 41, 84, 8215000
0.80, 8.46, 23.82, 201.57, 41, 84, 8226836
0.80, 8.79, 23.52, 206.72, 41, 85, 8238656
0.80, 8.79, 23.79, 209.09, 41, 84, 8250488
0.80, 9.11, 23.87, 217.57, 42, 84, 8262308
0.80, 10.09, 23.65, 238.70, 42, 84, 8274140
0.80, 9.44, 23.52, 222.03, 42, 84, 8285960
0.80, 10.09, 23.60, 238.16, 42, 84, 8297796
0.81, 8.79, 23.87, 209.80, 42, 84, 8309616
0.82, 9.77, 23.82, 232.58, 42, 84, 8321444
0.82, 9.77, 23.98, 234.16, 42, 84, 8333276
0.83, 9.77, 23.60, 230.48, 42, 84, 8345104
0.83, 9.44, 23.38, 220.76, 42, 84, 8356936
0.83, 9.44, 23.92, 225.85, 42, 84, 8368760
0.83, 9.44, 23.47, 221.52, 42, 84, 8380592
0.83, 10.09, 23.76, 239.79, 42, 84, 8392416
0.83, 9.77, 23.82, 232.58, 42, 84, 8404252
0.83, 10.09, 23.38, 235.98, 42, 84, 8416072
0.83, 10.42, 23.44, 244.15, 42, 84, 8427904
0.83, 9.44, 23.71, 223.81, 42, 84, 8439736
0.83, 9.77, 23.76, 232.06, 42, 84, 8451556
0.83, 10.09, 23.92, 241.42, 43, 84, 8463388
0.83, 10.09, 23.49, 237.07, 43, 84, 8475208
0.83, 10.42, 23.65, 246.40, 43, 84, 8487040
0.84, 10.42, 23.84, 248.37, 43, 84, 8498864
0.85, 10.42, 23.84, 248.37, 43, 84, 8510696
0.86, 10.74, 23.65, 254.10, 43, 84, 8522516
0.86, 10.74, 23.71, 254.68, 43, 84, 8534344
0.86, 10.09, 23.57, 237.89, 43, 84, 8546168
0.86, 10.42, 23.84, 248.37, 43, 84, 8557996
0.86, 11.07, 23.84, 263.89, 43, 84, 8569828
0.86, 10.74, 23.41, 251.49, 43, 84, 8581648
0.86, 10.42, 23.44, 244.15, 43, 84, 8593484
0.87, 10.09, 23.76, 239.79, 43, 84, 8605304
0.87, 10.09, 24.11, 243.33, 43, 84, 8617140
0.87, 10.42, 23.76, 247.53, 43, 84, 8628980
0.87, 11.07, 23.79, 263.29, 43, 84, 8640800
0.88, 10.74, 23.22, 249.47, 43, 84, 8652620
0.87, 10.42, 23.57, 245.56, 44, 84, 8664448
0.87, 10.09, 23.95, 241.70, 44, 84, 8676276
0.87, 11.39, 23.76, 270.73, 44, 84, 8688100
0.87, 11.39, 23.68, 269.81, 44, 84, 8699932
0.88, 10.42, 23.79, 247.81, 44, 84, 8711752
0.88, 10.74, 23.74, 254.97, 44, 84, 8723584
0.89, 11.07, 23.84, 263.89, 44, 84, 8735408
0.88, 11.39, 23.71, 270.12, 44, 84, 8747244
0.89, 10.74, 23.41, 251.49, 44, 85, 8759064
0.89, 11.07, 23.44, 259.41, 44, 84, 8770892
0.89, 11.07, 23.90, 264.49, 44, 84, 8782720
0.89, 11.07, 23.87, 264.19, 44, 84, 8794544
0.89, 11.39, 23.65, 269.50, 44, 84, 8806380
0.89, 10.42, 23.79, 247.81, 44, 84, 8818200
0.89, 10.74, 23.87, 256.42, 44, 84, 8830032
0.90, 11.39, 23.71, 270.12, 44, 84, 8841856
0.90, 11.39, 23.65, 269.50, 44, 84, 8853688
0.89, 11.07, 23.38, 258.82, 45, 84, 8865508
0.89, 11.07, 23.38, 258.82, 45, 84, 8877344
0.89, 11.07, 23.36, 258.52, 45, 84, 8889180
0.90, 10.74, 23.87, 256.42, 45, 84, 8900992
0.91, 12.04, 23.79, 286.53, 45, 84, 8912832
0.92, 11.07, 23.52, 260.31, 45, 84, 8924648
0.92, 11.39, 23.49, 267.66, 45, 84, 8936480
0.93, 11.72, 23.92, 280.36, 45, 84, 8948304
0.93, 12.37, 23.65, 292.60, 45, 84, 8960136
0.93, 11.39, 23.60, 268.89, 45, 84, 8971960
0.93, 11.39, 23.60, 268.89, 45, 84, 8983788
0.93, 11.39, 23.90, 272.27, 45, 84, 8995612
0.93, 11.39, 23.74, 270.42, 45, 84, 9007440
0.93, 11.72, 23.28, 272.78, 45, 84, 9019264
0.93, 11.39, 23.92, 272.58, 45, 84, 9031092
0.93, 10.74, 23.87, 256.42, 45, 84, 9042924
0.93, 12.37, 23.49, 290.60, 45, 84, 9054744
0.93, 11.72, 23.30, 273.09, 46, 84, 9066576
0.93, 12.04, 23.65, 284.90, 46, 84, 9078400
0.93, 11.72, 24.09, 282.26, 46, 84, 9090232
0.94, 13.02, 23.60, 307.30, 46, 84, 9102052
0.95, 12.70, 23.47, 297.91, 46, 84, 9113884
0.96, 12.04, 23.57, 283.93, 46, 84, 9125704
0.96, 12.04, 23.74, 285.88, 46, 84, 9137528
0.96, 12.04, 23.90, 287.83, 46, 84, 9149380
0.96, 12.37, 23.52, 290.93, 46, 85, 9161184
0.96, 12.04, 23.65, 284.90, 46, 84, 9173016
0.96, 12.70, 23.95, 304.07, 46, 84, 9184840
0.96, 12.37, 24.03, 297.27, 46, 84, 9196680
0.96, 11.72, 23.95, 280.68, 46, 84, 9208496
0.96, 13.02, 23.17, 301.68, 46, 84, 9220336
0.96, 11.39, 23.60, 268.89, 46, 84, 9232156
0.96, 12.70, 23.82, 302.36, 46, 84, 9243984
0.96, 13.02, 23.65, 308.00, 46, 84, 9255812
0.96, 13.02, 23.65, 308.00, 47, 84, 9267656
0.96, 12.37, 23.28, 287.93, 47, 84, 9279472
0.96, 13.02, 23.68, 308.35, 47, 84, 9291296
0.97, 13.35, 23.71, 316.42, 47, 84, 9303128
0.98, 12.70, 23.38, 296.88, 47, 84, 9314952
0.98, 12.70, 23.60, 299.62, 47, 84, 9326784
0.99, 13.35, 23.74, 316.78, 47, 84, 9338604
0.99, 13.67, 23.71, 324.14, 47, 84, 9350440
0.99, 14.00, 23.36, 326.95, 47, 84, 9362260
1.00, 13.02, 23.38, 304.49, 47, 84, 9374084
1.00, 13.02, 23.76, 309.41, 47, 84, 9385920
1.00, 14.00, 23.49, 328.84, 47, 84, 9397740
1.00, 13.67, 23.41, 320.08, 47, 84, 9409572
1.00, 12.70, 23.74, 301.33, 47, 84, 9421396
1.00, 12.37, 23.82, 294.60, 47, 84, 9433228
1.00, 14.00, 23.41, 327.70, 47, 84, 9445048
1.00, 13.35, 23.47, 313.18, 47, 84, 9456884
1.00, 12.70, 23.52, 298.59, 48, 84, 9468712
1.00, 13.35, 23.71, 316.42, 48, 84, 9480536
1.01, 14.32, 23.52, 336.87, 48, 84, 9492364
1.01, 13.67, 23.36, 319.35, 48, 84, 9504196
1.02, 13.35, 23.14, 308.86, 48, 84, 9516028
1.01, 13.02, 23.01, 299.57, 48, 84, 9527868
1.01, 14.00, 23.84, 333.75, 48, 84, 9539684
1.01, 14.00, 23.68, 331.48, 48, 84, 9551508
1.01, 13.35, 23.49, 313.54, 48, 84, 9563340
1.01, 14.32, 23.79, 340.73, 48, 84, 9575164
1.01, 13.67, 23.44, 320.45, 48, 84, 9587000
1.01, 13.67, 23.33, 318.98, 48, 85, 9598820
1.01, 13.67, 23.87, 326.35, 48, 84, 9610644
1.01, 14.00, 23.90, 334.50, 48, 84, 9622480
1.01, 14.65, 23.30, 341.37, 48, 84, 9634300
1.01, 14.00, 23.30, 326.19, 48, 84, 9646132
1.01, 14.65, 23.63, 346.11, 48, 84, 9657952
1.01, 14.97, 23.74, 355.41, 49, 84, 9669784
1.01, 13.67, 23.55, 321.93, 49, 84, 9681608
1.01, 13.35, 23.82, 317.86, 49, 84, 9693440
1.01, 14.65, 23.33, 341.76, 49, 84, 9705260
1.02, 14.32, 23.65, 338.80, 49, 84, 9717092
1.03, 13.67, 23.65, 323.40, 49, 84, 9728916
1.03, 14.32, 23.71, 339.58, 49, 85, 9740744
1.04, 14.32, 23.98, 343.44, 49, 84, 9752580
1.04, 14.97, 23.44, 350.97, 49, 84, 9764404
1.05, 14.97, 23.22, 347.74, 49, 84, 9776236
1.05, 14.00, 23.47, 328.46, 49, 84, 9788076
1.05, 14.65, 23.84, 349.27, 49, 84, 9799892
1.05, 15.30, 23.44, 358.60, 49, 84, 9811712
1.05, 15.63, 23.38, 365.39, 49, 84, 9823548
1.06, 14.65, 23.82, 348.87, 49, 84, 9835372
1.06, 15.63, 23.47, 366.65, 49, 84, 9847200
1.06, 15.30, 23.60, 361.08, 49, 84, 9859036
1.06, 14.00, 23.49, 328.84, 50, 84, 9870856
1.06, 14.00, 23.63, 330.73, 50, 84, 9882692
1.06, 15.63, 23.44, 366.23, 50, 84, 9894512
1.07, 15.30, 23.30, 356.54, 50, 84, 9906348
1.08, 14.65, 23.63, 346.11, 50, 84, 9918172
1.08, 14.97, 23.82, 356.63, 50, 84, 9930004
1.09, 16.28, 23.52, 382.81, 50, 84, 9941824
1.10, 15.30, 23.33, 356.95, 50, 84, 9953652
1.10, 15.63, 23.76, 371.29, 50, 84, 9965480
1.10, 15.30, 23.38, 357.78, 50, 84, 9977304
1.10, 15.30, 23.25, 355.71, 50, 84, 9989136
1.10, 15.63, 23.74, 370.87, 50, 84, 10000956
1.10, 16.28, 23.55, 383.25, 50, 84, 10012792
1.10, 14.65, 23.82, 348.87, 50, 84, 10024616
1.10, 15.63, 23.63, 369.18, 50, 84, 10036444
1.10, 14.97, 23.41, 350.57, 50, 84, 10048268
1.10, 15.63, 23.22, 362.86, 50, 84, 10060100
1.10, 15.63, 23.55, 367.92, 51, 84, 10071920
1.10, 15.63, 23.22, 362.86, 51, 84, 10083748
1.10, 14.97, 23.63, 353.80, 51, 84, 10095580
1.11, 16.28, 23.25, 378.42, 51, 84, 10107400
1.12, 15.63, 23.33, 364.55, 51, 84, 10119232
1.13, 16.60, 23.90, 396.73, 51, 84, 10131056
1.13, 16.60, 23.33, 387.33, 51, 84, 10142888
1.13, 14.97, 23.68, 354.61, 51, 84, 10154704
1.13, 16.28, 23.63, 384.56, 51, 84, 10166540
1.13, 15.63, 23.30, 364.12, 51, 84, 10178360
1.14, 15.30, 23.57, 360.67, 51, 84, 10190184
1.14, 16.60, 23.41, 388.67, 51, 84, 10202012
1.14, 15.95, 23.25, 370.85, 51, 84, 10213840
1.14, 16.28, 23.76, 386.76, 51, 84, 10225672
1.14, 15.95, 23.33, 372.14, 51, 84, 10237492
1.14, 16.60, 23.17, 384.64, 51, 84, 10249344
1.14, 16.28, 23.20, 377.54, 51, 84, 10261144
1.14, 15.95, 23.22, 370.42, 52, 84, 10272980
1.14, 15.63, 23.98, 374.66, 52, 84, 10284800
1.14, 16.60, 23.55, 390.91, 52, 84, 10296632
1.15, 15.95, 23.82, 379.88, 52, 84, 10308456
1.16, 18.23, 23.44, 427.27, 52, 84, 10320284
1.16, 16.60, 23.25, 385.99, 52, 84, 10332120
1.17, 16.60, 23.87, 396.29, 52, 84, 10343940
1.17, 16.93, 23.76, 402.23, 52, 84, 10355780
1.17, 16.60, 23.49, 390.02, 52, 84, 10367600
1.17, 16.28, 23.65, 385.00, 52, 84, 10379436
1.17, 17.25, 23.06, 397.87, 52, 84, 10391256
1.17, 16.60, 23.30, 386.88, 52, 84, 10403092
1.17, 16.93, 23.90, 404.51, 52, 84, 10414916
1.17, 17.25, 23.60, 407.17, 52, 84, 10426744
1.17, 16.28, 23.57, 383.69, 52, 84, 10438568
1.17, 17.58, 23.44, 412.01, 52, 84, 10450400
1.17, 16.93, 23.20, 392.64, 52, 84, 10462232
1.17, 16.28, 23.84, 388.08, 53, 84, 10474060
1.17, 17.90, 23.49, 420.61, 53, 84, 10485888
1.17, 16.28, 23.63, 384.56, 53, 84, 10497716
1.19, 16.60, 23.47, 389.57, 53, 84, 10509564
1.19, 16.60, 23.76, 394.49, 53, 85, 10521368
1.19, 16.60, 23.76, 394.49, 53, 84, 10533196
1.20, 17.90, 23.09, 413.36, 53, 84, 10545024
1.20, 17.25, 23.82, 410.90, 53, 84, 10556852
1.20, 17.58, 23.22, 408.22, 53, 84, 10568688
1.20, 16.60, 23.57, 391.36, 53, 85, 10580512
1.20, 16.60, 23.76, 394.49, 53, 84, 10592348
1.20, 17.90, 23.12, 413.85, 53, 84, 10604164
1.20, 17.58, 23.17, 407.27, 53, 84, 10616004
1.20, 17.25, 23.84, 411.36, 53, 84, 10627840
1.20, 18.23, 23.68, 431.70, 53, 84, 10639660
1.20, 18.23, 23.74, 432.68, 53, 84, 10651480
1.20, 18.55, 23.33, 432.90, 53, 84, 10663304
1.20, 17.25, 23.57, 406.71, 54, 84, 10675140
1.20, 18.55, 23.28, 431.90, 54, 84, 10686964
1.20, 17.58, 23.30, 409.64, 54, 84, 10698796
1.21, 18.55, 23.65, 438.90, 54, 84, 10710620
1.22, 19.21, 23.38, 449.12, 54, 84, 10722456
1.22, 18.88, 23.79, 449.15, 54, 84, 10734276
1.22, 19.21, 23.38, 449.12, 54, 84, 10746112
1.23, 18.23, 23.63, 430.71, 54, 84, 10757936
1.23, 18.88, 23.17, 437.44, 54, 84, 10769780
1.23, 18.88, 22.95, 433.36, 54, 84, 10781596
1.23, 18.55, 24.33, 451.42, 54, 84, 10793420
1.23, 19.86, 23.20, 460.60, 54, 84, 10805252
1.23, 17.58, 23.95, 421.02, 54, 84, 10817076
1.23, 19.21, 23.57, 452.75, 54, 84, 10828908
1.23, 18.23, 23.20, 422.85, 54, 84, 10840732
1.23, 18.55, 23.79, 441.41, 54, 84, 10852568
1.23, 20.18, 23.06, 465.43, 54, 84, 10864388
1.23, 18.55, 23.33, 432.90, 55, 84, 10876224
1.23, 19.53, 23.84, 465.69, 55, 84, 10888060
1.24, 18.23, 23.49, 428.25, 55, 84, 10899872
1.25, 19.53, 23.79, 464.64, 55, 84, 10911708
1.25, 19.21, 23.28, 447.05, 55, 84, 10923532
1.26, 18.55, 24.03, 445.91, 55, 84, 10935360
1.26, 19.21, 23.87, 458.45, 55, 84, 10947180
1.26, 19.86, 23.84, 473.45, 55, 84, 10959012
1.26, 20.18, 22.85, 461.07, 55, 84, 10970836
1.26, 18.55, 23.63, 438.40, 55, 84, 10982668
1.26, 19.53, 23.14, 451.99, 55, 84, 10994488
1.26, 19.53, 23.71, 463.06, 55, 84, 11006312
1.26, 21.16, 22.98, 486.24, 55, 84, 11018140
1.26, 18.88, 23.57, 445.08, 55, 84, 11029972
1.26, 20.18, 24.27, 489.92, 55, 84, 11041804
1.26, 18.55, 23.68, 439.40, 55, 84, 11053624
1.26, 19.53, 23.68, 462.53, 55, 84, 11065460
1.26, 19.21, 23.44, 450.16, 56, 84, 11077280
1.26, 20.51, 23.63, 484.55, 56, 84, 11089112
1.27, 19.21, 23.01, 441.87, 56, 84, 11100932
1.28, 19.86, 23.14, 459.53, 56, 84, 11112768
1.28, 20.51, 23.01, 471.83, 56, 84, 11124588
1.28, 20.51, 23.55, 482.89, 56, 84, 11136416
1.29, 19.86, 23.76, 471.85, 56, 84, 11148268
1.29, 20.51, 23.52, 482.34, 56, 85, 11160068
1.29, 21.48, 23.14, 497.19, 56, 84, 11171904
1.29, 19.86, 24.06, 477.74, 56, 84, 11183724
1.29, 21.16, 24.25, 513.06, 56, 84, 11195564
1.29, 19.86, 23.38, 464.35, 56, 84, 11207384
1.29, 20.83, 23.68, 493.37, 56, 84, 11219220
1.29, 20.83, 22.90, 477.07, 56, 84, 11231044
1.29, 20.83, 23.65, 492.80, 56, 84, 11242872
1.29, 22.46, 22.93, 514.95, 56, 84, 11254700
1.29, 21.16, 23.82, 503.93, 56, 84, 11266528
1.29, 21.48, 23.79, 511.10, 57, 84, 11278364
1.29, 19.86, 23.82, 472.92, 57, 84, 11290184
1.29, 21.81, 24.03, 524.14, 57, 84, 11302020
1.29, 20.18, 23.36, 471.42, 57, 84, 11313844
1.30, 21.81, 23.63, 515.32, 57, 84, 11325676
1.31, 20.18, 23.49, 474.14, 57, 84, 11337500
1.31, 21.48, 24.17, 519.21, 57, 84, 11349328
1.32, 22.14, 23.14, 512.26, 57, 84, 11361156
1.32, 22.14, 23.38, 517.63, 57, 84, 11372984
1.32, 22.46, 23.22, 521.61, 57, 84, 11384816
1.32, 21.81, 23.57, 514.14, 57, 84, 11396640
1.32, 21.16, 23.03, 487.38, 57, 84, 11408472
1.32, 22.46, 23.38, 525.25, 57, 84, 11420292
1.32, 21.81, 23.20, 505.90, 57, 84, 11432124
1.32, 22.79, 23.47, 534.70, 57, 84, 11443948
1.32, 21.81, 23.41, 510.61, 57, 84, 11455780
1.32, 23.76, 23.20, 551.21, 57, 84, 11467604
1.32, 21.48, 23.20, 498.35, 58, 84, 11479432
1.32, 22.46, 23.28, 522.82, 58, 84, 11491268
1.32, 21.81, 23.12, 504.14, 58, 84, 11503088
1.32, 21.81, 24.03, 524.14, 58, 84, 11514924
1.33, 24.09, 23.03, 554.86, 58, 84, 11526752
1.34, 23.11, 23.68, 547.33, 58, 84, 11538584
1.34, 22.14, 23.14, 512.26, 58, 84, 11550404
1.35, 23.11, 23.79, 549.82, 58, 84, 11562236
1.35, 22.14, 23.74, 525.40, 58, 84, 11574056
1.35, 22.79, 23.41, 533.47, 58, 84, 11585884
1.34, 22.46, 23.84, 535.55, 58, 84, 11597708
1.35, 25.72, 22.76, 585.42, 58, 84, 11609536
1.35, 22.46, 24.52, 550.69, 58, 84, 11621372
1.36, 22.14, 23.52, 520.62, 58, 84, 11633192
1.36, 23.76, 23.49, 558.26, 58, 84, 11645024
1.35, 23.44, 23.36, 547.45, 58, 84, 11656844
1.35, 24.74, 22.87, 565.85, 58, 84, 11668680
1.35, 23.11, 23.38, 540.47, 59, 84, 11680500
1.35, 24.09, 23.30, 561.36, 59, 84, 11692336
1.34, 24.74, 23.63, 584.54, 59, 84, 11704160
1.35, 23.76, 22.60, 537.11, 59, 84, 11715988
1.36, 23.44, 23.44, 549.35, 59, 84, 11727816
1.36, 23.11, 23.38, 540.47, 59, 84, 11739640
1.37, 24.09, 24.27, 584.75, 59, 84, 11751476
1.37, 22.46, 23.25, 522.22, 59, 84, 11763292
1.37, 24.41, 23.06, 563.02, 59, 84, 11775124
1.37, 23.11, 24.01, 554.81, 59, 84, 11786948
1.38, 25.72, 22.49, 578.48, 59, 84, 11798780
1.38, 23.76, 23.20, 551.21, 59, 84, 11810596
1.37, 24.74, 23.17, 573.19, 59, 84, 11822428
1.37, 26.37, 23.25, 613.04, 59, 84, 11834252
1.37, 23.44, 23.87, 559.46, 59, 84, 11846076
1.37, 25.72, 22.90, 588.88, 59, 84, 11857912
1.37, 23.44, 23.55, 551.88, 59, 84, 11869748
1.37, 24.09, 23.74, 571.75, 60, 84, 11881568
1.37, 27.02, 22.71, 613.60, 60, 84, 11893392
1.37, 22.14, 23.74, 525.40, 60, 84, 11905224
1.38, 26.69, 22.74, 606.93, 60, 84, 11917048
1.39, 24.41, 23.71, 578.82, 60, 84, 11928884
1.39, 24.74, 23.28, 575.86, 60, 84, 11940704
1.40, 26.04, 23.20, 604.06, 60, 84, 11952532
1.40, 25.39, 22.82, 579.38, 60, 84, 11964368
1.40, 25.39, 23.36, 593.07, 60, 84, 11976192
1.40, 24.74, 22.79, 563.85, 60, 84, 11988028
1.40, 24.74, 23.20, 573.86, 60, 84, 11999848
1.40, 23.76, 23.98, 569.80, 60, 84, 12011684
1.40, 24.41, 23.17, 565.65, 60, 84, 12023508
1.40, 25.07, 23.84, 597.64, 60, 84, 12035340
1.40, 25.39, 22.90, 581.43, 60, 84, 12047160
1.40, 27.99, 22.90, 641.06, 60, 84, 12058992
1.40, 24.74, 24.09, 595.88, 60, 84, 12070820
1.41, 26.04, 23.12, 601.96, 61, 84, 12082648
1.41, 25.72, 23.12, 594.43, 61, 84, 12094480
1.41, 25.07, 23.79, 596.29, 61, 84, 12106304
1.41, 25.39, 23.44, 595.13, 61, 84, 12118140
1.42, 26.69, 23.28, 621.33, 61, 84, 12129976
1.42, 27.34, 23.01, 629.10, 61, 84, 12141796
1.43, 28.32, 22.68, 642.41, 61, 84, 12153620
1.43, 25.07, 23.47, 588.17, 61, 84, 12165452
1.43, 26.37, 22.79, 600.95, 61, 84, 12177280
1.43, 24.74, 23.09, 571.19, 61, 84, 12189108
1.43, 24.74, 23.30, 576.53, 61, 84, 12200940
1.44, 25.72, 22.85, 587.50, 61, 84, 12212768
1.43, 26.69, 23.63, 630.69, 61, 84, 12224596
1.44, 26.04, 23.49, 611.79, 61, 84, 12236424
1.44, 25.72, 23.01, 591.66, 61, 84, 12248272
1.43, 26.37, 23.44, 618.02, 61, 84, 12260080
1.43, 26.69, 23.28, 621.33, 61, 84, 12271912
1.44, 26.69, 23.63, 630.69, 62, 84, 12283740
1.43, 25.72, 22.95, 590.27, 62, 84, 12295560
1.43, 25.72, 23.74, 610.39, 62, 84, 12307396
1.44, 26.37, 22.71, 598.81, 62, 84, 12319216
1.45, 28.65, 23.33, 668.33, 62, 84, 12331048
1.45, 26.69, 24.36, 650.12, 62, 84, 12342868
1.46, 27.67, 22.93, 634.36, 62, 84, 12354700
1.46, 27.67, 22.47, 621.67, 62, 84, 12366520
1.46, 27.34, 23.30, 637.22, 62, 84, 12378356
1.46, 27.67, 23.38, 647.04, 62, 84, 12390176
1.46, 26.69, 23.06, 615.57, 62, 84, 12402008
1.46, 27.99, 23.09, 646.35, 62, 84, 12413832
1.46, 27.67, 23.06, 638.09, 62, 84, 12425660
1.46, 26.37, 22.98, 605.93, 62, 84, 12437488
1.46, 28.97, 23.20, 672.02, 62, 84, 12449312
1.46, 27.99, 22.90, 641.06, 62, 84, 12461144
1.46, 27.02, 22.87, 617.97, 62, 84, 12472964
1.46, 26.04, 22.93, 597.04, 63, 84, 12484800
1.47, 27.02, 22.93, 619.43, 63, 84, 12496620
1.47, 27.34, 23.20, 634.27, 63, 84, 12508468
1.47, 28.32, 23.38, 662.27, 63, 85, 12520272
1.48, 26.04, 23.44, 610.39, 63, 84, 12532100
1.49, 28.65, 22.79, 652.88, 63, 84, 12543936
1.49, 27.99, 22.44, 628.23, 63, 84, 12555756
1.49, 27.99, 23.60, 660.70, 63, 84, 12567588
1.49, 29.30, 23.57, 690.64, 63, 84, 12579408
1.49, 27.99, 23.57, 659.94, 63, 84, 12591244
1.49, 26.69, 23.49, 627.09, 63, 84, 12603064
1.50, 28.32, 22.36, 633.24, 63, 84, 12614896
1.50, 28.65, 22.98, 658.29, 63, 84, 12626720
1.50, 27.99, 23.68, 662.96, 63, 84, 12638544
1.50, 28.32, 23.17, 656.16, 63, 84, 12650372
1.50, 26.69, 23.36, 623.49, 63, 84, 12662196
1.49, 28.97, 22.31, 646.23, 63, 84, 12674032
1.50, 28.97, 22.93, 664.21, 64, 84, 12685856
1.50, 26.69, 23.98, 640.04, 64, 84, 12697684
1.49, 27.99, 23.57, 659.94, 64, 84, 12709504
1.50, 29.30, 23.41, 685.89, 64, 84, 12721340
1.51, 28.97, 22.55, 653.27, 64, 84, 12733160
1.51, 29.95, 23.36, 699.52, 64, 84, 12744992
1.52, 29.62, 23.63, 699.91, 64, 84, 12756812
1.52, 29.30, 23.60, 691.43, 64, 84, 12768640
1.53, 28.32, 23.30, 659.98, 64, 84, 12780472
1.53, 27.34, 23.28, 636.48, 64, 84, 12792296
1.52, 29.30, 22.68, 664.56, 64, 84, 12804136
1.53, 29.30, 23.20, 679.57, 64, 84, 12815956
1.52, 29.30, 23.60, 691.43, 64, 84, 12827788
1.52, 27.67, 23.09, 638.83, 64, 84, 12839612
1.52, 29.30, 23.12, 677.20, 64, 84, 12851448
1.53, 28.32, 23.38, 662.27, 64, 84, 12863272
1.53, 29.30, 23.14, 677.99, 64, 84, 12875100
1.53, 29.30, 22.71, 665.35, 65, 84, 12886928
1.53, 27.67, 23.92, 661.97, 65, 84, 12898756
1.52, 28.32, 23.41, 663.03, 65, 84, 12910592
1.53, 27.34, 23.52, 643.12, 65, 84, 12922412
1.54, 29.62, 22.87, 677.54, 65, 84, 12934248
1.55, 29.62, 22.82, 675.94, 65, 84, 12946072
1.55, 30.27, 23.74, 718.56, 65, 84, 12957908
1.55, 29.95, 22.90, 685.79, 65, 84, 12969728
1.56, 30.92, 23.14, 715.66, 65, 84, 12981564
1.55, 27.67, 23.09, 638.83, 65, 84, 12993384
1.55, 28.97, 23.38, 677.49, 65, 84, 13005216
1.55, 30.92, 22.44, 693.97, 65, 84, 13017052
1.55, 30.27, 23.03, 697.33, 65, 84, 13028872
1.56, 31.58, 23.33, 736.69, 65, 84, 13040704
1.56, 31.58, 22.85, 721.36, 65, 84, 13052528
1.56, 30.60, 23.06, 705.65, 65, 84, 13064368
1.55, 31.25, 23.79, 743.42, 65, 84, 13076188
1.55, 28.65, 23.30, 667.56, 66, 84, 13088024
1.55, 29.95, 23.63, 707.60, 66, 84, 13099844
1.56, 28.32, 23.12, 654.63, 66, 84, 13111668
1.56, 29.62, 22.85, 676.74, 66, 84, 13123500
1.57, 30.27, 23.47, 710.39, 66, 84, 13135328
1.57, 30.92, 22.44, 693.97, 66, 84, 13147164
1.58, 30.60, 23.28, 712.25, 66, 85, 13158984
1.58, 31.90, 22.17, 707.28, 66, 84, 13170820
1.59, 30.92, 22.68, 701.48, 66, 84, 13182644
1.59, 32.23, 22.44, 723.19, 66, 84, 13194480
1.59, 30.92, 22.95, 709.82, 66, 84, 13206304
1.59, 30.27, 24.36, 737.34, 66, 84, 13218128
1.59, 29.62, 22.98, 680.73, 66, 84, 13229972
1.59, 30.92, 22.28, 688.97, 66, 84, 13241784
1.59, 30.27, 23.36, 707.12, 66, 84, 13253616
1.59, 30.92, 23.09, 713.99, 66, 84, 13265440
1.59, 31.25, 22.79, 712.23, 66, 84, 13277268
1.59, 32.23, 22.95, 739.71, 67, 84, 13289092
1.59, 30.27, 24.30, 735.70, 67, 84, 13300924
1.59, 30.92, 22.55, 697.31, 67, 84, 13312748
1.59, 32.23, 22.93, 738.84, 67, 84, 13324580
1.60, 31.58, 22.82, 720.50, 67, 84, 13336400
1.61, 32.23, 22.60, 728.41, 67, 84, 13348228
1.62, 30.92, 23.63, 730.67, 67, 84, 13360060
1.62, 32.55, 22.71, 739.28, 67, 84, 13371884
1.62, 32.88, 22.41, 736.91, 67, 84, 13383716
1.62, 31.58, 22.55, 711.99, 67, 84, 13395536
1.62, 29.62, 23.36, 691.92, 67, 84, 13407368
1.62, 30.92, 23.60, 729.84, 67, 84, 13419188
1.62, 31.90, 23.09, 736.54, 67, 84, 13431028
1.62, 32.88, 23.14, 760.86, 67, 84, 13442852
1.62, 30.27, 22.39, 677.73, 67, 84, 13454676
1.62, 31.25, 23.33, 729.09, 67, 84, 13466508
1.62, 31.90, 23.33, 744.28, 67, 84, 13478336
1.62, 31.25, 22.74, 710.55, 68, 84, 13490184
1.62, 32.23, 24.01, 773.61, 68, 84, 13501992
1.62, 31.90, 23.68, 755.47, 68, 84, 13513824
1.63, 33.20, 22.79, 756.75, 68, 84, 13525648
1.64, 32.23, 23.95, 771.87, 68, 84, 13537476
1.65, 33.85, 22.63, 766.11, 68, 84, 13549300
1.65, 32.88, 23.41, 769.73, 68, 84, 13561132
1.66, 32.23, 23.17, 746.66, 68, 84, 13572952
1.66, 33.85, 22.85, 773.41, 68, 84, 13584780
1.66, 31.58, 22.68, 716.25, 68, 84, 13596612
1.66, 32.88, 22.98, 755.54, 68, 84, 13608448
1.66, 32.55, 23.06, 750.69, 68, 84, 13620268
1.66, 33.53, 22.82, 765.07, 68, 84, 13632084
1.66, 33.53, 23.49, 787.68, 68, 84, 13643916
1.66, 31.58, 23.12, 729.87, 68, 84, 13655740
1.66, 34.51, 23.06, 795.73, 68, 84, 13667572
1.66, 31.90, 23.22, 740.84, 68, 84, 13679392
1.66, 31.58, 23.01, 726.47, 69, 84, 13691224
1.66, 32.88, 23.95, 787.46, 69, 84, 13703048
1.67, 32.55, 23.30, 758.59, 69, 84, 13714876
1.68, 33.20, 23.17, 769.29, 69, 84, 13726708
1.68, 33.20, 22.63, 751.38, 69, 84, 13738528
1.69, 33.53, 23.03, 772.31, 69, 84, 13750380
1.69, 31.58, 23.09, 729.02, 69, 84, 13762184
1.69, 31.58, 22.66, 715.39, 69, 84, 13774012
1.69, 33.20, 23.20, 770.18, 69, 84, 13785836
1.69, 32.55, 23.60, 768.25, 69, 84, 13797672
1.69, 33.53, 22.68, 760.55, 69, 84, 13809496
1.69, 34.51, 22.52, 777.12, 69, 84, 13821324
1.69, 34.18, 22.79, 779.01, 69, 84, 13833160
1.69, 31.90, 23.28, 742.56, 69, 84, 13844980
1.69, 33.53, 23.65, 793.11, 69, 84, 13856816
1.69, 32.23, 23.60, 760.57, 69, 84, 13868656
1.69, 32.23, 23.44, 755.35, 69, 84, 13880476
1.69, 32.55, 22.93, 746.30, 70, 84, 13892296
1.69, 32.23, 22.66, 730.15, 70, 84, 13904132
1.69, 31.90, 22.93, 731.37, 70, 84, 13915952
1.70, 33.85, 23.41, 792.59, 70, 84, 13927784
1.71, 32.88, 23.84, 783.91, 70, 85, 13939612
1.72, 34.51, 22.71, 783.63, 70, 84, 13951440
1.72, 33.85, 22.49, 761.54, 70, 84, 13963276
1.72, 35.81, 23.25, 832.52, 70, 84, 13975096
1.72, 32.88, 23.28, 765.29, 70, 84, 13986932
1.72, 33.53, 23.36, 783.16, 70, 84, 13998756
1.72, 35.16, 23.22, 816.44, 70, 84, 14010592
1.72, 34.83, 23.36, 813.57, 70, 84, 14022416
1.72, 33.20, 23.14, 768.39, 70, 84, 14034248
1.72, 35.16, 23.57, 828.76, 70, 84, 14046068
1.72, 35.81, 23.06, 825.76, 70, 84, 14057896
1.72, 34.18, 22.90, 782.69, 70, 84, 14069732
1.72, 31.58, 23.82, 752.02, 70, 84, 14081552
1.72, 32.55, 23.30, 758.59, 71, 84, 14093384
1.72, 33.85, 23.17, 784.37, 71, 84, 14105204
1.73, 36.13, 22.49, 812.80, 71, 84, 14117040
1.73, 33.53, 23.55, 789.49, 71, 84, 14128864
1.74, 33.53, 22.95, 769.59, 71, 84, 14140700
1.74, 35.16, 23.63, 830.66, 71, 84, 14152524
1.75, 36.78, 22.58, 830.42, 71, 84, 14164348
1.75, 33.53, 23.28, 780.45, 71, 84, 14176172
1.75, 35.48, 23.60, 837.39, 71, 84, 14188000
1.75, 35.16, 22.74, 799.37, 71, 84, 14199836
1.75, 35.81, 22.47, 804.51, 71, 84, 14211660
1.75, 35.16, 22.93, 806.00, 71, 84, 14223492
1.76, 36.13, 23.47, 847.89, 71, 84, 14235316
1.75, 36.46, 22.47, 819.14, 71, 84, 14247152
1.75, 33.20, 23.20, 770.18, 71, 84, 14258972
1.75, 33.85, 23.47, 794.41, 71, 84, 14270800
1.75, 36.78, 22.95, 844.31, 71, 84, 14282628
1.75, 35.16, 22.82, 802.21, 72, 84, 14294452
1.75, 35.48, 22.60, 801.98, 72, 84, 14306288
1.75, 36.46, 22.28, 812.26, 72, 84, 14318108
1.76, 34.51, 22.36, 771.53, 72, 84, 14329940
1.77, 34.83, 23.03, 802.30, 72, 84, 14341764
1.77, 36.46, 23.49, 856.51, 72, 84, 14353596
1.78, 34.18, 23.41, 800.21, 72, 84, 14365420
1.78, 36.13, 22.98, 830.34, 72, 84, 14377252
1.78, 37.76, 23.06, 870.80, 72, 84, 14389076
1.78, 37.43, 23.01, 861.27, 72, 84, 14400908
1.78, 36.13, 22.39, 808.90, 72, 84, 14412744
1.78, 35.48, 23.55, 835.48, 72, 84, 14424560
1.78, 37.43, 22.71, 850.17, 72, 84, 14436400
1.78, 34.51, 23.20, 800.39, 72, 84, 14448224
1.78, 36.13, 23.12, 835.22, 72, 84, 14460056
1.78, 37.11, 22.68, 841.77, 72, 84, 14471880
1.78, 35.48, 23.76, 843.14, 72, 84, 14483716
1.78, 36.46, 24.09, 878.14, 73, 84, 14495540
1.77, 37.43, 22.87, 856.23, 73, 84, 14507368
1.78, 36.13, 22.85, 825.47, 73, 84, 14519196
1.79, 38.09, 22.66, 862.90, 73, 84, 14531024
1.79, 38.09, 23.20, 883.44, 73, 84, 14542860
1.80, 35.81, 22.87, 819.00, 73, 84, 14554680
1.80, 36.13, 23.22, 839.11, 73, 84, 14566512
1.80, 36.13, 23.36, 843.99, 73, 84, 14578332
1.81, 37.43, 23.44, 877.43, 73, 84, 14590168
1.80, 36.13, 22.82, 824.50, 73, 84, 14601988
1.80, 36.46, 22.93, 835.86, 73, 84, 14613824
1.80, 38.74, 22.44, 869.29, 73, 84, 14625644
1.80, 36.13, 23.95, 865.43, 73, 84, 14637472
1.80, 37.43, 22.66, 848.15, 73, 84, 14649300
1.80, 35.81, 22.95, 821.90, 73, 85, 14661120
1.80, 36.46, 23.76, 866.34, 73, 84, 14672956
1.80, 36.78, 23.12, 850.26, 73, 84, 14684776
1.80, 38.74, 23.20, 898.55, 74, 84, 14696612
1.80, 36.78, 23.79, 875.07, 74, 84, 14708428
1.80, 39.06, 23.14, 903.99, 74, 84, 14720264
1.81, 37.11, 23.41, 868.80, 74, 84, 14732084
1.82, 38.41, 23.22, 892.03, 74, 84, 14743912
1.82, 37.76, 22.85, 862.65, 74, 84, 14755736
1.82, 38.74, 22.98, 890.19, 74, 84, 14767564
1.83, 39.06, 22.90, 894.51, 74, 84, 14779396
1.83, 38.09, 23.65, 900.91, 74, 84, 14791220
1.83, 38.09, 23.06, 878.31, 74, 84, 14803052
1.83, 38.74, 23.17, 897.50, 74, 84, 14814872
1.83, 40.69, 22.55, 917.51, 74, 84, 14826708
1.83, 37.11, 22.87, 848.78, 74, 84, 14838528
1.83, 37.43, 23.09, 864.30, 74, 84, 14850376
1.83, 39.71, 22.90, 909.42, 74, 85, 14862180
1.83, 37.43, 23.41, 876.42, 74, 84, 14874004
1.82, 38.09, 23.28, 886.53, 74, 84, 14885836
1.82, 37.43, 23.28, 871.37, 75, 84, 14897660
1.82, 40.36, 22.74, 917.79, 75, 84, 14909488
1.83, 36.46, 22.55, 822.09, 75, 84, 14921312
1.84, 38.09, 22.23, 846.46, 75, 84, 14933148
1.84, 40.04, 23.60, 944.95, 75, 84, 14944968
1.85, 39.71, 23.41, 929.77, 75, 84, 14956800
1.85, 37.76, 22.52, 850.43, 75, 84, 14968636
1.85, 39.71, 22.74, 902.99, 75, 84, 14980448
1.85, 38.41, 22.82, 876.49, 75, 84, 14992276
1.85, 38.09, 23.68, 901.93, 75, 84, 15004104
1.85, 39.71, 21.87, 868.71, 75, 84, 15015936
1.85, 38.09, 24.11, 918.37, 75, 84, 15027756
1.85, 39.06, 22.12, 863.95, 75, 84, 15039588
1.85, 38.74, 22.25, 861.98, 75, 84, 15051408
1.85, 38.41, 22.60, 868.20, 75, 84, 15063244
1.85, 38.74, 23.12, 895.41, 75, 84, 15075064
1.85, 39.71, 23.36, 927.63, 75, 84, 15086896
1.85, 39.71, 23.33, 926.55, 76, 84, 15098716
1.85, 38.41, 23.38, 898.25, 76, 84, 15110556
1.85, 39.71, 23.71, 941.55, 76, 84, 15122376
1.85, 38.09, 23.09, 879.34, 76, 84, 15134196
1.86, 41.02, 23.52, 964.68, 76, 84, 15146028
1.87, 39.39, 23.28, 916.83, 76, 84, 15157852
1.87, 39.39, 23.47, 924.27, 76, 84, 15169684
1.87, 40.04, 23.17, 927.67, 76, 84, 15181508
1.87, 37.76, 22.44, 847.38, 76, 84, 15193344
1.88, 41.34, 23.09, 954.49, 76, 84, 15205164
1.88, 39.39, 23.60, 929.58, 76, 84, 15216988
1.87, 41.02, 22.23, 911.58, 76, 84, 15228836
1.88, 41.02, 22.82, 935.91, 76, 85, 15240648
1.88, 40.04, 23.36, 935.23, 76, 84, 15252484
1.88, 38.74, 23.06, 893.32, 76, 84, 15264304
1.88, 39.71, 23.38, 928.70, 76, 84, 15276144
1.88, 41.67, 22.85, 951.89, 76, 84, 15287964
1.87, 42.32, 22.31, 943.94, 77, 84, 15299800
1.87, 40.69, 23.01, 936.17, 77, 84, 15311624
1.88, 39.06, 22.68, 886.08, 77, 84, 15323460
1.88, 40.36, 22.74, 917.79, 77, 84, 15335280
1.89, 41.02, 23.36, 958.04, 77, 84, 15347108
1.89, 41.34, 23.68, 979.02, 77, 84, 15358944
1.90, 41.67, 23.06, 960.88, 77, 84, 15370780
1.90, 41.02, 22.93, 940.34, 77, 84, 15382600
1.90, 40.04, 23.25, 930.91, 77, 84, 15394424
1.90, 40.69, 22.49, 915.32, 77, 84, 15406260
1.90, 42.32, 23.14, 979.32, 77, 84, 15418080
1.90, 39.71, 22.31, 885.85, 77, 84, 15429916
1.90, 40.04, 22.58, 903.91, 77, 84, 15441736
1.90, 40.69, 23.17, 942.75, 77, 84, 15453564
1.90, 41.02, 22.85, 937.02, 77, 84, 15465400
1.90, 40.36, 23.20, 936.30, 77, 84, 15477220
1.90, 42.32, 23.49, 994.16, 77, 84, 15489056
1.90, 41.02, 23.47, 962.46, 78, 84, 15500876
1.90, 41.34, 23.17, 957.84, 78, 84, 15512712
1.90, 41.99, 22.14, 929.88, 78, 84, 15524532
1.90, 41.34, 22.98, 950.03, 78, 84, 15536364
1.90, 42.32, 23.74, 1004.43, 78, 84, 15548184
1.91, 42.64, 22.60, 963.85, 78, 84, 15560012
1.91, 41.67, 23.33, 972.12, 78, 84, 15571840
1.92, 41.99, 22.20, 932.15, 78, 84, 15583664
1.92, 43.29, 23.03, 997.25, 78, 84, 15595496
1.92, 42.97, 23.49, 1009.45, 78, 84, 15607320
1.92, 41.02, 23.20, 951.40, 78, 84, 15619148
1.92, 41.34, 22.76, 941.11, 78, 84, 15630972
1.92, 43.62, 22.49, 981.22, 78, 84, 15642804
1.92, 42.97, 22.85, 981.64, 78, 84, 15654628
1.92, 42.32, 22.66, 958.78, 78, 84, 15666460
1.92, 40.36, 22.60, 912.35, 78, 84, 15678280
1.92, 41.67, 22.66, 944.03, 78, 84, 15690108
1.91, 43.95, 22.39, 983.80, 79, 84, 15701944
1.91, 43.62, 22.23, 969.45, 79, 84, 15713760
1.91, 42.64, 22.87, 975.35, 79, 84, 15725596
1.92, 42.64, 22.95, 978.80, 79, 84, 15737416
1.92, 41.99, 22.82, 958.20, 79, 84, 15749248
1.93, 41.67, 22.47, 936.16, 79, 84, 15761068
1.93, 41.99, 22.25, 934.41, 79, 84, 15772904
1.94, 42.64, 22.39, 954.65, 79, 84, 15784728
1.94, 42.97, 23.38, 1004.82, 79, 84, 15796556
1.94, 43.95, 23.36, 1026.47, 79, 84, 15808384
1.94, 42.64, 23.36, 996.06, 79, 85, 15820212
1.94, 42.64, 22.25, 948.90, 79, 84, 15832048
1.94, 43.62, 22.33, 974.16, 79, 84, 15843872
1.94, 45.25, 22.33, 1010.51, 79, 84, 15855704
1.94, 44.92, 22.12, 993.55, 79, 84, 15867528
1.94, 44.60, 22.93, 1022.43, 79, 84, 15879360
1.94, 44.60, 22.85, 1018.82, 79, 84, 15891180
1.94, 41.34, 22.63, 935.54, 80, 84, 15903012
1.94, 41.67, 23.17, 965.38, 80, 84, 15914836
1.94, 41.34, 22.47, 928.85, 80, 84, 15926660
1.94, 43.95, 22.82, 1002.76, 80, 84, 15938492
1.94, 43.95, 22.33, 981.43, 80, 84, 15950316
1.95, 43.62, 21.74, 948.28, 80, 84, 15962148
1.96, 42.32, 23.36, 988.45, 80, 84, 15973968
1.96, 43.62, 22.28, 971.81, 80, 84, 15985800
1.96, 42.64, 21.87, 932.80, 80, 84, 15997624
1.96, 43.29, 22.36, 968.06, 80, 84, 16009456
1.96, 43.29, 22.79, 986.74, 80, 84, 16021280
1.96, 44.60, 22.20, 989.95, 80, 84, 16033104
1.96, 42.64, 22.58, 962.70, 80, 84, 16044932
1.96, 43.29, 22.68, 982.07, 80, 84, 16056768
1.96, 43.29, 22.52, 975.06, 80, 84, 16068600
1.96, 42.32, 22.82, 965.63, 80, 84, 16080420
1.96, 44.60, 22.58, 1006.79, 80, 84, 16092256
1.96, 44.92, 22.98, 1032.32, 81, 84, 16104080
1.96, 43.95, 22.79, 1001.58, 81, 84, 16115916
1.96, 44.60, 23.06, 1028.45, 81, 84, 16127732
1.96, 44.27, 23.71, 1049.60, 81, 84, 16139572
1.97, 44.92, 22.87, 1027.47, 81, 84, 16151392
1.98, 43.29, 22.47, 972.73, 81, 84, 16163216
1.98, 43.62, 22.98, 1002.40, 81, 84, 16175052
1.98, 43.62, 23.14, 1009.45, 81, 84, 16186876
1.98, 43.29, 23.12, 1000.75, 81, 84, 16198708
1.98, 42.97, 22.36, 960.78, 81, 84, 16210548
1.98, 44.60, 23.36, 1041.68, 81, 84, 16222368
1.98, 43.95, 23.36, 1026.47, 81, 84, 16234188
1.98, 43.29, 22.74, 984.41, 81, 84, 16246024
1.98, 44.60, 23.12, 1030.85, 81, 84, 16257844
1.98, 44.92, 23.44, 1052.92, 81, 84, 16269668
1.98, 45.25, 23.20, 1049.56, 81, 84, 16281500
1.98, 45.25, 22.36, 1011.73, 81, 84, 16293324
1.98, 42.97, 22.33, 959.62, 82, 84, 16305160
1.98, 44.27, 22.76, 1007.80, 82, 84, 16316984
1.97, 46.88, 22.60, 1059.50, 82, 84, 16328832
1.98, 44.60, 23.06, 1028.45, 82, 84, 16340640
1.99, 46.55, 22.71, 1057.17, 82, 84, 16352472
1.99, 44.92, 22.44, 1008.09, 82, 84, 16364296
1.99, 43.62, 22.98, 1002.40, 82, 84, 16376128
1.99, 46.55, 23.57, 1097.34, 82, 84, 16387952
2.00, 47.53, 23.36, 1110.11, 82, 84, 16399776
2.00, 47.53, 23.01, 1093.44, 82, 84, 16411608
2.00, 46.88, 22.85, 1070.88, 82, 84, 16423432
2.00, 44.27, 22.85, 1011.39, 82, 84, 16435264
2.00, 45.25, 23.44, 1060.55, 82, 84, 16447084
2.00, 48.50, 22.66, 1098.91, 82, 84, 16458916
2.00, 46.88, 22.44, 1051.92, 82, 84, 16470756
2.00, 46.88, 22.79, 1068.35, 82, 84, 16482572
2.00, 44.60, 22.23, 991.16, 82, 84, 16494392
2.00, 44.92, 22.79, 1023.84, 83, 84, 16506220
1.99, 46.55, 22.25, 1035.82, 83, 84, 16518044
1.99, 47.20, 22.31, 1052.85, 83, 84, 16529872
2.00, 49.15, 22.25, 1093.77, 83, 84, 16541704
2.00, 47.20, 23.17, 1093.59, 83, 84, 16553524
2.01, 47.85, 21.50, 1028.66, 83, 84, 16565356
2.01, 47.85, 23.76, 1137.07, 83, 84, 16577176
2.01, 48.18, 21.71, 1046.05, 83, 84, 16589028
2.01, 49.80, 22.82, 1136.47, 83, 85, 16600828
2.01, 45.25, 22.58, 1021.49, 83, 84, 16612664
2.01, 48.83, 22.01, 1074.67, 83, 84, 16624488
2.01, 45.25, 23.52, 1064.21, 83, 84, 16636312
2.01, 49.48, 22.44, 1110.35, 83, 84, 16648148
2.01, 48.50, 23.63, 1146.00, 83, 84, 16659968
2.01, 44.92, 22.31, 1002.03, 83, 84, 16671800
2.01, 47.85, 22.25, 1064.80, 83, 84, 16683624
2.01, 48.18, 23.36, 1125.32, 83, 84, 16695456
2.01, 45.57, 22.04, 1004.26, 84, 84, 16707280
2.01, 50.13, 22.44, 1124.96, 84, 84, 16719116
2.01, 48.83, 22.87, 1116.82, 84, 84, 16730956
2.02, 49.80, 22.76, 1133.78, 84, 84, 16742768
2.03, 49.48, 23.84, 1179.75, 84, 84, 16754596
2.03, 49.15, 23.36, 1148.13, 84, 84, 16766424
2.03, 46.55, 22.63, 1053.40, 84, 84, 16778260
2.04, 46.88, 22.28, 1044.33, 84, 84, 16790084
2.04, 48.18, 21.69, 1044.75, 84, 84, 16801916
2.04, 45.90, 22.44, 1030.00, 84, 84, 16813736
2.03, 45.90, 22.14, 1016.38, 84, 84, 16825576
2.03, 46.55, 22.82, 1062.19, 84, 84, 16837392
2.03, 48.50, 22.06, 1070.12, 84, 84, 16849240
2.03, 50.13, 22.90, 1147.95, 84, 85, 16861052
2.04, 49.80, 22.01, 1096.17, 84, 84, 16872880
2.03, 48.83, 21.90, 1069.40, 84, 84, 16884716
2.04, 49.15, 22.87, 1124.26, 84, 84, 16896540
2.03, 50.78, 23.20, 1177.93, 85, 84, 16908376
2.03, 48.50, 21.71, 1053.12, 85, 84, 16920196
2.03, 49.80, 21.82, 1086.76, 85, 84, 16932028
2.03, 51.11, 22.60, 1155.15, 85, 84, 16943856
2.04, 47.53, 22.82, 1084.47, 85, 84, 16955684
2.04, 48.83, 22.17, 1082.57, 85, 84, 16967508
2.05, 52.08, 22.66, 1180.03, 85, 84, 16979336
2.05, 46.88, 22.41, 1050.65, 85, 84, 16991168
2.04, 49.48, 22.58, 1117.03, 85, 84, 17002992
2.05, 47.53, 23.41, 1112.67, 85, 84, 17014828
2.05, 50.13, 21.55, 1080.34, 85, 84, 17026652
2.05, 51.43, 22.44, 1154.18, 85, 84, 17038484
2.05, 46.88, 23.33, 1093.64, 85, 84, 17050308
2.05, 49.15, 22.06, 1084.49, 85, 84, 17062144
2.05, 52.41, 21.71, 1137.93, 85, 84, 17073964
2.05, 51.11, 23.20, 1185.48, 85, 84, 17085796
2.05, 50.13, 23.55, 1180.40, 85, 84, 17097620
2.05, 49.15, 23.33, 1146.80, 86, 84, 17109452
2.05, 50.13, 21.50, 1077.64, 86, 84, 17121284
2.05, 48.18, 23.57, 1135.71, 86, 84, 17133112
2.05, 52.08, 23.74, 1236.22, 86, 84, 17144944
2.06, 53.06, 22.93, 1216.47, 86, 84, 17156764
2.06, 51.76, 23.14, 1197.79, 86, 84, 17168600
2.06, 50.78, 22.20, 1127.25, 86, 84, 17180424
2.07, 50.78, 23.28, 1182.03, 86, 84, 17192260
2.07, 52.73, 22.39, 1180.56, 86, 84, 17204080
2.07, 50.46, 23.60, 1190.79, 86, 84, 17215908
2.07, 51.11, 23.76, 1214.42, 86, 84, 17227744
2.06, 52.41, 23.30, 1221.33, 86, 84, 17239568
2.06, 50.13, 23.79, 1192.57, 86, 84, 17251396
2.06, 53.39, 23.14, 1235.45, 86, 84, 17263216
2.06, 54.04, 22.79, 1231.57, 86, 84, 17275048
2.07, 53.06, 22.79, 1209.31, 86, 84, 17286872
2.06, 53.06, 23.68, 1256.54, 86, 84, 17298708
2.06, 51.11, 23.12, 1181.34, 87, 84, 17310524
2.06, 52.41, 23.38, 1225.57, 87, 84, 17322352
2.05, 50.13, 21.69, 1087.11, 87, 84, 17334180
2.06, 52.41, 23.92, 1253.85, 87, 84, 17346004
2.07, 54.04, 22.44, 1212.62, 87, 84, 17357836
2.07, 48.83, 22.20, 1083.89, 87, 84, 17369656
2.07, 49.80, 22.55, 1123.03, 87, 84, 17381492
2.07, 49.80, 21.85, 1088.11, 87, 84, 17393316
2.08, 50.46, 22.71, 1145.88, 87, 84, 17405148
2.07, 52.73, 23.84, 1257.37, 87, 84, 17416968
2.07, 55.66, 23.36, 1300.20, 87, 84, 17428808
2.07, 55.01, 22.31, 1227.12, 87, 84, 17440628
2.07, 50.78, 21.58, 1095.74, 87, 84, 17452456
2.07, 49.48, 21.87, 1082.33, 87, 84, 17464288
2.07, 51.76, 23.47, 1214.54, 87, 84, 17476112
2.08, 53.71, 22.87, 1228.50, 87, 84, 17487944
2.07, 50.46, 22.01, 1110.50, 87, 84, 17499764
2.07, 55.34, 23.06, 1276.17, 88, 84, 17511596
2.07, 49.80, 22.36, 1113.63, 88, 84, 17523416
2.07, 51.76, 21.77, 1126.59, 88, 84, 17535248
2.08, 51.76, 21.87, 1132.17, 88, 84, 17547068
2.08, 50.78, 21.74, 1103.96, 88, 84, 17558896
2.08, 54.04, 22.25, 1202.42, 88, 84, 17570724
2.08, 52.73, 21.55, 1136.47, 88, 85, 17582548
2.09, 54.69, 22.66, 1239.03, 88, 84, 17594380
2.09, 55.34, 22.36, 1237.37, 88, 84, 17606204
2.09, 51.76, 23.71, 1227.10, 88, 84, 17618036
2.09, 51.76, 22.95, 1188.01, 88, 84, 17629856
2.09, 50.13, 22.06, 1106.03, 88, 84, 17641688
2.09, 51.43, 22.06, 1134.76, 88, 84, 17653508
2.09, 50.78, 21.50, 1091.64, 88, 84, 17665344
2.09, 51.43, 21.58, 1109.79, 88, 84, 17677168
2.09, 54.36, 22.06, 1199.40, 88, 84, 17689008
2.09, 54.36, 22.09, 1200.87, 88, 84, 17700828
2.09, 54.04, 21.85, 1180.56, 89, 84, 17712652
2.09, 54.69, 24.06, 1315.74, 89, 84, 17724484
2.10, 51.43, 22.39, 1151.41, 89, 84, 17736308
2.10, 52.73, 22.82, 1203.32, 89, 84, 17748144
2.11, 55.99, 23.20, 1298.74, 89, 84, 17759964
2.11, 55.99, 21.77, 1218.70, 89, 84, 17771796
2.11, 53.39, 21.74, 1160.58, 89, 84, 17783620
2.12, 52.41, 21.39, 1120.97, 89, 84, 17795448
2.11, 51.43, 21.87, 1125.05, 89, 84, 17807280
2.11, 53.06, 23.09, 1225.06, 89, 84, 17819104
2.11, 50.78, 22.09, 1121.77, 89, 84, 17830952
2.11, 55.34, 23.17, 1282.14, 89, 84, 17842760
2.11, 55.66, 23.41, 1303.20, 89, 84, 17854596
2.11, 55.01, 22.23, 1222.67, 89, 84, 17866412
2.11, 52.08, 22.17, 1154.75, 89, 84, 17878244
2.11, 56.64, 23.17, 1312.31, 89, 84, 17890068
2.11, 54.04, 21.44, 1158.70, 89, 84, 17901900
2.10, 55.99, 23.71, 1327.43, 90, 84, 17913720
2.10, 56.97, 23.55, 1341.37, 90, 84, 17925544
2.11, 56.32, 22.49, 1266.80, 90, 84, 17937380
2.12, 52.73, 23.28, 1227.50, 90, 84, 17949216
2.12, 52.08, 22.66, 1180.03, 90, 84, 17961032
2.13, 57.94, 22.20, 1286.22, 90, 84, 17972856
2.13, 53.06, 22.98, 1219.33, 90, 84, 17984688
2.13, 52.41, 22.09, 1157.72, 90, 84, 17996508
2.13, 54.36, 21.63, 1175.94, 90, 84, 18008336
2.13, 55.99, 21.93, 1227.76, 90, 84, 18020160
2.12, 56.32, 23.20, 1306.29, 90, 84, 18031988
2.13, 53.39, 23.71, 1265.69, 90, 84, 18043812
2.13, 52.73, 22.17, 1169.18, 90, 84, 18055640
2.13, 53.71, 21.60, 1160.41, 90, 84, 18067472
2.12, 54.04, 21.60, 1167.44, 90, 84, 18079296
2.12, 52.73, 22.63, 1193.36, 90, 84, 18091148
2.12, 52.73, 22.93, 1209.01, 90, 84, 18102952
2.12, 52.41, 22.04, 1154.90, 91, 84, 18114788
2.12, 58.59, 21.96, 1286.45, 91, 84, 18126612
2.12, 52.73, 22.63, 1193.36, 91, 84, 18138444
2.13, 57.94, 22.60, 1309.66, 91, 84, 18150268
2.13, 54.04, 21.36, 1154.32, 91, 84, 18162100
STOP CURRENT LIMIT
Current limit exceeded limit: 50 Average over frame: 52
