START
-0.00, -0.33, 12.22, -3.98, 1, 19, 516
-0.00, -0.00, 12.19, -0.00, 1, 144, 7500
-0.00, -0.00, 12.19, -0.00, 1, 84, 19320
-0.00, -0.00, 12.19, -0.00, 1, 84, 31148
-0.00, -0.00, 12.19, -0.00, 1, 84, 42984
-0.00, -0.00, 12.19, -0.00, 1, 84, 54804
-0.00, -0.00, 12.19, -0.00, 1, 84, 66640
-0.00, -0.00, 12.19, -0.00, 1, 84, 78464
-0.00, -0.00, 12.19, -0.00, 1, 84, 90296
-0.00, -0.00, 12.19, -0.00, 1, 84, 102116
-0.00, -0.00, 12.19, -0.00, 1, 84, 113948
-0.00, -0.00, 12.19, -0.00, 1, 84, 125772
-0.00, -0.00, 12.19, -0.00, 1, 84, 137592
-0.00, -0.00, 12.19, -0.00, 1, 84, 149444
-0.00, -0.00, 12.19, -0.00, 1, 85, 161244
-0.00, -0.00, 12.19, -0.00, 1, 84, 173080
-0.00, -0.00, 12.19, -0.00, 1, 84, 184900
-0.00, -0.00, 12.19, -0.00, 1, 84, 196728
-0.00, -0.00, 12.19, -0.00, 1, 84, 208548
-0.00, -0.00, 12.19, -0.00, 2, 84, 220384
-0.00, -0.00, 12.19, -0.00, 2, 84, 232204
-0.00, -0.00, 12.19, -0.00, 2, 84, 244036
-0.00, -0.00, 12.19, -0.00, 2, 84, 255856
-0.00, -0.00, 12.19, -0.00, 2, 84, 267680
-0.00, -0.00, 12.19, -0.00, 2, 84, 279512
-0.00, -0.00, 12.19, -0.00, 2, 84, 291332
-0.00, -0.00, 12.19, -0.00, 2, 84, 303168
-0.00, -0.00, 12.19, -0.00, 2, 84, 314988
-0.00, -0.00, 12.19, -0.00, 2, 84, 326820
-0.00, -0.00, 12.16, -0.00, 2, 84, 338640
-0.00, -0.00, 12.19, -0.00, 2, 84, 350492
-0.00, -0.00, 12.19, -0.00, 2, 85, 362292
-0.00, -0.00, 12.19, -0.00, 2, 84, 374124
-0.00, -0.00, 12.19, -0.00, 2, 84, 385944
-0.00, -0.00, 12.19, -0.00, 2, 84, 397772
-0.00, -0.00, 12.19, -0.00, 2, 84, 409624
-0.00, -0.00, 12.19, -0.00, 3, 85, 421428
-0.00, -0.00, 12.19, -0.00, 3, 84, 433260
-0.00, -0.00, 12.19, -0.00, 3, 84, 445080
-0.00, -0.00, 12.19, -0.00, 3, 84, 456912
-0.00, -0.00, 12.19, -0.00, 3, 84, 468732
-0.00, -0.00, 12.22, -0.00, 3, 84, 480564
-0.00, -0.00, 12.16, -0.00, 3, 84, 492384
-0.00, -0.00, 12.19, -0.00, 3, 84, 504216
-0.00, -0.00, 12.19, -0.00, 3, 84, 516048
-0.00, -0.00, 12.22, -0.00, 3, 84, 527872
-0.00, -0.00, 12.19, -0.00, 3, 84, 539704
0.00, -0.00, 12.19, -0.00, 3, 84, 551524
0.00, -0.00, 12.16, -0.00, 3, 84, 563356
-0.00, -0.00, 12.19, -0.00, 3, 84, 575176
-0.00, -0.00, 12.19, -0.00, 3, 84, 587012
-0.00, -0.00, 12.19, -0.00, 3, 84, 598828
-0.00, -0.00, 12.19, -0.00, 3, 84, 610676
-0.00, -0.00, 12.19, -0.00, 4, 85, 622484
-0.00, -0.00, 12.19, -0.00, 4, 84, 634312
-0.00, -0.00, 12.19, -0.00, 4, 84, 646148
-0.00, -0.00, 12.19, -0.00, 4, 84, 657968
0.00, -0.00, 12.16, -0.00, 4, 84, 669820
0.00, -0.00, 12.19, -0.00, 4, 84, 681624
0.00, -0.00, 12.19, -0.00, 4, 84, 693460
0.00, -0.00, 12.19, -0.00, 4, 84, 705280
0.00, -0.00, 12.19, -0.00, 4, 84, 717112
0.00, -0.00, 12.16, -0.00, 4, 84, 728932
0.00, -0.00, 12.19, -0.00, 4, 84, 740756
0.00, -0.00, 12.19, -0.00, 4, 84, 752588
0.00, -0.00, 12.22, -0.00, 4, 84, 764412
0.00, -0.00, 12.16, -0.00, 4, 84, 776244
0.00, -0.00, 12.19, -0.00, 4, 84, 788064
0.00, -0.00, 12.16, -0.00, 4, 84, 799896
0.00, -0.00, 12.19, -0.00, 4, 84, 811720
0.00, -0.00, 12.19, -0.00, 5, 84, 823552
0.00, -0.00, 12.19, -0.00, 5, 84, 835376
0.00, -0.00, 12.22, -0.00, 5, 84, 847200
0.00, -0.00, 12.19, -0.00, 5, 84, 859032
0.00, -0.00, 12.14, -0.00, 5, 84, 870880
0.00, -0.00, 12.19, -0.00, 5, 84, 882692
0.00, -0.00, 12.19, -0.00, 5, 84, 894512
0.00, -0.00, 12.19, -0.00, 5, 84, 906344
0.00, -0.00, 12.19, -0.00, 5, 84, 918172
0.00, -0.00, 12.19, -0.00, 5, 84, 930004
0.00, -0.00, 12.19, -0.00, 5, 85, 941824
0.00, -0.00, 12.19, -0.00, 5, 84, 953660
0.00, -0.00, 12.19, -0.00, 5, 84, 965480
0.00, -0.00, 12.19, -0.00, 5, 84, 977308
0.00, -0.00, 12.16, -0.00, 5, 84, 989144
0.00, -0.00, 12.22, -0.00, 5, 84, 1000964
0.00, -0.00, 12.16, -0.00, 5, 84, 1012800
0.00, -0.00, 12.16, -0.00, 6, 84, 1024620
0.00, -0.00, 12.22, -0.00, 6, 84, 1036452
0.00, 0.33, 12.14, 3.95, 6, 84, 1048268
0.00, -0.00, 12.22, -0.00, 6, 84, 1060104
0.00, -0.00, 12.19, -0.00, 6, 84, 1071924
0.00, -0.00, 12.14, -0.00, 6, 84, 1083752
0.00, 0.33, 12.19, 3.97, 6, 84, 1095576
0.00, -0.00, 12.19, -0.00, 6, 84, 1107400
0.00, -0.00, 12.19, -0.00, 6, 84, 1119236
0.00, -0.00, 12.19, -0.00, 6, 84, 1131072
0.00, 0.33, 12.16, 3.96, 6, 84, 1142892
0.00, -0.00, 12.19, -0.00, 6, 84, 1154712
0.00, -0.00, 12.19, -0.00, 6, 84, 1166548
0.00, -0.00, 12.19, -0.00, 6, 84, 1178368
0.00, -0.00, 12.14, -0.00, 6, 84, 1190204
0.00, -0.00, 12.19, -0.00, 6, 84, 1202028
0.00, -0.00, 12.19, -0.00, 6, 84, 1213848
0.00, -0.00, 12.19, -0.00, 7, 84, 1225684
0.00, 0.33, 12.19, 3.97, 7, 84, 1237504
0.00, 0.33, 12.22, 3.98, 7, 84, 1249336
0.00, 0.33, 12.16, 3.96, 7, 85, 1261156
0.00, -0.00, 12.19, -0.00, 7, 84, 1272988
0.00, -0.00, 12.14, -0.00, 7, 84, 1284808
0.00, 0.33, 12.19, 3.97, 7, 84, 1296640
0.00, 0.33, 12.16, 3.96, 7, 84, 1308460
0.01, -0.00, 12.16, -0.00, 7, 84, 1320288
0.01, 0.33, 12.16, 3.96, 7, 84, 1332116
0.01, 0.33, 12.16, 3.96, 7, 84, 1343948
0.01, 0.33, 12.16, 3.96, 7, 84, 1355776
0.00, 0.33, 12.16, 3.96, 7, 84, 1367600
0.01, 0.33, 12.16, 3.96, 7, 84, 1379436
0.00, 0.33, 12.16, 3.96, 7, 84, 1391260
0.01, -0.00, 12.19, -0.00, 7, 84, 1403092
0.00, 0.33, 12.16, 3.96, 7, 84, 1414912
0.01, -0.00, 12.19, -0.00, 8, 84, 1426752
0.00, 0.33, 12.16, 3.96, 8, 84, 1438572
0.01, 0.33, 12.19, 3.97, 8, 84, 1450400
0.00, 0.33, 12.22, 3.98, 8, 84, 1462232
0.01, 0.33, 12.19, 3.97, 8, 84, 1474052
0.01, 0.33, 12.19, 3.97, 8, 84, 1485884
0.01, 0.33, 12.16, 3.96, 8, 84, 1497700
0.01, 0.33, 12.19, 3.97, 8, 84, 1509540
0.01, -0.00, 12.25, -0.00, 8, 84, 1521360
0.01, 0.33, 12.16, 3.96, 8, 84, 1533196
0.01, 0.33, 12.16, 3.96, 8, 84, 1545016
0.01, 0.33, 12.19, 3.97, 8, 84, 1556848
0.01, -0.00, 12.19, -0.00, 8, 84, 1568672
0.01, 0.33, 12.22, 3.98, 8, 84, 1580500
0.01, 0.33, 12.16, 3.96, 8, 84, 1592332
0.01, -0.00, 12.22, -0.00, 8, 84, 1604152
0.01, 0.33, 12.14, 3.95, 8, 84, 1615984
0.01, 0.33, 12.16, 3.96, 9, 84, 1627804
0.01, 0.33, 12.14, 3.95, 9, 84, 1639636
0.01, 0.33, 12.22, 3.98, 9, 84, 1651460
0.01, 0.33, 12.19, 3.97, 9, 84, 1663292
0.01, 0.33, 12.16, 3.96, 9, 84, 1675112
0.01, 0.33, 12.22, 3.98, 9, 84, 1686944
0.01, 0.33, 12.19, 3.97, 9, 84, 1698772
0.01, 0.33, 12.16, 3.96, 9, 84, 1710596
0.01, 0.33, 12.19, 3.97, 9, 84, 1722428
0.01, 0.33, 12.16, 3.96, 9, 84, 1734248
0.01, 0.33, 12.16, 3.96, 9, 84, 1746080
0.01, 0.33, 12.27, 3.99, 9, 84, 1757904
0.01, 0.33, 12.19, 3.97, 9, 84, 1769756
0.01, 0.33, 12.16, 3.96, 9, 85, 1781560
0.01, 0.33, 12.19, 3.97, 9, 84, 1793388
0.01, 0.33, 12.16, 3.96, 9, 84, 1805216
0.01, 0.33, 12.16, 3.96, 9, 84, 1817044
0.01, 0.33, 12.19, 3.97, 10, 84, 1828880
0.01, 0.33, 12.14, 3.95, 10, 84, 1840700
0.01, 0.33, 12.19, 3.97, 10, 84, 1852540
0.01, 0.33, 12.16, 3.96, 10, 84, 1864360
0.01, 0.33, 12.19, 3.97, 10, 84, 1876196
0.01, 0.33, 12.22, 3.98, 10, 84, 1888016
0.01, 0.33, 12.22, 3.98, 10, 84, 1899848
0.01, 0.33, 12.19, 3.97, 10, 84, 1911672
0.01, 0.33, 12.19, 3.97, 10, 84, 1923500
0.01, 0.33, 12.16, 3.96, 10, 84, 1935336
0.01, 0.33, 12.16, 3.96, 10, 84, 1947156
0.01, 0.33, 12.14, 3.95, 10, 84, 1958988
0.01, 0.33, 12.19, 3.97, 10, 84, 1970812
0.01, 0.33, 12.19, 3.97, 10, 84, 1982648
0.01, 0.33, 12.19, 3.97, 10, 84, 1994468
0.01, 0.33, 12.16, 3.96, 10, 84, 2006304
0.01, 0.33, 12.19, 3.97, 10, 84, 2018124
0.01, 0.33, 12.16, 3.96, 11, 84, 2029968
0.01, 0.33, 12.14, 3.95, 11, 85, 2041788
0.01, 0.33, 12.16, 3.96, 11, 84, 2053608
0.01, 0.33, 12.14, 3.95, 11, 84, 2065440
0.01, 0.33, 12.14, 3.95, 11, 84, 2077260
0.01, 0.33, 12.19, 3.97, 11, 84, 2089092
0.01, -0.00, 12.19, -0.00, 11, 84, 2100912
0.01, 0.33, 12.22, 3.98, 11, 84, 2112748
0.01, 0.33, 12.16, 3.96, 11, 84, 2124564
0.01, 0.33, 12.19, 3.97, 11, 84, 2136400
0.01, 0.33, 12.16, 3.96, 11, 84, 2148216
0.01, 0.33, 12.14, 3.95, 11, 84, 2160048
0.01, 0.33, 12.19, 3.97, 11, 84, 2171884
0.01, 0.33, 12.19, 3.97, 11, 84, 2183704
0.01, 0.33, 12.22, 3.98, 11, 84, 2195540
0.01, 0.33, 12.19, 3.97, 11, 84, 2207360
0.01, 0.33, 12.25, 3.99, 11, 84, 2219196
0.01, 0.33, 12.14, 3.95, 12, 84, 2231036
0.01, 0.33, 12.14, 3.95, 12, 84, 2242852
0.01, 0.33, 12.19, 3.97, 12, 84, 2254676
0.01, 0.33, 12.25, 3.99, 12, 84, 2266500
0.02, 0.33, 12.14, 3.95, 12, 84, 2278336
0.02, 0.33, 12.14, 3.95, 12, 84, 2290172
0.02, 0.33, 12.16, 3.96, 12, 84, 2301996
0.02, 0.33, 12.14, 3.95, 12, 84, 2313820
0.02, 0.33, 12.16, 3.96, 12, 84, 2325652
0.02, 0.33, 12.33, 4.01, 12, 84, 2337472
0.02, 0.33, 12.14, 3.95, 12, 84, 2349308
0.02, 0.33, 12.14, 3.95, 12, 84, 2361132
0.02, 0.33, 12.19, 3.97, 12, 84, 2372956
0.02, 0.33, 12.16, 3.96, 12, 84, 2384784
0.02, 0.33, 12.11, 3.94, 12, 84, 2396608
0.02, 0.33, 12.16, 3.96, 12, 84, 2408444
0.02, 0.33, 12.16, 3.96, 12, 84, 2420260
0.02, 0.33, 12.14, 3.95, 13, 84, 2432096
0.02, 0.65, 12.03, 7.83, 13, 84, 2443916
0.02, 0.33, 12.14, 3.95, 13, 84, 2455748
0.02, 0.33, 12.19, 3.97, 13, 84, 2467572
0.02, 0.33, 12.22, 3.98, 13, 84, 2479404
0.02, 0.33, 12.22, 3.98, 13, 84, 2491244
0.02, 0.33, 12.16, 3.96, 13, 84, 2503052
0.02, 0.33, 12.19, 3.97, 13, 84, 2514884
0.02, 0.33, 12.16, 3.96, 13, 84, 2526704
0.02, 0.33, 12.25, 3.99, 13, 84, 2538532
0.02, 0.33, 12.16, 3.96, 13, 84, 2550356
0.02, 0.33, 12.14, 3.95, 13, 84, 2562188
0.02, 0.65, 12.27, 7.99, 13, 84, 2574008
0.02, 0.33, 12.14, 3.95, 13, 84, 2585840
0.02, 0.65, 12.19, 7.94, 13, 84, 2597660
0.02, 0.33, 12.25, 3.99, 13, 84, 2609492
0.02, 0.33, 12.14, 3.95, 13, 84, 2621320
0.02, 0.65, 12.22, 7.95, 14, 84, 2633144
0.02, 0.33, 12.11, 3.94, 14, 84, 2644976
0.02, 0.33, 12.25, 3.99, 14, 84, 2656800
0.02, 0.33, 12.11, 3.94, 14, 84, 2668628
0.02, 0.65, 12.06, 7.85, 14, 84, 2680448
0.02, 0.33, 12.22, 3.98, 14, 84, 2692280
0.02, 0.33, 12.19, 3.97, 14, 84, 2704104
0.02, 0.33, 12.22, 3.98, 14, 84, 2715932
0.02, 0.33, 12.19, 3.97, 14, 84, 2727756
0.02, 0.65, 12.16, 7.92, 14, 84, 2739584
0.02, 0.33, 12.22, 3.98, 14, 84, 2751432
0.02, 0.33, 12.25, 3.99, 14, 85, 2763236
0.02, 0.33, 12.14, 3.95, 14, 84, 2775068
0.02, 0.33, 12.25, 3.99, 14, 84, 2786888
0.02, 0.33, 12.14, 3.95, 14, 84, 2798724
0.02, 0.65, 12.22, 7.95, 14, 84, 2810540
0.02, 0.33, 12.11, 3.94, 14, 84, 2822376
0.02, 0.33, 12.16, 3.96, 15, 84, 2834192
0.02, 0.33, 12.22, 3.98, 15, 84, 2846028
0.02, 0.33, 12.16, 3.96, 15, 84, 2857848
0.02, 0.65, 12.30, 8.01, 15, 84, 2869672
0.02, 0.65, 12.16, 7.92, 15, 84, 2881504
0.02, 0.33, 12.14, 3.95, 15, 84, 2893328
0.03, 0.65, 12.25, 7.97, 15, 84, 2905160
0.02, 0.65, 12.03, 7.83, 15, 84, 2916984
0.03, 0.65, 12.25, 7.97, 15, 84, 2928812
0.03, 0.65, 12.19, 7.94, 15, 84, 2940636
0.03, 0.65, 12.11, 7.88, 15, 84, 2952464
0.03, 0.65, 12.19, 7.94, 15, 84, 2964288
0.03, 0.33, 12.19, 3.97, 15, 84, 2976112
0.03, 0.33, 12.16, 3.96, 15, 84, 2987940
0.03, 0.65, 12.25, 7.97, 15, 84, 2999768
0.03, 0.65, 12.11, 7.88, 15, 84, 3011596
0.03, 0.33, 12.14, 3.95, 15, 84, 3023416
0.03, 0.65, 12.22, 7.95, 16, 84, 3035252
0.03, 0.65, 11.98, 7.80, 16, 84, 3047072
0.03, 0.65, 12.25, 7.97, 16, 84, 3058904
0.03, 0.65, 12.19, 7.94, 16, 84, 3070720
0.03, 0.65, 12.00, 7.81, 16, 84, 3082552
0.03, 0.65, 12.14, 7.90, 16, 84, 3094372
0.03, 0.65, 12.25, 7.97, 16, 84, 3106200
0.03, 0.65, 12.11, 7.88, 16, 84, 3118036
0.03, 0.65, 12.14, 7.90, 16, 84, 3129856
0.03, 0.65, 12.11, 7.88, 16, 84, 3141688
0.03, 0.65, 12.14, 7.90, 16, 84, 3153508
0.03, 0.65, 12.11, 7.88, 16, 84, 3165340
0.03, 0.65, 12.03, 7.83, 16, 84, 3177164
0.03, 0.65, 12.22, 7.95, 16, 84, 3188996
0.03, 0.65, 12.14, 7.90, 16, 84, 3200816
0.03, 0.65, 12.06, 7.85, 16, 84, 3212644
0.03, 0.33, 12.14, 3.95, 16, 84, 3224472
0.03, 0.65, 12.22, 7.95, 17, 84, 3236304
0.03, 0.65, 12.19, 7.94, 17, 84, 3248136
0.03, 0.65, 12.11, 7.88, 17, 84, 3259956
0.03, 0.65, 12.16, 7.92, 17, 84, 3271788
0.03, 0.65, 12.08, 7.87, 17, 84, 3283608
0.03, 0.65, 12.14, 7.90, 17, 84, 3295440
0.03, 0.65, 12.08, 7.87, 17, 84, 3307260
0.03, 0.33, 12.11, 3.94, 17, 84, 3319100
0.03, 0.65, 12.03, 7.83, 17, 84, 3330916
0.03, 0.65, 12.08, 7.87, 17, 85, 3342748
0.03, 0.65, 12.19, 7.94, 17, 84, 3354584
0.03, 0.65, 12.19, 7.94, 17, 84, 3366404
0.03, 0.65, 12.16, 7.92, 17, 84, 3378236
0.03, 0.65, 12.27, 7.99, 17, 84, 3390072
0.03, 0.65, 12.19, 7.94, 17, 84, 3401888
0.03, 0.65, 12.08, 7.87, 17, 84, 3413708
0.03, 0.65, 12.14, 7.90, 17, 84, 3425540
0.03, 0.65, 12.22, 7.95, 18, 84, 3437360
0.03, 0.65, 12.11, 7.88, 18, 84, 3449188
0.03, 0.65, 12.25, 7.97, 18, 84, 3461016
0.03, 0.65, 12.22, 7.95, 18, 84, 3472844
0.03, 0.65, 12.22, 7.95, 18, 84, 3484680
0.04, 0.65, 12.25, 7.97, 18, 84, 3496496
0.04, 0.65, 12.11, 7.88, 18, 84, 3508328
0.04, 0.65, 12.14, 7.90, 18, 84, 3520152
0.04, 0.65, 12.14, 7.90, 18, 84, 3531984
0.04, 0.65, 12.11, 7.88, 18, 84, 3543804
0.04, 0.65, 12.14, 7.90, 18, 84, 3555632
0.04, 0.65, 12.11, 7.88, 18, 84, 3567456
0.04, 0.65, 12.22, 7.95, 18, 84, 3579280
0.04, 0.65, 12.11, 7.88, 18, 84, 3591116
0.04, 0.65, 12.11, 7.88, 18, 84, 3602936
0.04, 0.65, 12.16, 7.92, 18, 84, 3614764
0.04, 0.65, 12.25, 7.97, 18, 84, 3626588
0.04, 0.65, 12.19, 7.94, 19, 84, 3638424
0.04, 0.65, 12.16, 7.92, 19, 84, 3650260
0.04, 0.65, 12.22, 7.95, 19, 85, 3662076
0.04, 0.65, 12.11, 7.88, 19, 84, 3673904
0.04, 0.98, 12.19, 11.91, 19, 84, 3685732
0.04, 0.98, 12.16, 11.88, 19, 84, 3697556
0.04, 0.65, 12.06, 7.85, 19, 84, 3709384
0.04, 0.65, 12.22, 7.95, 19, 84, 3721220
0.04, 0.65, 12.11, 7.88, 19, 84, 3733040
0.04, 0.65, 12.22, 7.95, 19, 84, 3744876
0.04, 0.65, 12.33, 8.02, 19, 84, 3756700
0.04, 0.65, 12.22, 7.95, 19, 84, 3768532
0.04, 0.65, 12.14, 7.90, 19, 84, 3780356
0.04, 0.65, 12.27, 7.99, 19, 84, 3792192
0.04, 0.65, 12.16, 7.92, 19, 84, 3804012
0.04, 0.65, 12.22, 7.95, 19, 84, 3815840
0.04, 0.65, 12.08, 7.87, 19, 84, 3827672
0.04, 0.98, 12.16, 11.88, 20, 84, 3839496
0.04, 0.98, 12.19, 11.91, 20, 84, 3851352
0.04, 0.98, 12.11, 11.83, 20, 84, 3863152
0.04, 0.98, 12.22, 11.93, 20, 84, 3874988
0.04, 0.98, 12.27, 11.98, 20, 84, 3886812
0.04, 0.98, 12.22, 11.93, 20, 84, 3898644
0.04, 0.65, 12.08, 7.87, 20, 84, 3910480
0.04, 0.65, 11.98, 7.80, 20, 84, 3922292
0.04, 0.65, 12.08, 7.87, 20, 84, 3934124
0.04, 0.65, 12.22, 7.95, 20, 84, 3945952
0.04, 0.98, 12.16, 11.88, 20, 84, 3957784
0.04, 0.98, 12.06, 11.77, 20, 84, 3969604
0.04, 0.98, 12.16, 11.88, 20, 84, 3981440
0.04, 0.98, 12.06, 11.77, 20, 84, 3993256
0.04, 0.65, 12.16, 7.92, 20, 84, 4005092
0.04, 0.65, 12.06, 7.85, 20, 84, 4016912
0.04, 0.98, 12.00, 11.72, 20, 84, 4028744
0.04, 0.65, 12.06, 7.85, 21, 84, 4040564
0.04, 0.98, 12.16, 11.88, 21, 84, 4052392
0.04, 0.65, 12.03, 7.83, 21, 84, 4064224
0.04, 0.65, 12.14, 7.90, 21, 84, 4076044
0.05, 0.65, 12.11, 7.88, 21, 84, 4087880
0.05, 0.98, 12.03, 11.75, 21, 84, 4099704
0.05, 0.98, 12.06, 11.77, 21, 84, 4111556
0.05, 0.98, 12.08, 11.80, 21, 85, 4123356
0.05, 0.98, 12.19, 11.91, 21, 84, 4135192
0.05, 0.65, 12.11, 7.88, 21, 84, 4147012
0.05, 0.98, 12.22, 11.93, 21, 84, 4158836
0.05, 0.98, 12.25, 11.96, 21, 84, 4170668
0.05, 0.98, 12.25, 11.96, 21, 84, 4182492
0.05, 0.98, 12.16, 11.88, 21, 84, 4194324
0.05, 0.98, 12.27, 11.98, 21, 84, 4206148
0.05, 0.98, 12.11, 11.83, 21, 84, 4217976
0.05, 0.98, 12.08, 11.80, 21, 84, 4229800
0.05, 0.98, 12.14, 11.85, 22, 84, 4241632
0.05, 0.98, 12.25, 11.96, 22, 84, 4253456
0.05, 0.98, 12.16, 11.88, 22, 84, 4265288
0.05, 0.65, 12.14, 7.90, 22, 84, 4277108
0.05, 0.98, 12.22, 11.93, 22, 84, 4288940
0.05, 0.98, 12.08, 11.80, 22, 84, 4300772
0.05, 0.98, 12.22, 11.93, 22, 84, 4312596
0.05, 0.98, 12.27, 11.98, 22, 84, 4324432
0.05, 0.98, 12.33, 12.04, 22, 84, 4336252
0.05, 0.98, 12.11, 11.83, 22, 84, 4348084
0.05, 0.98, 12.06, 11.77, 22, 84, 4359908
0.05, 0.65, 11.89, 7.74, 22, 84, 4371764
0.05, 0.98, 12.08, 11.80, 22, 85, 4383560
0.05, 0.98, 12.27, 11.98, 22, 84, 4395392
0.05, 0.98, 12.08, 11.80, 22, 84, 4407228
0.05, 0.98, 12.16, 11.88, 22, 84, 4419048
0.05, 0.65, 12.27, 7.99, 22, 84, 4430876
0.05, 0.98, 12.16, 11.88, 23, 84, 4442696
0.05, 0.98, 12.19, 11.91, 23, 84, 4454532
0.05, 0.33, 12.22, 3.98, 23, 84, 4466352
0.05, 0.98, 12.14, 11.85, 23, 84, 4478184
0.05, 0.98, 12.27, 11.98, 23, 84, 4490008
0.05, 0.98, 11.92, 11.64, 23, 84, 4501836
0.05, 0.98, 12.06, 11.77, 23, 84, 4513656
0.06, 0.98, 12.16, 11.88, 23, 84, 4525484
0.06, 0.98, 12.22, 11.93, 23, 84, 4537320
0.06, 0.98, 12.27, 11.98, 23, 84, 4549144
0.06, 0.98, 12.11, 11.83, 23, 84, 4560980
0.06, 0.65, 12.19, 7.94, 23, 84, 4572800
0.06, 0.98, 12.06, 11.77, 23, 84, 4584632
0.06, 1.30, 12.16, 15.84, 23, 84, 4596456
0.06, 0.98, 12.06, 11.77, 23, 84, 4608284
0.06, 0.98, 12.06, 11.77, 23, 84, 4620112
0.06, 0.98, 12.25, 11.96, 23, 84, 4631936
0.06, 0.98, 12.03, 11.75, 24, 84, 4643760
0.06, 0.98, 12.22, 11.93, 24, 84, 4655592
0.06, 0.98, 12.06, 11.77, 24, 84, 4667424
0.06, 0.98, 12.14, 11.85, 24, 84, 4679244
0.06, 0.98, 12.11, 11.83, 24, 84, 4691080
0.06, 1.30, 11.89, 15.49, 24, 84, 4702900
0.06, 0.98, 12.14, 11.85, 24, 84, 4714732
0.06, 1.30, 12.25, 15.94, 24, 84, 4726556
0.06, 0.98, 12.27, 11.98, 24, 84, 4738384
0.06, 0.98, 12.25, 11.96, 24, 84, 4750208
0.06, 0.98, 12.25, 11.96, 24, 84, 4762036
0.06, 1.30, 12.16, 15.84, 24, 84, 4773868
0.06, 0.98, 12.25, 11.96, 24, 84, 4785688
0.06, 1.30, 12.11, 15.77, 24, 84, 4797520
0.06, 1.30, 11.92, 15.52, 24, 84, 4809340
0.06, 0.98, 12.22, 11.93, 24, 84, 4821172
0.06, 0.98, 12.14, 11.85, 24, 84, 4832992
0.06, 1.30, 12.25, 15.94, 25, 84, 4844828
0.06, 0.98, 12.19, 11.91, 25, 84, 4856648
0.06, 1.30, 12.08, 15.73, 25, 84, 4868476
0.06, 0.98, 12.08, 11.80, 25, 84, 4880304
0.06, 0.98, 12.11, 11.83, 25, 84, 4892136
0.06, 0.98, 12.11, 11.83, 25, 84, 4903968
0.06, 1.30, 12.22, 15.91, 25, 84, 4915788
0.06, 1.30, 12.14, 15.80, 25, 84, 4927620
0.06, 1.30, 12.08, 15.73, 25, 84, 4939440
0.06, 0.98, 12.35, 12.06, 25, 84, 4951276
0.06, 0.98, 12.08, 11.80, 25, 85, 4963096
0.06, 0.65, 12.38, 8.06, 25, 84, 4974928
0.06, 0.98, 12.06, 11.77, 25, 84, 4986752
0.07, 1.30, 12.16, 15.84, 25, 84, 4998580
0.06, 1.30, 12.19, 15.87, 25, 84, 5010428
0.06, 0.98, 12.06, 11.77, 25, 84, 5022232
0.06, 1.30, 12.19, 15.87, 25, 84, 5034060
0.06, 1.30, 12.08, 15.73, 26, 84, 5045884
0.06, 0.98, 12.00, 11.72, 26, 84, 5057716
0.06, 1.30, 11.79, 15.35, 26, 84, 5069540
0.07, 0.98, 12.08, 11.80, 26, 84, 5081372
0.07, 1.30, 12.06, 15.70, 26, 84, 5093196
0.07, 0.98, 12.03, 11.75, 26, 84, 5105024
0.07, 1.30, 12.19, 15.87, 26, 84, 5116856
0.07, 1.30, 12.30, 16.01, 26, 84, 5128680
0.07, 0.98, 12.06, 11.77, 26, 84, 5140512
0.07, 1.30, 12.19, 15.87, 26, 84, 5152336
0.07, 0.98, 12.08, 11.80, 26, 84, 5164172
0.07, 0.98, 12.43, 12.14, 26, 84, 5175992
0.07, 1.30, 12.16, 15.84, 26, 84, 5187828
0.07, 0.98, 12.08, 11.80, 26, 84, 5199648
0.07, 1.30, 12.11, 15.77, 26, 84, 5211472
0.07, 1.30, 12.16, 15.84, 26, 84, 5223300
0.07, 0.98, 12.06, 11.77, 26, 84, 5235128
0.07, 1.30, 12.25, 15.94, 27, 84, 5246960
0.07, 1.30, 12.19, 15.87, 27, 84, 5258780
0.07, 0.98, 12.06, 11.77, 27, 84, 5270628
0.07, 1.30, 12.38, 16.12, 27, 85, 5282432
0.07, 0.98, 12.03, 11.75, 27, 84, 5294268
0.07, 1.30, 12.19, 15.87, 27, 84, 5306084
0.07, 1.30, 12.19, 15.87, 27, 84, 5317916
0.07, 1.30, 12.00, 15.63, 27, 84, 5329740
0.07, 1.63, 12.03, 19.58, 27, 84, 5341564
0.07, 1.30, 12.14, 15.80, 27, 84, 5353392
0.07, 1.30, 12.22, 15.91, 27, 84, 5365220
0.07, 1.30, 12.11, 15.77, 27, 84, 5377052
0.07, 1.30, 12.16, 15.84, 27, 84, 5388876
0.07, 0.98, 12.00, 11.72, 27, 84, 5400704
0.07, 1.30, 12.08, 15.73, 27, 84, 5412524
0.07, 1.30, 12.16, 15.84, 27, 84, 5424356
0.07, 1.30, 12.27, 15.98, 27, 84, 5436180
0.07, 1.30, 12.33, 16.05, 28, 84, 5448012
0.07, 1.30, 12.16, 15.84, 28, 84, 5459836
0.07, 1.30, 12.14, 15.80, 28, 84, 5471680
0.08, 1.30, 12.14, 15.80, 28, 84, 5483492
0.08, 1.30, 12.16, 15.84, 28, 84, 5495316
0.08, 1.30, 12.03, 15.66, 28, 84, 5507144
0.08, 1.30, 12.35, 16.08, 28, 84, 5518964
0.08, 1.30, 12.14, 15.80, 28, 84, 5530804
0.08, 1.30, 12.06, 15.70, 28, 84, 5542624
0.08, 1.30, 12.22, 15.91, 28, 84, 5554452
0.08, 1.30, 12.11, 15.77, 28, 84, 5566276
0.08, 1.63, 11.73, 19.10, 28, 84, 5578104
0.08, 1.30, 12.06, 15.70, 28, 84, 5589936
0.08, 1.30, 12.08, 15.73, 28, 84, 5601764
0.08, 1.30, 12.06, 15.70, 28, 84, 5613596
0.08, 1.30, 12.25, 15.94, 28, 84, 5625416
0.08, 1.30, 12.16, 15.84, 28, 84, 5637256
0.08, 1.30, 12.46, 16.23, 29, 84, 5649080
0.08, 1.30, 12.11, 15.77, 29, 84, 5660912
0.08, 1.30, 12.03, 15.66, 29, 84, 5672732
0.08, 1.63, 12.22, 19.89, 29, 84, 5684564
0.08, 1.30, 12.03, 15.66, 29, 84, 5696388
0.08, 1.63, 12.06, 19.62, 29, 84, 5708216
0.08, 1.30, 12.16, 15.84, 29, 84, 5720052
0.08, 1.63, 12.11, 19.71, 29, 84, 5731896
0.08, 1.63, 12.08, 19.67, 29, 84, 5743712
0.08, 1.63, 12.46, 20.28, 29, 84, 5755532
0.08, 1.63, 12.14, 19.76, 29, 84, 5767364
0.08, 1.30, 12.11, 15.77, 29, 84, 5779184
0.08, 1.63, 12.19, 19.84, 29, 84, 5791020
0.08, 1.63, 12.11, 19.71, 29, 84, 5802840
0.08, 0.98, 12.41, 12.12, 29, 84, 5814664
0.08, 1.63, 12.22, 19.89, 29, 84, 5826500
0.08, 1.30, 12.25, 15.94, 29, 84, 5838316
0.08, 1.63, 12.00, 19.54, 30, 84, 5850152
0.08, 1.63, 12.22, 19.89, 30, 85, 5861968
0.08, 1.30, 12.00, 15.63, 30, 84, 5873804
0.08, 1.63, 12.08, 19.67, 30, 84, 5885624
0.09, 1.63, 12.16, 19.80, 30, 84, 5897456
0.09, 1.63, 11.98, 19.49, 30, 84, 5909280
0.09, 1.30, 12.43, 16.19, 30, 84, 5921108
0.09, 1.63, 12.16, 19.80, 30, 84, 5932936
0.09, 1.63, 12.16, 19.80, 30, 84, 5944764
0.09, 1.63, 12.22, 19.89, 30, 84, 5956596
0.09, 1.63, 12.11, 19.71, 30, 84, 5968416
0.09, 1.63, 12.16, 19.80, 30, 84, 5980252
0.09, 1.63, 11.95, 19.45, 30, 84, 5992092
0.09, 1.63, 12.22, 19.89, 30, 84, 6003904
0.09, 1.63, 12.16, 19.80, 30, 84, 6015728
0.09, 1.63, 12.06, 19.62, 30, 84, 6027560
0.09, 1.63, 12.19, 19.84, 30, 84, 6039384
0.09, 1.95, 12.19, 23.81, 31, 84, 6051208
0.09, 1.63, 12.08, 19.67, 31, 84, 6063040
0.09, 1.63, 12.16, 19.80, 31, 84, 6074860
0.09, 1.63, 12.19, 19.84, 31, 84, 6086692
0.09, 1.63, 12.11, 19.71, 31, 84, 6098512
0.09, 1.63, 12.22, 19.89, 31, 84, 6110348
0.09, 1.95, 11.84, 23.13, 31, 84, 6122168
0.09, 1.95, 12.11, 23.65, 31, 84, 6134000
0.09, 1.63, 12.14, 19.76, 31, 84, 6145820
0.09, 1.30, 12.03, 15.66, 31, 84, 6157652
0.09, 1.63, 12.22, 19.89, 31, 84, 6169480
0.09, 1.63, 12.08, 19.67, 31, 84, 6181308
0.09, 1.63, 12.22, 19.89, 31, 84, 6193144
0.09, 1.63, 12.16, 19.80, 31, 84, 6204968
0.09, 1.63, 12.11, 19.71, 31, 84, 6216804
0.09, 1.63, 12.08, 19.67, 31, 84, 6228624
0.09, 1.63, 12.25, 19.93, 31, 84, 6240460
0.09, 1.63, 12.19, 19.84, 32, 84, 6252284
0.09, 1.63, 12.00, 19.54, 32, 84, 6264120
0.09, 1.63, 12.08, 19.67, 32, 84, 6275940
0.09, 1.63, 12.03, 19.58, 32, 84, 6287772
0.10, 1.63, 12.00, 19.54, 32, 84, 6299604
0.10, 2.28, 12.19, 27.78, 32, 84, 6311428
0.10, 1.63, 12.16, 19.80, 32, 84, 6323260
0.10, 1.63, 12.22, 19.89, 32, 84, 6335084
0.10, 1.95, 12.08, 23.60, 32, 84, 6346916
0.10, 1.95, 12.33, 24.07, 32, 84, 6358740
0.10, 1.63, 12.08, 19.67, 32, 84, 6370588
0.10, 1.95, 12.16, 23.76, 32, 84, 6382396
0.10, 2.28, 12.03, 27.41, 32, 84, 6394220
0.10, 1.63, 12.06, 19.62, 32, 84, 6406044
0.10, 1.95, 12.19, 23.81, 32, 84, 6417872
0.10, 1.63, 12.06, 19.62, 32, 84, 6429704
0.10, 1.63, 12.14, 19.76, 32, 84, 6441528
0.10, 1.95, 12.14, 23.71, 33, 84, 6453364
0.10, 1.63, 12.54, 20.41, 33, 84, 6465184
0.10, 1.95, 12.06, 23.55, 33, 84, 6477020
0.10, 1.63, 12.03, 19.58, 33, 84, 6488844
0.10, 2.28, 11.92, 27.17, 33, 84, 6500672
0.10, 1.63, 12.06, 19.62, 33, 84, 6512496
0.10, 1.95, 12.06, 23.55, 33, 84, 6524320
0.10, 1.95, 12.14, 23.71, 33, 84, 6536152
0.10, 1.95, 12.06, 23.55, 33, 84, 6547976
0.10, 1.95, 12.19, 23.81, 33, 84, 6559808
0.10, 1.63, 12.57, 20.46, 33, 84, 6571628
0.10, 1.95, 12.11, 23.65, 33, 84, 6583460
0.10, 1.63, 12.11, 19.71, 33, 84, 6595280
0.10, 1.95, 12.14, 23.71, 33, 84, 6607116
0.10, 1.95, 12.19, 23.81, 33, 84, 6618932
0.10, 1.95, 11.81, 23.07, 33, 84, 6630776
0.10, 1.95, 12.11, 23.65, 33, 85, 6642588
0.10, 1.95, 12.03, 23.50, 34, 84, 6654420
0.10, 1.95, 12.14, 23.71, 34, 84, 6666252
0.10, 1.95, 12.19, 23.81, 34, 84, 6678076
0.11, 1.95, 12.03, 23.50, 34, 84, 6689908
0.11, 1.95, 12.03, 23.50, 34, 84, 6701732
0.11, 1.95, 12.16, 23.76, 34, 84, 6713568
0.11, 1.95, 12.06, 23.55, 34, 84, 6725388
0.11, 2.28, 12.08, 27.53, 34, 84, 6737224
0.11, 1.95, 12.03, 23.50, 34, 84, 6749044
0.11, 2.28, 12.19, 27.78, 34, 84, 6760876
0.11, 1.95, 12.25, 23.92, 34, 84, 6772708
0.11, 1.95, 12.14, 23.71, 34, 84, 6784532
0.11, 1.95, 12.11, 23.65, 34, 84, 6796364
0.11, 1.95, 12.54, 24.50, 34, 84, 6808184
0.11, 1.95, 12.14, 23.71, 34, 84, 6820016
0.11, 1.63, 12.22, 19.89, 34, 84, 6831836
0.11, 2.28, 12.19, 27.78, 34, 84, 6843672
0.11, 1.63, 12.06, 19.62, 35, 84, 6855492
0.11, 1.63, 12.52, 20.37, 35, 84, 6867316
0.11, 1.95, 12.14, 23.71, 35, 84, 6879144
0.11, 1.95, 12.16, 23.76, 35, 84, 6890988
0.11, 1.95, 12.22, 23.86, 35, 85, 6902808
0.11, 1.95, 12.25, 23.92, 35, 84, 6914632
0.11, 2.28, 12.11, 27.60, 35, 84, 6926464
0.11, 1.95, 12.11, 23.65, 35, 84, 6938284
0.11, 1.95, 12.16, 23.76, 35, 84, 6950116
0.11, 1.95, 12.19, 23.81, 35, 84, 6961932
0.11, 1.95, 12.06, 23.55, 35, 84, 6973768
0.11, 1.95, 12.14, 23.71, 35, 84, 6985592
0.11, 1.95, 12.06, 23.55, 35, 84, 6997420
0.11, 1.95, 12.06, 23.55, 35, 84, 7009256
0.11, 1.95, 11.98, 23.39, 35, 84, 7021076
0.11, 2.28, 12.11, 27.60, 35, 84, 7032912
0.11, 1.95, 12.06, 23.55, 35, 84, 7044732
0.11, 2.28, 12.16, 27.72, 36, 84, 7056568
0.11, 2.28, 12.16, 27.72, 36, 84, 7068384
0.11, 1.95, 12.06, 23.55, 36, 84, 7080220
0.12, 2.28, 12.00, 27.35, 36, 84, 7092060
0.12, 2.28, 12.08, 27.53, 36, 84, 7103868
0.12, 2.28, 12.03, 27.41, 36, 84, 7115696
0.12, 2.28, 12.14, 27.66, 36, 84, 7127524
0.12, 1.95, 12.03, 23.50, 36, 84, 7139360
0.12, 2.28, 12.08, 27.53, 36, 84, 7151180
0.12, 2.28, 12.06, 27.47, 36, 84, 7163020
0.12, 1.63, 12.19, 19.84, 36, 84, 7174840
0.12, 2.28, 12.19, 27.78, 36, 84, 7186676
0.12, 2.28, 12.11, 27.60, 36, 84, 7198496
0.12, 1.95, 11.98, 23.39, 36, 84, 7210324
0.12, 2.28, 12.19, 27.78, 36, 84, 7222152
0.12, 2.28, 12.03, 27.41, 36, 84, 7233984
0.12, 2.28, 12.00, 27.35, 36, 84, 7245816
0.12, 2.28, 11.95, 27.23, 37, 84, 7257640
0.12, 2.28, 12.14, 27.66, 37, 84, 7269472
0.12, 2.93, 11.71, 34.29, 37, 84, 7281296
0.12, 2.28, 12.19, 27.78, 37, 84, 7293132
0.12, 1.95, 12.14, 23.71, 37, 84, 7304956
0.12, 2.28, 12.27, 27.96, 37, 84, 7316788
0.12, 2.28, 12.16, 27.72, 37, 84, 7328608
0.12, 2.93, 11.98, 35.08, 37, 84, 7340436
0.12, 2.28, 12.16, 27.72, 37, 84, 7352288
0.12, 2.28, 12.22, 27.84, 37, 85, 7364088
0.12, 2.28, 11.98, 27.29, 37, 84, 7375924
0.12, 2.28, 12.19, 27.78, 37, 84, 7387744
0.12, 2.28, 12.00, 27.35, 37, 84, 7399576
0.12, 2.28, 12.08, 27.53, 37, 84, 7411396
0.12, 2.28, 12.11, 27.60, 37, 84, 7423224
0.12, 2.28, 12.14, 27.66, 37, 84, 7435048
0.12, 2.93, 11.89, 34.85, 37, 84, 7446876
0.12, 2.28, 11.92, 27.17, 38, 84, 7458700
0.12, 2.28, 12.19, 27.78, 38, 84, 7470528
0.12, 2.28, 11.98, 27.29, 38, 84, 7482364
0.12, 2.60, 12.16, 31.68, 38, 84, 7494184
0.13, 2.28, 12.19, 27.78, 38, 84, 7506012
0.13, 1.95, 12.14, 23.71, 38, 84, 7517836
0.13, 2.60, 12.19, 31.75, 38, 84, 7529668
0.13, 2.28, 12.19, 27.78, 38, 84, 7541488
0.13, 2.28, 12.03, 27.41, 38, 84, 7553320
0.13, 2.28, 12.03, 27.41, 38, 84, 7565140
0.13, 2.28, 11.76, 26.80, 38, 84, 7576968
0.13, 2.28, 12.00, 27.35, 38, 84, 7588804
0.13, 2.28, 12.16, 27.72, 38, 84, 7600620
0.13, 2.28, 12.19, 27.78, 38, 84, 7612476
0.13, 2.60, 12.14, 31.61, 38, 85, 7624276
0.13, 2.60, 12.16, 31.68, 38, 84, 7636112
0.13, 2.60, 11.76, 30.62, 38, 84, 7647932
0.13, 2.28, 11.98, 27.29, 39, 84, 7659768
0.13, 2.28, 12.35, 28.15, 39, 84, 7671588
0.13, 2.60, 11.65, 30.34, 39, 84, 7683412
0.13, 2.28, 12.16, 27.72, 39, 84, 7695236
0.13, 2.28, 12.03, 27.41, 39, 84, 7707068
0.13, 2.28, 12.00, 27.35, 39, 84, 7718900
0.13, 2.28, 12.19, 27.78, 39, 84, 7730724
0.13, 2.60, 12.11, 31.54, 39, 84, 7742556
0.13, 2.60, 12.33, 32.10, 39, 84, 7754376
0.13, 2.60, 11.60, 30.20, 39, 84, 7766208
0.13, 2.60, 12.14, 31.61, 39, 84, 7778032
0.13, 2.60, 12.08, 31.47, 39, 84, 7789864
0.13, 2.60, 12.25, 31.89, 39, 85, 7801684
0.13, 1.95, 12.57, 24.55, 39, 84, 7813512
0.13, 2.60, 12.14, 31.61, 39, 84, 7825348
0.13, 2.60, 12.03, 31.33, 39, 84, 7837168
0.13, 2.60, 12.08, 31.47, 39, 84, 7849008
0.13, 2.60, 12.06, 31.40, 40, 84, 7860828
0.13, 2.60, 12.14, 31.61, 40, 84, 7872664
0.13, 3.26, 11.81, 38.46, 40, 84, 7884484
0.13, 2.60, 12.14, 31.61, 40, 84, 7896320
0.14, 2.60, 12.19, 31.75, 40, 84, 7908148
0.14, 2.60, 11.95, 31.12, 40, 84, 7919972
0.14, 2.60, 12.19, 31.75, 40, 84, 7931804
0.14, 2.28, 12.06, 27.47, 40, 84, 7943632
0.14, 2.60, 12.14, 31.61, 40, 84, 7955464
0.14, 2.60, 12.14, 31.61, 40, 84, 7967288
0.14, 2.60, 12.06, 31.40, 40, 84, 7979124
0.14, 2.93, 11.71, 34.29, 40, 84, 7990960
0.14, 2.60, 12.11, 31.54, 40, 84, 8002780
0.14, 2.60, 11.95, 31.12, 40, 84, 8014604
0.14, 2.28, 12.11, 27.60, 40, 84, 8026436
0.14, 2.60, 12.06, 31.40, 40, 84, 8038256
0.14, 2.93, 12.19, 35.72, 40, 84, 8050084
0.14, 2.60, 11.95, 31.12, 41, 84, 8061920
0.14, 2.60, 12.00, 31.26, 41, 84, 8073740
0.14, 2.60, 12.22, 31.82, 41, 84, 8085580
0.14, 2.60, 11.92, 31.05, 41, 84, 8097396
0.14, 2.60, 12.19, 31.75, 41, 84, 8109232
0.14, 2.60, 12.11, 31.54, 41, 84, 8121052
0.14, 2.60, 12.11, 31.54, 41, 84, 8132888
0.14, 2.60, 12.14, 31.61, 41, 84, 8144708
0.14, 3.26, 12.11, 39.42, 41, 84, 8156540
0.14, 2.60, 12.11, 31.54, 41, 84, 8168368
0.15, 2.60, 12.19, 31.75, 41, 84, 8180196
0.14, 3.26, 12.08, 39.33, 41, 84, 8192028
0.15, 2.60, 12.22, 31.82, 41, 85, 8203856
0.14, 2.60, 12.03, 31.33, 41, 84, 8215684
0.14, 1.95, 12.16, 23.76, 41, 84, 8227508
0.14, 2.93, 12.16, 35.64, 41, 84, 8239340
0.15, 2.93, 12.16, 35.64, 41, 84, 8251176
0.14, 1.95, 12.30, 24.02, 42, 84, 8262988
0.14, 2.60, 11.89, 30.98, 42, 84, 8274812
0.14, 2.93, 12.11, 35.48, 42, 84, 8286640
0.15, 2.93, 12.11, 35.48, 42, 84, 8298476
0.15, 2.28, 12.62, 28.76, 42, 84, 8310292
0.15, 2.93, 12.00, 35.16, 42, 84, 8322128
0.15, 2.28, 12.11, 27.60, 42, 84, 8333948
0.15, 2.60, 12.11, 31.54, 42, 84, 8345780
0.15, 2.93, 12.16, 35.64, 42, 84, 8357604
0.15, 2.93, 12.19, 35.72, 42, 84, 8369436
0.15, 2.93, 12.06, 35.32, 42, 84, 8381256
0.15, 3.26, 12.33, 40.12, 42, 84, 8393084
0.15, 2.93, 12.08, 35.40, 42, 84, 8404916
0.15, 2.93, 12.06, 35.32, 42, 84, 8416740
0.15, 2.93, 12.08, 35.40, 42, 84, 8428572
0.15, 2.93, 11.95, 35.01, 42, 84, 8440396
0.15, 2.93, 11.98, 35.08, 42, 84, 8452232
0.15, 2.93, 12.30, 36.03, 43, 84, 8464048
0.15, 2.93, 12.03, 35.24, 43, 84, 8475888
0.15, 2.93, 12.19, 35.72, 43, 84, 8487704
0.15, 3.58, 12.03, 43.07, 43, 84, 8499532
0.15, 2.60, 11.81, 30.77, 43, 84, 8511356
0.15, 2.93, 12.11, 35.48, 43, 84, 8523188
0.15, 2.93, 12.19, 35.72, 43, 84, 8535024
0.15, 2.93, 12.16, 35.64, 43, 84, 8546844
0.15, 2.93, 12.16, 35.64, 43, 84, 8558680
0.15, 2.60, 12.03, 31.33, 43, 84, 8570500
0.16, 2.93, 12.54, 36.74, 43, 84, 8582340
0.16, 3.26, 12.11, 39.42, 43, 84, 8594160
0.15, 3.26, 12.27, 39.95, 43, 84, 8605996
0.16, 2.93, 12.00, 35.16, 43, 84, 8617820
0.16, 3.58, 12.06, 43.17, 43, 84, 8629648
0.16, 3.26, 12.06, 39.25, 43, 84, 8641480
0.15, 2.93, 12.22, 35.80, 43, 84, 8653300
0.16, 2.93, 12.06, 35.32, 44, 84, 8665136
0.15, 2.93, 12.06, 35.32, 44, 84, 8676960
0.15, 2.93, 12.03, 35.24, 44, 84, 8688792
0.16, 2.28, 12.19, 27.78, 44, 84, 8700616
0.16, 3.26, 12.16, 39.60, 44, 84, 8712468
0.16, 2.93, 12.00, 35.16, 44, 84, 8724272
0.16, 2.28, 12.35, 28.15, 44, 84, 8736096
0.16, 3.26, 12.03, 39.16, 44, 84, 8747924
0.16, 3.26, 12.00, 39.07, 44, 84, 8759748
0.16, 2.93, 11.95, 35.01, 44, 84, 8771584
0.16, 2.93, 12.08, 35.40, 44, 84, 8783404
0.16, 3.26, 12.11, 39.42, 44, 84, 8795236
0.16, 2.60, 11.95, 31.12, 44, 84, 8807052
0.16, 3.26, 12.03, 39.16, 44, 84, 8818888
0.16, 3.58, 12.11, 43.36, 44, 84, 8830708
0.16, 2.93, 12.14, 35.56, 44, 84, 8842540
0.16, 3.26, 12.16, 39.60, 44, 84, 8854360
0.16, 2.93, 11.87, 34.77, 45, 84, 8866188
0.16, 3.26, 12.19, 39.69, 45, 84, 8878020
0.16, 3.26, 12.25, 39.86, 45, 84, 8889840
0.16, 3.26, 12.11, 39.42, 45, 84, 8901680
0.16, 3.26, 12.14, 39.51, 45, 84, 8913500
0.17, 3.26, 12.16, 39.60, 45, 84, 8925336
0.17, 3.26, 12.62, 41.09, 45, 84, 8937156
0.17, 3.26, 12.06, 39.25, 45, 84, 8948992
0.17, 3.26, 12.08, 39.33, 45, 84, 8960812
0.17, 3.26, 12.08, 39.33, 45, 84, 8972664
0.17, 2.93, 11.87, 34.77, 45, 85, 8984472
0.17, 3.26, 12.00, 39.07, 45, 84, 8996300
0.17, 3.26, 12.06, 39.25, 45, 84, 9008136
0.17, 3.26, 12.03, 39.16, 45, 84, 9019956
0.17, 3.26, 12.06, 39.25, 45, 84, 9031792
0.17, 2.60, 12.11, 31.54, 45, 84, 9043612
0.17, 3.26, 12.08, 39.33, 45, 84, 9055444
0.17, 3.26, 12.14, 39.51, 46, 84, 9067268
0.17, 3.26, 12.08, 39.33, 46, 84, 9079100
0.17, 3.26, 12.22, 39.77, 46, 84, 9090924
0.17, 3.26, 11.89, 38.72, 46, 84, 9102756
0.17, 3.26, 12.14, 39.51, 46, 84, 9114588
0.17, 3.26, 12.08, 39.33, 46, 84, 9126412
0.17, 3.26, 12.14, 39.51, 46, 84, 9138248
0.17, 3.58, 12.27, 43.94, 46, 84, 9150068
0.17, 3.58, 12.06, 43.17, 46, 84, 9161900
0.17, 3.26, 11.98, 38.98, 46, 84, 9173724
0.17, 3.58, 12.08, 43.27, 46, 84, 9185560
0.17, 3.58, 12.14, 43.46, 46, 84, 9197380
0.17, 3.26, 11.76, 38.28, 46, 84, 9209208
0.17, 3.26, 12.14, 39.51, 46, 84, 9221040
0.17, 3.58, 12.16, 43.56, 46, 84, 9232884
0.17, 3.58, 12.14, 43.46, 46, 84, 9244700
0.17, 3.26, 12.03, 39.16, 46, 84, 9256520
0.17, 3.26, 12.19, 39.69, 47, 84, 9268356
0.17, 3.58, 12.68, 45.39, 47, 84, 9280184
0.17, 3.26, 11.92, 38.81, 47, 84, 9292016
0.18, 3.26, 11.95, 38.90, 47, 84, 9303836
0.18, 4.23, 12.06, 51.02, 47, 84, 9315664
0.18, 3.58, 11.98, 42.88, 47, 84, 9327496
0.18, 3.26, 11.92, 38.81, 47, 84, 9339320
0.18, 3.58, 12.16, 43.56, 47, 84, 9351168
0.18, 3.58, 11.89, 42.59, 47, 85, 9362972
0.18, 3.26, 12.06, 39.25, 47, 84, 9374800
0.18, 3.58, 12.52, 44.81, 47, 84, 9386624
0.18, 3.58, 12.06, 43.17, 47, 84, 9398456
0.18, 3.58, 11.95, 42.78, 47, 84, 9410276
0.18, 3.58, 12.16, 43.56, 47, 84, 9422112
0.18, 3.58, 11.89, 42.59, 47, 84, 9433932
0.18, 3.26, 12.08, 39.33, 47, 84, 9445760
0.18, 3.58, 12.11, 43.36, 47, 84, 9457596
0.18, 3.58, 12.19, 43.65, 48, 84, 9469416
0.18, 3.91, 11.92, 46.57, 48, 84, 9481252
0.18, 3.91, 12.11, 47.31, 48, 84, 9493072
0.19, 3.58, 11.95, 42.78, 48, 84, 9504904
0.19, 4.56, 11.57, 52.73, 48, 84, 9516728
0.19, 3.58, 12.08, 43.27, 48, 84, 9528564
0.19, 3.58, 11.92, 42.69, 48, 84, 9540388
0.19, 3.91, 12.08, 47.20, 48, 84, 9552212
0.19, 3.58, 12.19, 43.65, 48, 84, 9564044
0.19, 3.91, 12.06, 47.10, 48, 84, 9575872
0.19, 3.58, 11.92, 42.69, 48, 84, 9587704
0.19, 3.91, 11.92, 46.57, 48, 84, 9599528
0.19, 3.91, 12.22, 47.73, 48, 84, 9611380
0.19, 3.58, 12.43, 44.52, 48, 84, 9623184
0.19, 3.91, 12.11, 47.31, 48, 84, 9635020
0.19, 3.58, 12.03, 43.07, 48, 84, 9646840
0.19, 3.58, 12.43, 44.52, 48, 84, 9658672
0.19, 3.91, 11.52, 44.99, 49, 84, 9670492
0.19, 3.26, 12.06, 39.25, 49, 84, 9682320
0.19, 3.91, 12.03, 46.99, 49, 84, 9694156
0.19, 3.58, 12.06, 43.17, 49, 84, 9705980
0.19, 3.91, 11.89, 46.46, 49, 84, 9717812
0.20, 3.91, 12.08, 47.20, 49, 84, 9729632
0.19, 3.91, 11.98, 46.78, 49, 84, 9741468
0.19, 4.23, 11.52, 48.74, 49, 84, 9753292
0.20, 3.91, 12.08, 47.20, 49, 84, 9765124
0.20, 3.91, 11.95, 46.67, 49, 84, 9776944
0.20, 3.91, 12.03, 46.99, 49, 84, 9788772
0.20, 3.91, 11.98, 46.78, 49, 84, 9800604
0.20, 3.91, 12.14, 47.41, 49, 84, 9812432
0.20, 3.91, 11.95, 46.67, 49, 84, 9824268
0.20, 3.91, 11.92, 46.57, 49, 84, 9836088
0.20, 3.58, 12.06, 43.17, 49, 84, 9847924
0.20, 3.91, 12.43, 48.57, 49, 84, 9859748
0.20, 3.58, 11.98, 42.88, 50, 84, 9871584
0.20, 3.91, 12.06, 47.10, 50, 85, 9883404
0.20, 3.26, 11.98, 38.98, 50, 84, 9895240
0.20, 3.91, 12.00, 46.89, 50, 84, 9907064
0.20, 4.23, 11.84, 50.11, 50, 84, 9918888
0.20, 3.91, 12.14, 47.41, 50, 84, 9930724
0.20, 3.91, 11.98, 46.78, 50, 84, 9942544
0.20, 4.23, 12.19, 51.59, 50, 84, 9954380
0.20, 3.91, 11.79, 46.04, 50, 84, 9966204
0.20, 4.23, 11.92, 50.45, 50, 84, 9978036
0.20, 3.91, 12.06, 47.10, 50, 84, 9989860
0.20, 3.91, 11.98, 46.78, 50, 84, 10001688
0.20, 3.91, 11.98, 46.78, 50, 84, 10013512
0.20, 4.56, 12.16, 55.44, 50, 84, 10025336
0.20, 3.91, 11.73, 45.83, 50, 84, 10037164
0.20, 3.91, 11.98, 46.78, 50, 84, 10048992
0.20, 3.91, 12.00, 46.89, 50, 84, 10060824
0.20, 3.91, 11.81, 46.15, 51, 84, 10072648
0.20, 3.91, 12.00, 46.89, 51, 84, 10084480
0.20, 3.91, 12.35, 48.25, 51, 84, 10096304
0.20, 4.23, 12.16, 51.48, 51, 84, 10108136
0.20, 4.23, 12.08, 51.13, 51, 84, 10119956
0.20, 4.88, 12.06, 58.87, 51, 84, 10131788
0.20, 4.23, 11.89, 50.34, 51, 85, 10143612
0.20, 3.91, 11.95, 46.67, 51, 84, 10155440
0.20, 4.23, 12.19, 51.59, 51, 84, 10167272
0.20, 4.23, 12.00, 50.79, 51, 84, 10179092
0.21, 4.88, 11.54, 56.37, 51, 84, 10190928
0.20, 3.91, 11.98, 46.78, 51, 84, 10202748
0.20, 3.91, 11.73, 45.83, 51, 84, 10214584
0.21, 4.23, 12.11, 51.25, 51, 84, 10226408
0.21, 3.91, 11.95, 46.67, 51, 84, 10238240
0.20, 4.23, 11.95, 50.56, 51, 84, 10250060
0.20, 4.23, 11.57, 48.97, 51, 84, 10261892
0.21, 3.91, 11.92, 46.57, 52, 84, 10273724
0.21, 4.23, 11.92, 50.45, 52, 84, 10285544
0.21, 4.23, 12.00, 50.79, 52, 84, 10297380
0.21, 3.91, 11.92, 46.57, 52, 84, 10309204
0.21, 4.56, 12.19, 55.56, 52, 84, 10321036
0.21, 3.58, 11.95, 42.78, 52, 84, 10332884
0.21, 4.23, 11.92, 50.45, 52, 84, 10344692
0.21, 4.23, 11.95, 50.56, 52, 84, 10356520
0.21, 5.21, 12.19, 63.50, 52, 84, 10368344
0.21, 4.56, 11.92, 54.33, 52, 84, 10380176
0.21, 4.23, 11.41, 48.28, 52, 84, 10392004
0.21, 4.23, 12.14, 51.36, 52, 84, 10403836
0.21, 4.23, 11.95, 50.56, 52, 84, 10415660
0.21, 4.56, 12.00, 54.70, 52, 84, 10427492
0.21, 4.23, 11.95, 50.56, 52, 84, 10439312
0.21, 4.23, 11.95, 50.56, 52, 84, 10451148
0.21, 4.23, 12.00, 50.79, 52, 84, 10462972
0.21, 3.58, 12.14, 43.46, 53, 84, 10474804
0.21, 4.23, 11.87, 50.22, 53, 84, 10486624
0.21, 4.56, 12.03, 54.82, 53, 84, 10498456
0.21, 4.56, 11.92, 54.33, 53, 84, 10510292
0.21, 4.23, 11.95, 50.56, 53, 84, 10522112
0.22, 4.56, 12.16, 55.44, 53, 84, 10533948
0.22, 4.56, 11.87, 54.08, 53, 84, 10545772
0.22, 4.23, 12.03, 50.91, 53, 84, 10557600
0.22, 4.56, 12.38, 56.42, 53, 84, 10569420
0.22, 4.56, 12.08, 55.07, 53, 84, 10581256
0.22, 4.56, 12.06, 54.95, 53, 84, 10593096
0.22, 4.88, 12.25, 59.79, 53, 84, 10604904
0.22, 4.23, 11.87, 50.22, 53, 84, 10616732
0.22, 4.56, 12.08, 55.07, 53, 84, 10628560
0.22, 4.23, 12.03, 50.91, 53, 84, 10640392
0.22, 4.56, 12.62, 57.53, 53, 84, 10652216
0.22, 4.23, 11.98, 50.68, 53, 84, 10664052
0.22, 3.91, 11.89, 46.46, 54, 84, 10675872
0.22, 4.56, 12.19, 55.56, 54, 84, 10687704
0.22, 4.56, 12.06, 54.95, 54, 84, 10699528
0.22, 5.21, 12.03, 62.65, 54, 84, 10711380
0.22, 4.56, 12.14, 55.31, 54, 84, 10723184
0.22, 4.56, 11.95, 54.45, 54, 84, 10735016
0.22, 4.88, 12.06, 58.87, 54, 84, 10746852
0.22, 4.23, 12.08, 51.13, 54, 84, 10758672
0.22, 4.56, 12.03, 54.82, 54, 84, 10770508
0.22, 4.88, 12.46, 60.85, 54, 84, 10782332
0.22, 4.88, 12.08, 59.00, 54, 84, 10794168
0.22, 4.56, 11.81, 53.84, 54, 84, 10805988
0.22, 4.56, 11.89, 54.21, 54, 84, 10817824
0.22, 4.88, 12.00, 58.61, 54, 84, 10829648
0.22, 4.56, 11.57, 52.73, 54, 84, 10841476
0.22, 4.56, 11.89, 54.21, 54, 84, 10853308
0.22, 4.56, 11.87, 54.08, 54, 84, 10865132
0.22, 4.56, 12.06, 54.95, 55, 84, 10876964
0.22, 4.56, 12.14, 55.31, 55, 84, 10888788
0.22, 4.56, 12.16, 55.44, 55, 84, 10900624
0.23, 4.56, 12.65, 57.65, 55, 84, 10912444
0.23, 4.56, 11.84, 53.96, 55, 84, 10924272
0.23, 4.88, 11.81, 57.68, 55, 84, 10936096
0.23, 5.53, 12.11, 67.02, 55, 84, 10947920
0.23, 4.88, 12.03, 58.74, 55, 84, 10959748
0.23, 4.56, 12.00, 54.70, 55, 84, 10971592
0.23, 4.88, 12.11, 59.13, 55, 84, 10983408
0.23, 4.88, 12.11, 59.13, 55, 84, 10995232
0.23, 4.88, 11.84, 57.82, 55, 84, 11007060
0.23, 4.56, 12.11, 55.19, 55, 84, 11018880
0.23, 5.53, 12.30, 68.06, 55, 84, 11030716
0.23, 4.56, 12.11, 55.19, 55, 84, 11042536
0.23, 4.88, 11.84, 57.82, 55, 84, 11054372
0.23, 4.88, 12.03, 58.74, 55, 84, 11066192
0.23, 4.56, 11.63, 52.98, 56, 84, 11078016
0.23, 4.56, 11.81, 53.84, 56, 84, 11089852
0.23, 4.88, 11.98, 58.47, 56, 84, 11101672
0.23, 4.88, 11.89, 58.08, 56, 84, 11113504
0.23, 4.88, 12.14, 59.27, 56, 84, 11125324
0.23, 4.88, 12.00, 58.61, 56, 84, 11137164
0.23, 5.53, 11.81, 65.38, 56, 84, 11148984
0.23, 4.88, 12.11, 59.13, 56, 84, 11160816
0.23, 4.23, 11.52, 48.74, 56, 84, 11172636
0.23, 5.21, 11.89, 61.95, 56, 84, 11184464
0.23, 4.56, 12.03, 54.82, 56, 84, 11196288
0.23, 4.88, 12.03, 58.74, 56, 84, 11208112
0.23, 4.88, 11.87, 57.95, 56, 84, 11219948
0.23, 5.21, 12.03, 62.65, 56, 84, 11231788
0.23, 4.88, 12.00, 58.61, 56, 84, 11243608
0.23, 5.21, 12.25, 63.78, 56, 84, 11255428
0.23, 5.21, 12.16, 63.36, 56, 84, 11267264
0.23, 4.88, 12.00, 58.61, 57, 84, 11279084
0.23, 4.88, 11.98, 58.47, 57, 84, 11290920
0.23, 4.88, 11.84, 57.82, 57, 84, 11302740
0.24, 4.88, 11.71, 57.16, 57, 84, 11314572
0.24, 4.88, 12.16, 59.40, 57, 84, 11326408
0.24, 5.21, 12.06, 62.79, 57, 84, 11338224
0.24, 5.21, 12.03, 62.65, 57, 84, 11350060
0.24, 4.88, 11.98, 58.47, 57, 84, 11361884
0.24, 5.21, 11.84, 61.67, 57, 84, 11373720
0.24, 5.86, 11.92, 69.85, 57, 84, 11385540
0.24, 5.21, 12.03, 62.65, 57, 84, 11397376
0.24, 5.21, 12.06, 62.79, 57, 84, 11409196
0.24, 5.53, 12.08, 66.87, 57, 84, 11421024
0.24, 5.21, 12.14, 63.22, 57, 84, 11432852
0.24, 4.88, 12.08, 59.00, 57, 84, 11444680
0.24, 4.88, 12.00, 58.61, 57, 84, 11456512
0.24, 5.21, 12.08, 62.94, 57, 84, 11468332
0.24, 5.21, 11.76, 61.25, 58, 84, 11480168
0.24, 4.88, 12.19, 59.53, 58, 84, 11491988
0.24, 4.88, 12.06, 58.87, 58, 84, 11503824
0.25, 5.21, 12.14, 63.22, 58, 84, 11515640
0.25, 4.23, 12.25, 51.82, 58, 84, 11527476
0.25, 5.53, 12.00, 66.42, 58, 84, 11539296
0.25, 6.18, 12.49, 77.24, 58, 84, 11551128
0.25, 5.21, 11.76, 61.25, 58, 84, 11562956
0.25, 5.21, 11.89, 61.95, 58, 84, 11574780
0.25, 5.21, 11.98, 62.37, 58, 84, 11586608
0.25, 4.88, 11.98, 58.47, 58, 84, 11598432
0.25, 5.21, 12.08, 62.94, 58, 84, 11610268
0.25, 5.53, 12.03, 66.57, 58, 84, 11622088
0.25, 5.53, 11.95, 66.12, 58, 84, 11633924
0.25, 5.53, 12.08, 66.87, 58, 84, 11645744
0.25, 6.18, 12.22, 75.57, 58, 84, 11657576
0.25, 5.53, 11.89, 65.82, 58, 84, 11669404
0.25, 5.21, 12.03, 62.65, 59, 84, 11681232
0.25, 5.21, 11.95, 62.23, 59, 84, 11693088
0.25, 5.53, 12.06, 66.72, 59, 85, 11704888
0.25, 5.53, 11.81, 65.38, 59, 84, 11716720
0.25, 4.88, 11.81, 57.68, 59, 84, 11728544
0.25, 5.21, 11.89, 61.95, 59, 84, 11740380
0.25, 5.53, 11.92, 65.97, 59, 84, 11752200
0.25, 4.88, 11.89, 58.08, 59, 84, 11764032
0.26, 5.21, 12.14, 63.22, 59, 84, 11775856
0.25, 5.21, 11.81, 61.53, 59, 84, 11787680
0.26, 5.53, 12.08, 66.87, 59, 84, 11799516
0.26, 5.21, 12.00, 62.51, 59, 84, 11811340
0.25, 5.21, 11.95, 62.23, 59, 84, 11823176
0.26, 5.21, 11.65, 60.69, 59, 84, 11834996
0.26, 5.21, 11.73, 61.11, 59, 84, 11846828
0.26, 5.86, 12.00, 70.33, 59, 84, 11858652
0.26, 5.53, 11.84, 65.53, 59, 84, 11870488
0.26, 5.53, 11.98, 66.27, 60, 84, 11882312
0.26, 5.53, 12.33, 68.21, 60, 84, 11894140
0.26, 5.53, 11.73, 64.93, 60, 84, 11905964
0.26, 5.86, 11.87, 69.54, 60, 84, 11917792
0.26, 5.53, 11.76, 65.08, 60, 84, 11929628
0.26, 5.53, 12.00, 66.42, 60, 84, 11941452
0.26, 5.53, 11.98, 66.27, 60, 84, 11953308
0.26, 6.51, 11.95, 77.79, 60, 84, 11965108
0.26, 5.53, 12.06, 66.72, 60, 84, 11976944
0.26, 5.53, 12.06, 66.72, 60, 84, 11988768
0.26, 6.51, 12.22, 79.55, 60, 84, 12000596
0.26, 5.86, 12.03, 70.49, 60, 84, 12012424
0.26, 5.53, 12.08, 66.87, 60, 84, 12024256
0.26, 5.86, 12.06, 70.64, 60, 84, 12036088
0.26, 5.86, 12.06, 70.64, 60, 84, 12047912
0.26, 5.53, 11.76, 65.08, 60, 84, 12059744
0.26, 5.21, 11.68, 60.83, 60, 84, 12071576
0.26, 5.86, 12.03, 70.49, 61, 84, 12083396
0.26, 5.86, 12.06, 70.64, 61, 84, 12095216
0.26, 5.53, 11.79, 65.23, 61, 84, 12107052
0.26, 5.86, 11.98, 70.17, 61, 84, 12118868
0.27, 5.86, 11.54, 67.64, 61, 84, 12130700
0.27, 5.53, 11.89, 65.82, 61, 84, 12142532
0.27, 5.86, 11.87, 69.54, 61, 84, 12154352
0.27, 5.86, 11.84, 69.38, 61, 84, 12166192
0.27, 5.86, 11.79, 69.06, 61, 84, 12178016
0.27, 5.86, 12.11, 70.96, 61, 84, 12189848
0.27, 5.86, 12.43, 72.86, 61, 84, 12201668
0.27, 6.18, 11.98, 74.07, 61, 84, 12213520
0.27, 5.86, 11.76, 68.91, 61, 85, 12225320
0.27, 6.51, 12.11, 78.84, 61, 84, 12237148
0.27, 5.86, 11.95, 70.01, 61, 84, 12248972
0.27, 5.53, 11.98, 66.27, 61, 84, 12260804
0.27, 4.88, 11.84, 57.82, 61, 84, 12272636
0.27, 5.86, 12.11, 70.96, 62, 85, 12284456
0.27, 6.18, 12.03, 74.40, 62, 84, 12296296
0.27, 5.53, 11.76, 65.08, 62, 84, 12308112
0.27, 5.86, 11.76, 68.91, 62, 84, 12319952
0.27, 6.18, 12.08, 74.74, 62, 84, 12331788
0.27, 6.51, 11.73, 76.39, 62, 84, 12343608
0.28, 5.86, 11.89, 69.70, 62, 84, 12355432
0.27, 6.18, 11.87, 73.40, 62, 84, 12367256
0.28, 6.18, 12.06, 74.57, 62, 84, 12379088
0.28, 5.53, 11.68, 64.63, 62, 84, 12390916
0.28, 6.18, 11.92, 73.73, 62, 84, 12402744
0.28, 6.51, 12.03, 78.32, 62, 84, 12414568
0.28, 6.18, 11.87, 73.40, 62, 84, 12426404
0.28, 5.53, 11.68, 64.63, 62, 84, 12438224
0.28, 6.18, 11.87, 73.40, 62, 84, 12450064
0.27, 6.18, 12.00, 74.23, 62, 84, 12461884
0.27, 6.51, 11.33, 73.75, 62, 84, 12473712
0.28, 6.18, 11.95, 73.90, 63, 84, 12485540
0.28, 6.18, 11.84, 73.23, 63, 84, 12497372
0.28, 6.51, 11.89, 77.44, 63, 84, 12509204
0.28, 6.51, 12.00, 78.14, 63, 84, 12521024
0.28, 6.18, 11.76, 72.73, 63, 84, 12532856
0.28, 7.16, 11.81, 84.60, 63, 84, 12544676
0.28, 6.51, 12.03, 78.32, 63, 84, 12556508
0.28, 6.18, 12.14, 75.07, 63, 84, 12568328
0.28, 7.16, 12.14, 86.92, 63, 84, 12580164
0.28, 6.51, 11.95, 77.79, 63, 84, 12592000
0.28, 6.18, 12.00, 74.23, 63, 84, 12603816
0.28, 6.51, 11.98, 77.97, 63, 84, 12615652
0.28, 6.51, 12.06, 78.49, 63, 84, 12627472
0.28, 6.18, 11.60, 71.73, 63, 84, 12639308
0.28, 5.86, 11.73, 68.75, 63, 84, 12651132
0.28, 6.51, 11.89, 77.44, 63, 84, 12662964
0.28, 6.18, 11.81, 73.07, 63, 84, 12674788
0.28, 6.18, 11.84, 73.23, 64, 84, 12686624
0.28, 6.18, 12.00, 74.23, 64, 84, 12698444
0.28, 7.16, 12.38, 88.66, 64, 84, 12710272
0.28, 6.51, 11.89, 77.44, 64, 84, 12722108
0.28, 6.51, 11.81, 76.91, 64, 84, 12733928
0.29, 6.51, 12.03, 78.32, 64, 84, 12745764
0.29, 6.51, 11.92, 77.62, 64, 84, 12757584
0.29, 6.51, 12.03, 78.32, 64, 84, 12769424
0.29, 6.18, 11.92, 73.73, 64, 84, 12781240
0.29, 6.51, 11.14, 72.52, 64, 84, 12793080
0.29, 6.84, 11.81, 80.76, 64, 85, 12804900
0.29, 5.86, 11.81, 69.22, 64, 84, 12816728
0.29, 6.84, 12.11, 82.79, 64, 84, 12828560
0.29, 6.84, 12.06, 82.42, 64, 84, 12840384
0.29, 6.51, 11.68, 76.03, 64, 84, 12852220
0.29, 6.84, 11.92, 81.50, 64, 84, 12864044
0.29, 6.84, 11.89, 81.31, 64, 84, 12875880
0.29, 7.49, 11.81, 88.45, 65, 84, 12887696
0.29, 6.84, 12.00, 82.05, 65, 84, 12899532
0.29, 6.51, 11.87, 77.26, 65, 84, 12911356
0.29, 6.84, 12.00, 82.05, 65, 84, 12923192
0.29, 6.84, 11.98, 81.86, 65, 84, 12935012
0.29, 6.84, 11.79, 80.57, 65, 84, 12946840
0.29, 6.84, 11.76, 80.39, 65, 84, 12958676
0.29, 7.16, 11.84, 84.80, 65, 84, 12970496
0.29, 7.16, 12.03, 86.15, 65, 84, 12982332
0.29, 6.84, 12.06, 82.42, 65, 84, 12994152
0.29, 6.84, 11.76, 80.39, 65, 84, 13005984
0.30, 6.51, 11.68, 76.03, 65, 84, 13017804
0.30, 6.84, 11.87, 81.13, 65, 84, 13029636
0.30, 7.16, 11.92, 85.38, 65, 84, 13041460
0.30, 7.16, 11.17, 79.97, 65, 84, 13053288
0.30, 7.16, 11.87, 84.99, 65, 84, 13065116
0.30, 6.51, 11.95, 77.79, 65, 84, 13076944
0.30, 6.84, 11.89, 81.31, 66, 84, 13088780
0.30, 6.84, 12.03, 82.23, 66, 84, 13100604
0.30, 6.84, 11.98, 81.86, 66, 84, 13112440
0.30, 6.84, 12.49, 85.37, 66, 84, 13124260
0.30, 7.16, 11.98, 85.76, 66, 84, 13136092
0.30, 6.84, 11.65, 79.65, 66, 84, 13147916
0.30, 6.51, 12.16, 79.20, 66, 84, 13159748
0.30, 6.84, 11.76, 80.39, 66, 84, 13171572
0.31, 7.16, 12.00, 85.96, 66, 84, 13183400
0.31, 7.16, 11.79, 84.41, 66, 84, 13195236
0.31, 7.49, 11.95, 89.46, 66, 84, 13207060
0.31, 7.16, 11.89, 85.18, 66, 84, 13218896
0.31, 7.16, 11.54, 82.67, 66, 84, 13230716
0.31, 7.16, 11.98, 85.76, 66, 85, 13242548
0.31, 7.16, 11.89, 85.18, 66, 84, 13254368
0.31, 7.16, 12.25, 87.69, 66, 84, 13266200
0.31, 7.16, 12.08, 86.54, 66, 84, 13278020
0.31, 7.49, 11.57, 86.63, 67, 84, 13289852
0.31, 7.16, 11.81, 84.60, 67, 84, 13301676
0.31, 7.49, 11.79, 88.25, 67, 84, 13313524
0.31, 7.49, 11.79, 88.25, 67, 84, 13325340
0.31, 7.49, 11.98, 89.66, 67, 84, 13337156
0.31, 7.16, 11.81, 84.60, 67, 84, 13348992
0.31, 7.81, 12.16, 95.03, 67, 84, 13360808
0.31, 7.49, 11.65, 87.24, 67, 84, 13372644
0.31, 7.49, 11.87, 88.85, 67, 84, 13384464
0.32, 7.81, 11.98, 93.56, 67, 84, 13396296
0.32, 7.49, 12.08, 90.47, 67, 84, 13408116
0.32, 7.49, 11.98, 89.66, 67, 84, 13419940
0.32, 7.49, 12.25, 91.68, 67, 84, 13431776
0.32, 7.49, 11.89, 89.06, 67, 85, 13443592
0.32, 7.16, 11.89, 85.18, 67, 84, 13455424
0.32, 7.16, 12.65, 90.59, 67, 84, 13467248
0.32, 7.81, 11.92, 93.14, 67, 84, 13479080
0.32, 6.84, 11.65, 79.65, 68, 84, 13490900
0.32, 7.16, 11.84, 84.80, 68, 84, 13502732
0.32, 7.81, 11.68, 91.24, 68, 84, 13514552
0.32, 6.84, 12.33, 84.26, 68, 84, 13526380
0.32, 7.49, 11.87, 88.85, 68, 84, 13538208
0.32, 7.81, 11.73, 91.66, 68, 84, 13550032
0.32, 7.49, 11.98, 89.66, 68, 84, 13561864
0.32, 7.81, 12.25, 95.67, 68, 84, 13573704
0.32, 7.49, 11.79, 88.25, 68, 84, 13585516
0.32, 7.16, 11.54, 82.67, 68, 84, 13597340
0.32, 7.81, 12.11, 94.61, 68, 84, 13609172
0.32, 7.81, 11.95, 93.35, 68, 84, 13620992
0.33, 8.14, 11.27, 91.75, 68, 84, 13632824
0.33, 7.81, 12.08, 94.40, 68, 84, 13644644
0.33, 7.49, 11.89, 89.06, 68, 84, 13656472
0.33, 7.81, 11.73, 91.66, 68, 84, 13668308
0.33, 6.84, 11.54, 78.91, 68, 84, 13680128
0.33, 7.49, 11.92, 89.26, 69, 84, 13691976
0.33, 7.81, 11.71, 91.45, 69, 85, 13703784
0.33, 7.81, 12.03, 93.98, 69, 84, 13715620
0.33, 7.49, 11.65, 87.24, 69, 84, 13727444
0.33, 7.81, 11.76, 91.87, 69, 84, 13739276
0.33, 8.14, 11.92, 97.02, 69, 84, 13751100
0.33, 7.16, 11.60, 83.06, 69, 84, 13762928
0.34, 7.81, 12.03, 93.98, 69, 84, 13774756
0.34, 8.14, 12.00, 97.68, 69, 84, 13786580
0.34, 8.14, 11.71, 95.26, 69, 84, 13798416
0.34, 8.14, 12.06, 98.12, 69, 84, 13810232
0.34, 8.14, 11.89, 96.80, 69, 84, 13822072
0.34, 7.81, 12.00, 93.77, 69, 84, 13833908
0.34, 7.81, 11.68, 91.24, 69, 85, 13845720
0.34, 8.14, 11.87, 96.58, 69, 84, 13857544
0.34, 8.46, 11.95, 101.13, 69, 84, 13869376
0.34, 8.14, 11.92, 97.02, 69, 84, 13881192
0.34, 7.81, 12.35, 96.51, 70, 84, 13893024
0.34, 8.46, 11.87, 100.44, 70, 84, 13904860
0.34, 8.14, 11.89, 96.80, 70, 84, 13916680
0.34, 8.14, 12.00, 97.68, 70, 84, 13928520
0.34, 7.81, 11.57, 90.40, 70, 84, 13940344
0.34, 8.14, 11.79, 95.92, 70, 84, 13952192
0.35, 8.14, 11.76, 95.70, 70, 85, 13963996
0.35, 8.14, 11.92, 97.02, 70, 84, 13975832
0.35, 8.14, 11.76, 95.70, 70, 84, 13987652
0.35, 9.11, 11.36, 103.50, 70, 84, 13999484
0.35, 8.79, 11.11, 97.67, 70, 84, 14011308
0.35, 8.14, 11.95, 97.24, 70, 84, 14023140
0.35, 8.46, 11.98, 101.36, 70, 84, 14034976
0.35, 8.46, 11.73, 99.30, 70, 84, 14046796
0.35, 8.46, 11.81, 99.99, 70, 84, 14058632
0.35, 8.14, 12.25, 99.65, 70, 84, 14070452
0.35, 8.46, 11.84, 100.21, 70, 84, 14082288
0.35, 8.46, 11.49, 97.25, 71, 84, 14094112
0.35, 7.81, 11.79, 92.08, 71, 84, 14105940
0.35, 8.46, 11.84, 100.21, 71, 84, 14117764
0.35, 8.46, 11.65, 98.62, 71, 84, 14129596
0.35, 8.46, 12.03, 101.81, 71, 84, 14141428
0.36, 8.46, 11.76, 99.53, 71, 84, 14153252
0.36, 8.79, 12.03, 105.73, 71, 84, 14165088
0.36, 8.79, 12.19, 107.15, 71, 84, 14176912
0.36, 8.79, 11.68, 102.65, 71, 84, 14188744
0.36, 8.79, 11.57, 101.70, 71, 84, 14200568
0.36, 8.79, 11.95, 105.02, 71, 84, 14212400
0.36, 8.79, 11.76, 103.36, 71, 84, 14224224
0.36, 8.79, 11.84, 104.07, 71, 84, 14236052
0.36, 8.46, 12.00, 101.58, 71, 84, 14247888
0.36, 9.11, 12.35, 112.59, 71, 84, 14259712
0.36, 8.79, 11.98, 105.25, 71, 84, 14271548
0.36, 8.79, 11.87, 104.31, 71, 84, 14283368
0.36, 8.46, 11.63, 98.39, 72, 84, 14295204
0.36, 8.46, 12.60, 106.61, 72, 84, 14307028
0.36, 8.79, 11.76, 103.36, 72, 84, 14318860
0.36, 8.79, 11.60, 101.94, 72, 84, 14330684
0.37, 8.79, 11.89, 104.54, 72, 84, 14342508
0.37, 9.11, 12.00, 109.40, 72, 84, 14354336
0.37, 8.79, 11.84, 104.07, 72, 84, 14366164
0.37, 9.44, 11.89, 112.29, 72, 84, 14377996
0.37, 9.11, 11.92, 108.66, 72, 84, 14389816
0.37, 8.79, 11.60, 101.94, 72, 84, 14401652
0.37, 8.79, 11.11, 97.67, 72, 84, 14413472
0.37, 8.79, 11.89, 104.54, 72, 84, 14425304
0.37, 9.11, 11.57, 105.47, 72, 84, 14437124
0.37, 9.44, 11.33, 106.94, 72, 84, 14448960
0.37, 9.11, 11.89, 108.42, 72, 84, 14460780
0.37, 9.11, 11.84, 107.92, 72, 84, 14472612
0.37, 9.11, 12.00, 109.40, 72, 84, 14484448
0.37, 9.11, 11.89, 108.42, 73, 84, 14496268
0.37, 9.11, 11.95, 108.91, 73, 84, 14508100
0.37, 10.74, 11.44, 122.85, 73, 84, 14519920
0.38, 10.42, 11.57, 120.53, 73, 84, 14531752
0.38, 9.11, 12.57, 114.56, 73, 84, 14543572
0.38, 9.11, 11.54, 105.22, 73, 84, 14555404
0.38, 9.11, 11.44, 104.24, 73, 84, 14567228
0.38, 9.11, 11.95, 108.91, 73, 84, 14579056
0.38, 9.77, 11.84, 115.63, 73, 84, 14590884
0.38, 9.77, 11.92, 116.42, 73, 84, 14602712
0.38, 9.11, 11.63, 105.96, 73, 84, 14614548
0.38, 9.44, 11.60, 109.49, 73, 84, 14626368
0.38, 9.44, 11.79, 111.27, 73, 84, 14638200
0.38, 9.44, 11.60, 109.49, 73, 84, 14650024
0.38, 9.44, 11.71, 110.51, 73, 84, 14661856
0.38, 10.09, 11.71, 118.13, 73, 84, 14673676
0.38, 10.09, 11.49, 115.95, 73, 84, 14685512
0.38, 9.77, 11.60, 113.26, 74, 84, 14697340
0.39, 9.44, 12.06, 113.82, 74, 84, 14709168
0.39, 9.77, 11.79, 115.11, 74, 84, 14721000
0.39, 9.77, 12.08, 118.00, 74, 84, 14732820
0.39, 9.44, 11.76, 111.01, 74, 84, 14744652
0.39, 10.09, 12.08, 121.94, 74, 84, 14756476
0.39, 10.09, 11.65, 117.58, 74, 84, 14768308
0.39, 9.77, 11.60, 113.26, 74, 84, 14780128
0.39, 9.44, 11.54, 108.98, 74, 84, 14791964
0.39, 9.77, 11.63, 113.53, 74, 84, 14803784
0.40, 9.11, 12.03, 109.64, 74, 84, 14815608
0.40, 9.44, 11.89, 112.29, 74, 84, 14827436
0.40, 9.77, 11.95, 116.69, 74, 84, 14839268
0.40, 9.77, 11.54, 112.74, 74, 84, 14851100
0.40, 9.77, 12.06, 117.74, 74, 85, 14862924
0.40, 9.77, 11.95, 116.69, 74, 84, 14874760
0.40, 10.74, 11.65, 125.17, 74, 84, 14886584
0.40, 10.09, 11.87, 119.76, 75, 84, 14898416
0.40, 10.09, 11.76, 118.67, 75, 84, 14910240
0.40, 10.09, 11.89, 120.03, 75, 84, 14922064
0.40, 10.09, 11.68, 117.85, 75, 84, 14933912
0.40, 10.42, 12.00, 125.03, 75, 85, 14945724
0.40, 10.09, 11.44, 115.40, 75, 84, 14957552
0.41, 10.74, 11.84, 127.20, 75, 84, 14969376
0.41, 9.77, 11.68, 114.05, 75, 84, 14981208
0.40, 9.77, 12.25, 119.58, 75, 84, 14993028
0.41, 10.42, 12.22, 127.27, 75, 84, 15004860
0.41, 10.42, 11.46, 119.41, 75, 84, 15016684
0.41, 10.42, 11.68, 121.66, 75, 84, 15028516
0.41, 10.09, 11.41, 115.13, 75, 84, 15040336
0.41, 10.42, 11.92, 124.18, 75, 84, 15052180
0.41, 10.42, 11.87, 123.62, 75, 84, 15063996
0.41, 10.09, 11.84, 119.49, 75, 84, 15075816
0.41, 10.42, 11.92, 124.18, 75, 84, 15087652
0.41, 10.74, 11.81, 126.91, 76, 84, 15099472
0.41, 10.42, 11.60, 120.81, 76, 84, 15111304
0.41, 10.42, 11.46, 119.41, 76, 84, 15123124
0.41, 10.09, 11.60, 117.04, 76, 84, 15134960
0.41, 10.74, 12.06, 129.51, 76, 84, 15146780
0.42, 10.74, 11.27, 121.11, 76, 84, 15158608
0.42, 10.42, 11.60, 120.81, 76, 84, 15170436
0.42, 10.42, 11.98, 124.75, 76, 84, 15182264
0.42, 10.42, 11.41, 118.85, 76, 84, 15194112
0.42, 10.09, 11.54, 116.49, 76, 85, 15205916
0.42, 10.74, 11.87, 127.49, 76, 84, 15217748
0.42, 11.07, 11.65, 128.96, 76, 84, 15229568
0.42, 10.42, 12.11, 126.15, 76, 84, 15241404
0.42, 10.42, 11.60, 120.81, 76, 84, 15253220
0.42, 10.42, 11.60, 120.81, 76, 84, 15265056
0.42, 10.42, 11.54, 120.25, 76, 84, 15276872
0.42, 10.42, 11.84, 123.34, 76, 84, 15288704
0.42, 10.74, 11.65, 125.17, 77, 84, 15300528
0.42, 10.42, 11.87, 123.62, 77, 84, 15312368
0.42, 10.74, 11.95, 128.35, 77, 84, 15324188
0.42, 10.74, 11.81, 126.91, 77, 84, 15336008
0.43, 11.07, 11.71, 129.56, 77, 84, 15347840
0.43, 10.42, 12.27, 127.84, 77, 84, 15359660
0.43, 11.07, 11.65, 128.96, 77, 84, 15371492
0.43, 10.42, 11.73, 122.22, 77, 84, 15383316
0.43, 10.42, 11.87, 123.62, 77, 84, 15395148
0.43, 11.07, 11.81, 130.75, 77, 84, 15406968
0.43, 10.74, 11.57, 124.30, 77, 84, 15418796
0.43, 11.07, 11.68, 129.26, 77, 84, 15430632
0.43, 11.07, 11.36, 125.68, 77, 84, 15442452
0.43, 10.74, 11.65, 125.17, 77, 84, 15454308
0.43, 10.74, 11.63, 124.88, 77, 84, 15466112
0.43, 11.07, 11.79, 130.45, 77, 84, 15477944
0.43, 11.07, 11.95, 132.24, 77, 84, 15489768
0.43, 11.39, 11.44, 130.30, 78, 84, 15501604
0.43, 11.39, 11.87, 135.21, 78, 84, 15513420
0.43, 11.72, 12.30, 144.13, 78, 84, 15525248
0.44, 11.07, 11.36, 125.68, 78, 84, 15537080
0.44, 11.72, 11.71, 137.18, 78, 84, 15548904
0.44, 11.07, 11.73, 129.86, 78, 84, 15560736
0.44, 11.72, 11.89, 139.39, 78, 84, 15572572
0.44, 11.39, 11.73, 133.68, 78, 84, 15584392
0.44, 11.39, 12.30, 140.13, 78, 84, 15596212
0.45, 11.72, 11.68, 136.86, 78, 84, 15608048
0.44, 11.39, 11.87, 135.21, 78, 84, 15619868
0.44, 11.72, 11.87, 139.08, 78, 84, 15631696
0.44, 11.39, 11.49, 130.91, 78, 84, 15643520
0.44, 11.72, 11.79, 138.13, 78, 84, 15655348
0.44, 11.39, 11.57, 131.83, 78, 84, 15667180
0.44, 11.07, 11.46, 126.87, 78, 84, 15679000
0.44, 11.07, 11.81, 130.75, 78, 84, 15690832
0.44, 11.07, 11.79, 130.45, 79, 84, 15702656
0.44, 11.72, 12.08, 141.60, 79, 84, 15714488
0.45, 11.39, 11.71, 133.37, 79, 84, 15726312
0.45, 11.72, 11.76, 137.81, 79, 84, 15738148
0.45, 12.04, 12.06, 145.21, 79, 84, 15749968
0.45, 11.07, 11.46, 126.87, 79, 84, 15761796
0.45, 11.39, 11.89, 135.52, 79, 84, 15773632
0.45, 12.04, 11.92, 143.59, 79, 84, 15785452
0.46, 11.72, 11.41, 133.70, 79, 84, 15797284
0.46, 11.39, 11.46, 130.60, 79, 84, 15809104
0.46, 11.72, 11.60, 135.91, 79, 84, 15820936
0.45, 13.02, 11.46, 149.26, 79, 84, 15832760
0.45, 12.04, 11.87, 142.94, 79, 84, 15844592
0.46, 11.72, 11.73, 137.49, 79, 84, 15856412
0.46, 12.04, 11.52, 138.72, 79, 84, 15868244
0.46, 12.04, 11.98, 144.24, 79, 84, 15880068
0.46, 12.04, 11.84, 142.61, 79, 84, 15891892
0.46, 12.04, 11.79, 141.96, 80, 84, 15903728
0.46, 12.04, 11.09, 133.52, 80, 84, 15915548
0.46, 12.04, 11.33, 136.44, 80, 84, 15927384
0.46, 12.70, 11.76, 149.30, 80, 84, 15939200
0.46, 12.04, 11.95, 143.91, 80, 84, 15951036
0.46, 12.37, 11.65, 144.13, 80, 84, 15962856
0.46, 12.37, 11.41, 141.13, 80, 84, 15974688
0.47, 12.37, 11.54, 142.80, 80, 84, 15986508
0.47, 11.72, 11.98, 140.34, 80, 84, 15998336
0.47, 12.04, 11.36, 136.77, 80, 84, 16010172
0.47, 12.37, 11.30, 139.80, 80, 84, 16021992
0.47, 12.70, 11.63, 147.58, 80, 84, 16033828
0.47, 12.37, 11.63, 143.80, 80, 85, 16045648
0.47, 12.37, 11.87, 146.80, 80, 84, 16057484
0.47, 12.04, 11.52, 138.72, 80, 84, 16069304
0.47, 12.04, 11.57, 139.37, 80, 84, 16081144
0.47, 12.37, 12.03, 148.80, 80, 84, 16092964
0.47, 13.02, 11.03, 143.64, 81, 84, 16104788
0.47, 12.70, 11.73, 148.95, 81, 84, 16116620
0.47, 11.72, 11.41, 133.70, 81, 84, 16128448
0.47, 12.04, 11.68, 140.66, 81, 84, 16140284
0.47, 12.04, 11.52, 138.72, 81, 84, 16152104
0.48, 12.70, 11.81, 149.98, 81, 84, 16163936
0.48, 12.70, 12.11, 153.75, 81, 84, 16175760
0.48, 13.02, 11.41, 148.56, 81, 84, 16187592
0.48, 13.02, 11.87, 154.53, 81, 84, 16199416
0.48, 13.35, 11.57, 154.43, 81, 84, 16211252
0.48, 13.35, 11.41, 152.27, 81, 85, 16223072
0.48, 11.72, 11.76, 137.81, 81, 84, 16234896
0.48, 12.70, 11.30, 143.47, 81, 84, 16246728
0.48, 13.02, 11.79, 153.47, 81, 84, 16258552
0.48, 12.37, 11.60, 143.47, 81, 84, 16270388
0.48, 13.02, 11.89, 154.88, 81, 84, 16282204
0.48, 13.02, 11.84, 154.18, 81, 84, 16294036
0.48, 12.37, 11.09, 137.13, 82, 84, 16305856
0.48, 13.35, 11.36, 151.55, 82, 84, 16317688
0.48, 13.02, 11.33, 147.50, 82, 84, 16329512
0.48, 12.70, 12.08, 153.40, 82, 84, 16341336
0.49, 13.02, 11.57, 150.66, 82, 84, 16353164
0.49, 13.35, 11.79, 157.31, 82, 85, 16364992
0.49, 12.37, 11.44, 141.46, 82, 84, 16376824
0.49, 13.35, 11.81, 157.67, 82, 84, 16388648
0.49, 13.35, 11.60, 154.79, 82, 84, 16400484
0.49, 13.02, 11.63, 151.37, 82, 84, 16412308
0.49, 13.67, 12.25, 167.42, 82, 84, 16424140
0.49, 13.02, 11.71, 152.42, 82, 84, 16435960
0.49, 13.67, 11.22, 153.40, 82, 84, 16447796
0.50, 13.35, 11.57, 154.43, 82, 84, 16459620
0.49, 13.02, 11.36, 147.86, 82, 84, 16471448
0.49, 13.35, 11.84, 158.03, 82, 84, 16483284
0.49, 12.37, 11.46, 141.80, 82, 84, 16495104
0.49, 13.35, 11.89, 158.75, 83, 84, 16506940
0.49, 13.02, 11.79, 153.47, 83, 84, 16518760
0.49, 13.35, 11.57, 154.43, 83, 84, 16530600
0.50, 13.67, 11.54, 157.83, 83, 84, 16542420
0.50, 14.00, 11.68, 163.47, 83, 84, 16554272
0.50, 13.67, 11.76, 160.78, 83, 85, 16566072
0.51, 12.70, 12.14, 154.09, 83, 84, 16577900
0.51, 13.35, 11.68, 155.87, 83, 84, 16589724
0.51, 14.00, 11.57, 161.96, 83, 84, 16601552
0.51, 13.67, 11.68, 159.67, 83, 84, 16613388
0.51, 13.35, 11.30, 150.83, 83, 84, 16625208
0.51, 13.35, 11.71, 156.23, 83, 84, 16637040
0.51, 13.02, 11.57, 150.66, 83, 84, 16648864
0.51, 14.00, 11.84, 165.74, 83, 84, 16660696
0.51, 14.00, 11.81, 165.36, 83, 84, 16672536
0.51, 14.00, 11.00, 154.04, 83, 84, 16684356
0.51, 13.67, 11.49, 157.09, 83, 84, 16696176
0.51, 13.35, 11.49, 153.35, 84, 84, 16708004
0.51, 13.67, 11.65, 159.30, 84, 84, 16719844
0.51, 13.35, 11.38, 151.91, 84, 84, 16731660
0.51, 14.00, 11.89, 166.50, 84, 84, 16743500
0.51, 14.00, 11.60, 162.34, 84, 84, 16755324
0.52, 14.32, 11.79, 168.82, 84, 84, 16767156
0.52, 13.67, 12.19, 166.68, 84, 84, 16778976
0.52, 14.32, 12.08, 173.07, 84, 84, 16790816
0.52, 14.32, 11.49, 164.57, 84, 84, 16802632
0.52, 14.32, 11.46, 164.19, 84, 84, 16814480
0.52, 14.00, 11.81, 165.36, 84, 84, 16826288
0.52, 14.32, 11.84, 169.59, 84, 84, 16838116
0.52, 14.32, 11.76, 168.44, 84, 84, 16849948
0.52, 14.00, 11.65, 163.10, 84, 84, 16861768
0.52, 13.67, 11.30, 154.51, 84, 84, 16873600
0.52, 14.00, 11.30, 158.19, 84, 84, 16885420
0.52, 14.00, 11.81, 165.36, 84, 84, 16897252
0.52, 14.32, 12.14, 173.84, 85, 84, 16909076
0.52, 13.35, 11.89, 158.75, 85, 84, 16920908
0.52, 14.00, 11.36, 158.94, 85, 84, 16932744
0.52, 14.00, 11.98, 167.63, 85, 85, 16944556
0.52, 14.65, 11.33, 165.94, 85, 84, 16956388
0.53, 14.65, 11.65, 170.68, 85, 84, 16968208
0.53, 14.32, 11.19, 160.32, 85, 84, 16980044
0.53, 14.65, 10.73, 157.25, 85, 84, 16991864
0.53, 14.32, 11.60, 166.12, 85, 84, 17003696
0.53, 14.65, 11.25, 164.76, 85, 84, 17015516
0.54, 14.00, 11.65, 163.10, 85, 84, 17027352
0.54, 14.00, 11.17, 156.30, 85, 84, 17039172
0.53, 15.30, 11.06, 169.19, 85, 84, 17051000
0.54, 14.97, 11.81, 176.90, 85, 84, 17062820
0.53, 14.97, 11.92, 178.52, 85, 84, 17074668
0.53, 14.32, 11.60, 166.12, 85, 84, 17086484
0.54, 14.65, 11.68, 171.08, 85, 84, 17098304
0.54, 14.32, 11.19, 160.32, 86, 84, 17110136
0.53, 14.32, 11.36, 162.64, 86, 84, 17121956
0.53, 14.00, 11.68, 163.47, 86, 84, 17133788
0.54, 14.65, 11.89, 174.24, 86, 84, 17145608
0.54, 15.63, 11.19, 174.90, 86, 84, 17157444
0.54, 15.30, 11.49, 175.79, 86, 84, 17169264
0.54, 14.97, 11.73, 175.69, 86, 84, 17181088
0.54, 14.97, 11.46, 171.65, 86, 84, 17192920
0.54, 14.97, 11.44, 171.25, 86, 84, 17204744
0.55, 14.97, 11.19, 167.61, 86, 84, 17216576
0.55, 15.63, 11.30, 176.58, 86, 84, 17228404
0.55, 15.30, 11.27, 172.49, 86, 84, 17240236
0.55, 15.30, 11.33, 173.32, 86, 84, 17252060
0.55, 15.30, 11.33, 173.32, 86, 84, 17263896
0.55, 15.63, 11.36, 177.43, 86, 84, 17275716
0.55, 14.65, 12.03, 176.21, 86, 84, 17287548
0.55, 14.97, 11.33, 169.63, 86, 84, 17299376
0.55, 15.30, 11.54, 176.62, 87, 84, 17311204
0.55, 15.63, 11.46, 179.11, 87, 84, 17323040
0.55, 15.63, 11.60, 181.22, 87, 84, 17334860
0.55, 14.97, 11.44, 171.25, 87, 84, 17346696
0.55, 15.63, 11.41, 178.27, 87, 84, 17358516
0.56, 15.30, 11.52, 176.21, 87, 84, 17370352
0.56, 15.30, 11.30, 172.90, 87, 84, 17382176
0.56, 15.95, 11.17, 178.11, 87, 84, 17394004
0.56, 15.30, 11.36, 173.73, 87, 84, 17405832
0.56, 15.30, 11.87, 181.57, 87, 84, 17417660
0.56, 14.97, 11.46, 171.65, 87, 84, 17429492
0.56, 14.97, 11.41, 170.84, 87, 84, 17441316
0.56, 15.30, 11.87, 181.57, 87, 84, 17453148
0.56, 16.28, 11.46, 186.58, 87, 84, 17464968
0.56, 15.30, 11.36, 173.73, 87, 84, 17476800
0.56, 15.63, 11.60, 181.22, 87, 84, 17488620
0.56, 15.95, 11.87, 189.30, 87, 84, 17500456
0.56, 15.95, 11.33, 180.69, 88, 84, 17512280
0.56, 15.63, 11.17, 174.48, 88, 84, 17524104
0.56, 15.95, 12.08, 192.74, 88, 84, 17535936
0.56, 15.95, 11.71, 186.72, 88, 84, 17547756
0.57, 16.28, 11.41, 185.70, 88, 84, 17559592
0.57, 15.30, 11.54, 176.62, 88, 84, 17571408
0.57, 15.95, 11.81, 188.44, 88, 84, 17583244
0.57, 15.95, 11.71, 186.72, 88, 84, 17595060
0.57, 15.95, 11.57, 184.56, 88, 84, 17606896
0.57, 16.28, 11.41, 185.70, 88, 84, 17618716
0.57, 16.60, 11.68, 193.89, 88, 84, 17630544
0.57, 16.28, 11.46, 186.58, 88, 84, 17642376
0.57, 16.93, 11.41, 193.13, 88, 84, 17654200
0.57, 16.28, 12.06, 196.23, 88, 84, 17666036
0.57, 15.95, 11.44, 182.41, 88, 84, 17677856
0.57, 15.63, 11.09, 173.21, 88, 84, 17689684
0.57, 15.95, 12.16, 194.03, 88, 84, 17701508
0.57, 15.63, 11.49, 179.53, 89, 84, 17713340
0.57, 15.95, 11.27, 179.83, 89, 84, 17725160
0.57, 16.60, 11.95, 198.37, 89, 84, 17736996
0.58, 15.95, 11.27, 179.83, 89, 84, 17748820
0.58, 17.25, 10.95, 188.93, 89, 84, 17760648
0.58, 16.28, 11.14, 181.31, 89, 84, 17772480
0.58, 16.28, 11.54, 187.89, 89, 84, 17784304
0.58, 15.95, 11.22, 178.97, 89, 84, 17796140
0.58, 16.60, 11.22, 186.28, 89, 84, 17807964
0.59, 16.60, 11.36, 188.52, 89, 84, 17819800
0.58, 16.93, 11.14, 188.56, 89, 84, 17831620
0.58, 16.28, 11.41, 185.70, 89, 84, 17843456
0.58, 16.93, 11.54, 195.41, 89, 84, 17855280
0.59, 16.60, 12.14, 201.50, 89, 84, 17867108
0.59, 16.60, 11.22, 186.28, 89, 84, 17878936
0.58, 16.28, 11.25, 183.06, 89, 84, 17890760
0.59, 16.60, 11.46, 190.31, 89, 84, 17902600
0.59, 16.60, 11.22, 186.28, 90, 84, 17914420
0.59, 16.60, 11.25, 186.72, 90, 84, 17926256
0.59, 15.95, 11.46, 182.84, 90, 84, 17938076
0.59, 16.60, 11.25, 186.72, 90, 84, 17949912
0.59, 16.60, 11.30, 187.62, 90, 84, 17961736
0.59, 16.60, 11.25, 186.72, 90, 84, 17973568
0.60, 16.93, 11.52, 194.95, 90, 85, 17985388
0.60, 16.93, 11.30, 191.30, 90, 84, 17997216
0.59, 16.28, 11.30, 183.94, 90, 84, 18009048
0.60, 16.93, 11.84, 200.43, 90, 84, 18020868
0.60, 16.93, 11.76, 199.06, 90, 84, 18032716
0.60, 16.93, 11.33, 191.76, 90, 84, 18044520
0.59, 16.60, 11.41, 189.41, 90, 84, 18056352
0.60, 17.58, 11.33, 199.13, 90, 84, 18068176
0.60, 16.60, 11.19, 185.83, 90, 84, 18080008
0.59, 17.25, 11.79, 203.35, 90, 84, 18091828
0.59, 17.25, 11.33, 195.44, 90, 84, 18103656
0.59, 16.93, 11.76, 199.06, 91, 84, 18115484
0.59, 16.93, 11.06, 187.19, 91, 84, 18127308
0.59, 16.60, 11.17, 185.38, 91, 84, 18139144
0.60, 16.93, 11.27, 190.84, 91, 84, 18150964
0.60, 17.25, 11.49, 198.23, 91, 84, 18162800
0.60, 16.93, 11.36, 192.21, 91, 84, 18174640
0.60, 17.58, 11.71, 205.77, 91, 84, 18186456
0.61, 17.25, 11.81, 203.82, 91, 84, 18198276
0.61, 17.58, 12.22, 214.78, 91, 84, 18210112
0.61, 17.58, 11.25, 197.71, 91, 84, 18221932
0.61, 16.93, 11.22, 189.93, 91, 84, 18233760
0.61, 17.25, 11.49, 198.23, 91, 84, 18245592
0.61, 17.25, 11.22, 193.58, 91, 84, 18257412
0.61, 17.25, 11.33, 195.44, 91, 84, 18269248
0.61, 17.58, 11.73, 206.24, 91, 84, 18281068
0.61, 17.58, 11.49, 201.98, 91, 84, 18292916
0.61, 16.93, 11.65, 197.23, 91, 84, 18304720
0.61, 17.58, 11.41, 200.55, 92, 84, 18316552
0.61, 17.25, 11.60, 200.10, 92, 84, 18328376
0.61, 17.90, 11.41, 204.27, 92, 84, 18340200
0.61, 17.90, 11.54, 206.68, 92, 84, 18352028
0.61, 17.25, 11.46, 197.77, 92, 84, 18363856
0.62, 18.23, 11.44, 208.47, 92, 84, 18375688
0.62, 17.90, 11.38, 203.78, 92, 84, 18387508
0.62, 18.23, 11.46, 208.96, 92, 84, 18399344
0.62, 17.58, 12.22, 214.78, 92, 84, 18411164
0.62, 17.90, 11.27, 201.85, 92, 84, 18422996
0.62, 17.58, 11.00, 193.44, 92, 84, 18434832
0.62, 17.90, 11.54, 206.68, 92, 84, 18446648
0.62, 17.90, 11.49, 205.72, 92, 84, 18458468
0.61, 17.90, 11.27, 201.85, 92, 84, 18470296
0.62, 17.25, 11.17, 192.65, 92, 84, 18482128
0.62, 17.90, 11.09, 198.47, 92, 84, 18493952
0.62, 17.58, 11.57, 203.40, 92, 84, 18505788
0.62, 18.23, 11.41, 207.98, 93, 84, 18517608
0.62, 17.58, 11.63, 204.35, 93, 84, 18529444
0.62, 18.55, 11.54, 214.20, 93, 84, 18541268
0.62, 17.90, 11.09, 198.47, 93, 84, 18553120
0.62, 17.58, 11.87, 208.61, 93, 85, 18564924
0.62, 18.55, 11.25, 208.69, 93, 84, 18576752
0.62, 18.55, 11.27, 209.19, 93, 84, 18588580
0.62, 18.23, 11.27, 205.52, 93, 84, 18600412
0.62, 17.90, 11.30, 202.34, 93, 84, 18612244
0.62, 18.55, 11.60, 215.20, 93, 84, 18624068
0.62, 18.55, 11.49, 213.20, 93, 84, 18635900
0.62, 18.55, 11.22, 208.19, 93, 84, 18647716
0.62, 18.55, 12.03, 223.21, 93, 84, 18659548
0.62, 18.23, 11.63, 211.91, 93, 84, 18671372
0.62, 18.55, 11.68, 216.70, 93, 84, 18683204
0.62, 18.23, 11.60, 211.42, 93, 84, 18695044
0.62, 18.23, 11.41, 207.98, 93, 84, 18706852
0.62, 18.23, 11.44, 208.47, 94, 84, 18718684
0.62, 18.88, 11.65, 219.99, 94, 84, 18730508
0.62, 18.55, 11.52, 213.70, 94, 84, 18742340
0.63, 18.23, 11.06, 201.59, 94, 84, 18754164
0.63, 18.23, 11.44, 208.47, 94, 84, 18766000
0.63, 18.23, 11.44, 208.47, 94, 84, 18777824
0.63, 18.55, 11.36, 210.69, 94, 84, 18789656
0.63, 18.55, 11.65, 216.20, 94, 84, 18801480
0.63, 18.55, 11.27, 209.19, 94, 84, 18813308
0.63, 18.55, 11.49, 213.20, 94, 84, 18825136
0.63, 18.88, 11.52, 217.45, 94, 84, 18836968
0.63, 18.55, 11.46, 212.70, 94, 84, 18848804
0.63, 18.88, 11.57, 218.46, 94, 84, 18860624
0.63, 18.55, 11.27, 209.19, 94, 84, 18872456
0.63, 18.55, 11.06, 205.19, 94, 84, 18884280
0.63, 19.21, 11.46, 220.16, 94, 84, 18896112
0.63, 18.55, 11.19, 207.69, 94, 84, 18907936
0.63, 18.55, 11.49, 213.20, 95, 84, 18919764
0.63, 19.53, 11.60, 226.52, 95, 84, 18931596
0.63, 18.55, 11.11, 206.19, 95, 84, 18943424
0.63, 18.88, 11.84, 223.56, 95, 84, 18955256
0.64, 19.21, 11.41, 219.12, 95, 84, 18967076
0.64, 18.88, 11.46, 216.43, 95, 84, 18978908
0.64, 18.88, 11.06, 208.79, 95, 84, 18990728
0.64, 18.55, 11.87, 220.20, 95, 84, 19002560
0.64, 18.88, 11.73, 221.52, 95, 84, 19014384
0.64, 18.88, 11.17, 210.83, 95, 84, 19026212
0.64, 18.88, 11.63, 219.48, 95, 84, 19038036
0.64, 18.55, 11.27, 209.19, 95, 84, 19049864
0.64, 18.88, 11.49, 216.94, 95, 84, 19061700
0.64, 18.88, 11.54, 217.95, 95, 84, 19073520
0.64, 18.88, 11.06, 208.79, 95, 84, 19085348
0.64, 18.88, 11.84, 223.56, 95, 84, 19097168
0.64, 18.55, 11.27, 209.19, 95, 84, 19109004
0.64, 19.21, 11.27, 216.53, 96, 84, 19120824
0.64, 18.88, 11.14, 210.32, 96, 84, 19132660
0.64, 18.88, 10.92, 206.24, 96, 84, 19144476
0.64, 19.53, 11.44, 223.36, 96, 84, 19156304
0.64, 19.21, 11.30, 217.05, 96, 84, 19168132
0.65, 19.21, 11.19, 214.98, 96, 84, 19179960
0.65, 18.88, 11.33, 213.88, 96, 84, 19191792
0.65, 19.21, 11.60, 222.75, 96, 85, 19203612
0.65, 18.88, 11.27, 212.86, 96, 84, 19215444
0.65, 19.53, 11.06, 215.99, 96, 84, 19227268
0.65, 19.53, 11.38, 222.31, 96, 84, 19239096
0.65, 19.53, 11.25, 219.68, 96, 84, 19250920
0.65, 19.53, 11.49, 224.42, 96, 84, 19262752
0.65, 19.53, 11.44, 223.36, 96, 84, 19274572
0.65, 18.88, 11.33, 213.88, 96, 84, 19286400
0.65, 19.21, 11.36, 218.09, 96, 84, 19298224
0.65, 19.21, 11.11, 213.42, 96, 84, 19310052
0.65, 19.21, 11.09, 212.91, 97, 84, 19321884
0.65, 19.21, 11.63, 223.27, 97, 84, 19333704
0.65, 19.53, 10.98, 214.41, 97, 84, 19345536
0.65, 19.53, 11.22, 219.15, 97, 84, 19357360
0.65, 19.53, 11.06, 215.99, 97, 84, 19369192
0.65, 19.53, 11.60, 226.52, 97, 84, 19381016
0.65, 19.53, 11.25, 219.68, 97, 84, 19392848
0.66, 19.86, 11.19, 222.27, 97, 84, 19404668
0.66, 19.86, 11.22, 222.80, 97, 84, 19416500
0.66, 20.18, 11.30, 228.09, 97, 84, 19428328
0.66, 19.53, 11.14, 217.57, 97, 84, 19440152
0.66, 19.53, 11.30, 220.73, 97, 84, 19451984
0.66, 19.53, 11.81, 230.74, 97, 84, 19463804
0.66, 19.86, 11.54, 229.23, 97, 84, 19475640
0.66, 20.18, 11.38, 229.72, 97, 84, 19487456
0.66, 19.53, 11.36, 221.78, 97, 84, 19499292
0.66, 20.18, 11.33, 228.63, 97, 84, 19511108
0.66, 19.86, 11.11, 220.66, 98, 84, 19522936
0.66, 19.86, 11.33, 224.94, 98, 84, 19534764
0.66, 19.21, 11.33, 217.57, 98, 84, 19546588
0.66, 19.86, 11.19, 222.27, 98, 84, 19558420
0.66, 19.86, 11.22, 222.80, 98, 84, 19570244
0.66, 20.18, 11.14, 224.82, 98, 84, 19582076
0.66, 19.86, 11.22, 222.80, 98, 84, 19593900
0.67, 20.18, 11.36, 229.18, 98, 84, 19605732
0.66, 20.18, 11.27, 227.54, 98, 84, 19617556
0.66, 19.53, 11.03, 215.46, 98, 84, 19629388
0.66, 20.51, 11.22, 230.11, 98, 84, 19641216
0.66, 20.83, 11.38, 237.13, 98, 84, 19653056
0.66, 20.18, 11.09, 223.73, 98, 84, 19664876
0.66, 20.83, 11.30, 235.44, 98, 84, 19676700
0.66, 20.18, 11.76, 237.34, 98, 84, 19688532
0.66, 20.18, 11.09, 223.73, 98, 84, 19700352
0.66, 20.18, 11.71, 236.25, 98, 84, 19712188
0.66, 20.51, 11.41, 233.98, 99, 84, 19724012
0.66, 20.18, 11.36, 229.18, 99, 84, 19735848
0.66, 20.18, 11.38, 229.72, 99, 84, 19747668
0.67, 19.86, 11.38, 226.01, 99, 84, 19759496
0.67, 20.18, 11.33, 228.63, 99, 84, 19771332
0.67, 20.83, 11.11, 231.51, 99, 84, 19783152
0.67, 20.51, 11.14, 228.45, 99, 84, 19795008
0.67, 20.51, 11.41, 233.98, 99, 85, 19806808
0.67, 20.83, 11.38, 237.13, 99, 84, 19818640
0.67, 20.83, 11.33, 236.01, 99, 84, 19830460
0.67, 20.51, 11.25, 230.66, 99, 84, 19842292
0.67, 20.51, 11.17, 229.00, 99, 84, 19854116
0.67, 20.83, 11.00, 229.26, 99, 84, 19865940
0.67, 21.16, 11.54, 244.26, 99, 84, 19877768
0.67, 20.51, 11.00, 225.68, 99, 84, 19889592
0.68, 21.16, 11.25, 237.98, 99, 84, 19901428
0.68, 20.51, 11.73, 240.62, 99, 84, 19913264
0.68, 20.83, 11.25, 234.32, 100, 84, 19925084
0.68, 20.18, 11.17, 225.37, 100, 84, 19936904
0.68, 21.48, 11.25, 241.64, 100, 84, 19948736
0.68, 21.16, 11.76, 248.83, 100, 84, 19960560
0.68, 21.16, 10.92, 231.13, 100, 84, 19972396
0.69, 20.51, 11.22, 230.11, 100, 85, 19984216
0.69, 20.83, 10.95, 228.14, 100, 84, 19996044
0.69, 21.16, 11.49, 243.12, 100, 84, 20007880
0.69, 20.83, 11.14, 232.07, 100, 84, 20019704
0.69, 21.16, 11.60, 245.40, 100, 84, 20031536
0.69, 20.51, 11.44, 234.53, 100, 84, 20043364
0.69, 22.14, 11.54, 255.53, 100, 84, 20055212
0.69, 21.81, 11.14, 242.95, 100, 84, 20067020
0.69, 21.16, 11.30, 239.12, 100, 84, 20078852
0.69, 20.83, 11.03, 229.83, 100, 84, 20090676
0.69, 21.48, 11.00, 236.43, 100, 84, 20102504
0.69, 21.48, 11.33, 243.38, 100, 84, 20114332
0.69, 21.81, 10.98, 239.42, 100, 84, 20126160
0.69, 21.81, 11.27, 245.89, 100, 84, 20137992
0.69, 20.83, 11.25, 234.32, 100, 84, 20149816
0.69, 21.48, 11.11, 238.75, 100, 84, 20161648
0.69, 21.16, 11.54, 244.26, 100, 84, 20173468
0.69, 21.48, 11.57, 248.60, 100, 84, 20185304
0.69, 22.46, 11.27, 253.23, 100, 84, 20197124
0.69, 21.81, 11.81, 257.66, 100, 84, 20208956
0.69, 21.48, 11.25, 241.64, 100, 84, 20220776
0.69, 20.83, 11.36, 236.57, 100, 84, 20232600
0.69, 21.16, 11.03, 233.42, 100, 84, 20244436
0.69, 21.48, 11.44, 245.70, 100, 84, 20256256
0.69, 21.48, 10.84, 232.95, 100, 84, 20268088
0.69, 21.16, 11.33, 239.69, 100, 84, 20279912
0.69, 21.48, 11.44, 245.70, 100, 84, 20291740
0.69, 21.16, 10.95, 231.70, 100, 84, 20303564
0.69, 21.48, 11.19, 240.48, 100, 84, 20315412
0.69, 21.81, 11.17, 243.54, 100, 84, 20327216
0.69, 21.48, 10.92, 234.69, 100, 84, 20339044
0.69, 21.16, 11.17, 236.27, 100, 84, 20350872
0.69, 21.16, 11.89, 251.68, 100, 84, 20362700
0.69, 21.16, 11.33, 239.69, 100, 84, 20374536
0.69, 21.48, 11.11, 238.75, 100, 84, 20386352
0.69, 21.16, 11.54, 244.26, 100, 84, 20398184
0.69, 21.16, 11.65, 246.54, 100, 84, 20410004
0.69, 21.48, 11.57, 248.60, 100, 84, 20421840
0.69, 21.16, 10.82, 228.85, 100, 84, 20433660
0.69, 21.48, 11.46, 246.28, 100, 84, 20445492
0.69, 20.83, 11.52, 239.94, 100, 84, 20457312
0.69, 20.83, 11.57, 241.06, 100, 84, 20469144
0.69, 21.48, 11.71, 251.49, 100, 84, 20480976
0.69, 21.48, 11.46, 246.28, 100, 84, 20492796
0.69, 21.16, 11.36, 240.26, 100, 84, 20504628
0.69, 21.81, 11.36, 247.66, 100, 84, 20516448
0.69, 20.83, 11.44, 238.25, 100, 84, 20528284
0.69, 21.16, 11.46, 242.55, 100, 84, 20540104
0.69, 21.48, 10.82, 232.37, 100, 84, 20551932
0.69, 21.48, 11.33, 243.38, 100, 84, 20563756
0.69, 21.16, 11.06, 233.99, 100, 84, 20575584
0.69, 22.14, 11.22, 248.37, 100, 84, 20587408
0.69, 21.48, 11.79, 253.23, 100, 84, 20599236
0.69, 21.48, 11.27, 242.22, 100, 84, 20611068
0.69, 21.16, 11.27, 238.55, 100, 84, 20622888
0.69, 21.48, 11.27, 242.22, 100, 84, 20634720
0.69, 21.48, 10.90, 234.11, 100, 84, 20646544
0.69, 21.48, 11.19, 240.48, 100, 84, 20658376
0.69, 21.48, 11.17, 239.90, 100, 84, 20670196
0.69, 21.16, 11.03, 233.42, 100, 84, 20682028
0.69, 21.48, 11.22, 241.06, 100, 84, 20693848
0.69, 21.81, 11.52, 251.19, 100, 84, 20705672
0.69, 20.83, 11.57, 241.06, 100, 84, 20717508
0.69, 22.14, 10.92, 241.80, 100, 84, 20729324
0.69, 21.81, 11.36, 247.66, 100, 84, 20741160
0.69, 21.48, 11.36, 243.96, 100, 84, 20752980
0.69, 21.16, 11.27, 238.55, 100, 84, 20764812
0.69, 21.48, 11.49, 246.86, 100, 84, 20776632
0.69, 21.16, 10.98, 232.28, 100, 84, 20788468
0.69, 21.81, 11.60, 252.95, 100, 84, 20800288
0.69, 21.48, 11.17, 239.90, 100, 84, 20812116
0.69, 21.81, 11.17, 243.54, 100, 84, 20823944
0.69, 21.81, 11.57, 252.36, 100, 84, 20835768
0.69, 21.48, 11.30, 242.80, 100, 84, 20847600
0.69, 21.16, 11.11, 235.13, 100, 84, 20859420
0.69, 21.48, 11.06, 237.59, 100, 84, 20871256
0.69, 21.16, 10.90, 230.56, 100, 84, 20883076
0.69, 21.48, 11.30, 242.80, 100, 84, 20894908
0.69, 21.81, 11.11, 242.36, 100, 85, 20906728
0.69, 21.48, 11.60, 249.18, 100, 84, 20918556
STOP
0.69, 21.16, 11.60, 245.40, 0, 84, 20930380
0.69, 19.86, 13.46, 267.25, 0, 84, 20942208
0.67, 17.90, 12.27, 219.72, 0, 84, 20954032
0.49, 15.63, 12.62, 197.23, 0, 84, 20965860
0.26, 13.67, 12.06, 164.84, 0, 84, 20977692
0.12, 12.37, 12.14, 150.14, 0, 84, 20989508
0.04, 11.39, 12.08, 137.67, 0, 84, 21001344
0.01, 10.09, 12.06, 121.66, 0, 84, 21013168
-0.00, 9.11, 12.06, 109.89, 0, 85, 21025000
-0.01, 8.46, 12.06, 102.04, 0, 84, 21036824
-0.01, 7.49, 12.03, 90.07, 0, 84, 21048656
-0.01, 6.84, 12.06, 82.42, 0, 84, 21060476
-0.01, 6.18, 12.06, 74.57, 0, 84, 21072308
-0.01, 5.53, 12.06, 66.72, 0, 84, 21084144
-0.00, 4.88, 12.06, 58.87, 0, 84, 21095964
-0.00, 4.56, 12.06, 54.95, 0, 84, 21107804
0.00, 4.23, 12.06, 51.02, 0, 84, 21119624
-0.00, 3.91, 12.06, 47.10, 0, 84, 21131460
-0.00, 3.26, 12.06, 39.25, 0, 84, 21143276
-0.01, 3.26, 12.06, 39.25, 0, 84, 21155108
-0.01, 2.93, 12.06, 35.32, 0, 84, 21166928
-0.01, 2.60, 12.06, 31.40, 0, 84, 21178756
-0.01, 2.28, 12.06, 27.47, 0, 84, 21190588
-0.01, 1.95, 12.06, 23.55, 0, 84, 21202412
-0.01, 1.95, 12.06, 23.55, 0, 84, 21214264
-0.01, 1.63, 12.06, 19.62, 0, 85, 21226064
-0.00, 1.63, 12.06, 19.62, 0, 84, 21237896
-0.00, 1.30, 12.06, 15.70, 0, 84, 21249716
-0.00, 1.30, 12.06, 15.70, 0, 84, 21261548
-0.00, 0.98, 12.06, 11.77, 0, 84, 21273388
-0.01, 0.98, 12.06, 11.77, 0, 84, 21285204
-0.01, 0.98, 12.06, 11.77, 0, 84, 21297028
-0.01, 0.65, 12.06, 7.85, 0, 84, 21308860
-0.01, 0.65, 12.06, 7.85, 0, 84, 21320696
-0.01, 0.65, 12.06, 7.85, 0, 84, 21332516
-0.01, 0.65, 12.06, 7.85, 0, 84, 21344352
-0.01, 0.65, 12.06, 7.85, 0, 84, 21356172
-0.01, 0.33, 12.06, 3.92, 0, 84, 21368004
-0.00, 0.33, 12.06, 3.92, 0, 84, 21379828
-0.00, 0.33, 12.06, 3.92, 0, 84, 21391660
-0.00, 0.33, 12.06, 3.92, 0, 84, 21403476
-0.01, 0.33, 12.06, 3.92, 0, 84, 21415304
-0.01, 0.33, 12.06, 3.92, 0, 84, 21427140
-0.01, 0.33, 12.06, 3.92, 0, 84, 21438956
-0.01, 0.33, 12.06, 3.92, 0, 84, 21450792
-0.01, 0.33, 12.06, 3.92, 0, 84, 21462612
-0.01, 0.33, 12.06, 3.92, 0, 84, 21474464
-0.01, 0.33, 12.06, 3.92, 0, 84, 21486268
-0.01, -0.00, 12.06, -0.00, 0, 84, 21498104
-0.01, -0.00, 12.08, -0.00, 0, 84, 21509924
