START
0.03, -0.33, 12.19, -3.97, 1, 19, 516
0.03, -0.00, 12.19, -0.00, 1, 146, 7384
0.03, -0.00, 12.19, -0.00, 1, 84, 19204
0.03, -0.00, 12.19, -0.00, 1, 84, 31040
0.03, -0.00, 12.19, -0.00, 1, 84, 42860
0.03, -0.00, 12.19, -0.00, 1, 84, 54688
0.03, -0.00, 12.19, -0.00, 1, 84, 66528
0.03, -0.00, 12.19, -0.00, 1, 84, 78348
0.03, -0.00, 12.19, -0.00, 1, 84, 90184
0.03, -0.00, 12.19, -0.00, 1, 84, 102008
0.03, -0.00, 12.19, -0.00, 1, 84, 113840
0.03, -0.00, 12.19, -0.00, 1, 84, 125664
0.03, -0.00, 12.16, -0.00, 1, 84, 137500
0.03, -0.00, 12.16, -0.00, 1, 84, 149320
0.03, -0.00, 12.16, -0.00, 1, 84, 161152
0.03, -0.00, 12.16, -0.00, 1, 84, 172988
0.03, -0.00, 12.16, -0.00, 1, 84, 184808
0.03, -0.00, 12.16, -0.00, 1, 84, 196648
0.03, -0.00, 12.16, -0.00, 1, 84, 208472
0.03, -0.00, 12.19, -0.00, 2, 84, 220304
0.03, -0.00, 12.16, -0.00, 2, 84, 232128
0.03, -0.00, 12.19, -0.00, 2, 84, 243960
0.03, -0.00, 12.16, -0.00, 2, 84, 255796
0.03, -0.00, 12.16, -0.00, 2, 84, 267608
0.03, -0.00, 12.16, -0.00, 2, 84, 279436
0.03, -0.00, 12.16, -0.00, 2, 84, 291260
0.03, -0.00, 12.16, -0.00, 2, 84, 303096
0.03, -0.00, 12.16, -0.00, 2, 84, 314916
0.03, -0.00, 12.16, -0.00, 2, 84, 326752
0.03, -0.00, 12.16, -0.00, 2, 84, 338572
0.03, -0.00, 12.16, -0.00, 2, 84, 350408
0.03, -0.00, 12.16, -0.00, 2, 84, 362228
0.03, -0.00, 12.16, -0.00, 2, 84, 374060
0.03, -0.00, 12.16, -0.00, 2, 84, 385884
0.03, -0.00, 12.16, -0.00, 2, 84, 397708
0.03, -0.00, 12.16, -0.00, 2, 84, 409544
0.03, -0.00, 12.16, -0.00, 3, 84, 421364
0.03, -0.00, 12.16, -0.00, 3, 84, 433200
0.03, -0.00, 12.19, -0.00, 3, 84, 445016
0.03, -0.00, 12.19, -0.00, 3, 84, 456876
0.03, -0.00, 12.16, -0.00, 3, 84, 468680
0.03, -0.00, 12.16, -0.00, 3, 84, 480516
0.03, -0.00, 12.19, -0.00, 3, 84, 492336
0.03, -0.00, 12.19, -0.00, 3, 84, 504168
0.03, -0.00, 12.16, -0.00, 3, 84, 516004
0.03, -0.00, 12.16, -0.00, 3, 84, 527820
0.03, -0.00, 12.16, -0.00, 3, 84, 539656
0.03, -0.00, 12.16, -0.00, 3, 84, 551476
0.03, -0.00, 12.16, -0.00, 3, 84, 563308
0.03, -0.00, 12.16, -0.00, 3, 84, 575128
0.03, -0.00, 12.19, -0.00, 3, 84, 586960
0.03, -0.00, 12.19, -0.00, 3, 84, 598784
0.03, -0.00, 12.19, -0.00, 3, 84, 610620
0.03, -0.00, 12.16, -0.00, 4, 84, 622444
0.03, -0.00, 12.16, -0.00, 4, 84, 634272
0.03, -0.00, 12.19, -0.00, 4, 84, 646104
0.03, -0.00, 12.19, -0.00, 4, 84, 657928
0.03, -0.00, 12.19, -0.00, 4, 84, 669760
0.03, -0.00, 12.16, -0.00, 4, 84, 681584
0.03, -0.00, 12.14, -0.00, 4, 84, 693416
0.03, -0.00, 12.16, -0.00, 4, 84, 705240
0.03, -0.00, 12.16, -0.00, 4, 84, 717096
0.03, -0.00, 12.16, -0.00, 4, 84, 728896
0.03, -0.00, 12.19, -0.00, 4, 84, 740724
0.03, -0.00, 12.19, -0.00, 4, 84, 752552
0.03, -0.00, 12.16, -0.00, 4, 84, 764380
0.03, -0.00, 12.16, -0.00, 4, 84, 776232
0.03, -0.00, 12.16, -0.00, 4, 85, 788040
0.03, -0.00, 12.16, -0.00, 4, 84, 799872
0.03, -0.00, 12.16, -0.00, 4, 84, 811696
0.03, -0.00, 12.19, -0.00, 5, 84, 823528
0.03, -0.00, 12.16, -0.00, 5, 84, 835348
0.03, -0.00, 12.11, -0.00, 5, 84, 847180
0.03, -0.00, 12.16, -0.00, 5, 84, 859004
0.03, -0.00, 12.16, -0.00, 5, 84, 870836
0.03, -0.00, 12.14, -0.00, 5, 84, 882668
0.03, -0.00, 12.19, -0.00, 5, 84, 894492
0.03, -0.00, 12.16, -0.00, 5, 84, 906328
0.03, -0.00, 12.16, -0.00, 5, 84, 918148
0.03, -0.00, 12.11, -0.00, 5, 84, 929988
0.03, -0.00, 12.19, -0.00, 5, 84, 941812
0.03, -0.00, 12.16, -0.00, 5, 84, 953644
0.03, -0.00, 12.16, -0.00, 5, 84, 965468
0.03, -0.00, 12.19, -0.00, 5, 84, 977316
0.03, -0.00, 12.16, -0.00, 5, 84, 989132
0.03, -0.00, 12.19, -0.00, 5, 84, 1000956
0.03, -0.00, 12.19, -0.00, 5, 84, 1012792
0.03, 0.33, 12.16, 3.96, 6, 84, 1024616
0.03, -0.00, 12.19, -0.00, 6, 84, 1036452
0.03, -0.00, 12.14, -0.00, 6, 84, 1048272
0.03, -0.00, 12.16, -0.00, 6, 84, 1060108
0.03, -0.00, 12.16, -0.00, 6, 84, 1071928
0.03, -0.00, 12.19, -0.00, 6, 84, 1083760
0.03, -0.00, 12.22, -0.00, 6, 84, 1095588
0.03, -0.00, 12.16, -0.00, 6, 84, 1107420
0.03, -0.00, 12.19, -0.00, 6, 84, 1119252
0.03, -0.00, 12.19, -0.00, 6, 84, 1131076
0.03, -0.00, 12.19, -0.00, 6, 84, 1142908
0.03, -0.00, 12.16, -0.00, 6, 84, 1154728
0.03, 0.33, 12.16, 3.96, 6, 84, 1166564
0.03, -0.00, 12.16, -0.00, 6, 84, 1178384
0.03, -0.00, 12.16, -0.00, 6, 84, 1190220
0.03, -0.00, 12.16, -0.00, 6, 84, 1202044
0.03, -0.00, 12.19, -0.00, 6, 84, 1213872
0.03, -0.00, 12.16, -0.00, 7, 84, 1225704
0.03, 0.33, 12.14, 3.95, 7, 84, 1237528
0.03, -0.00, 12.16, -0.00, 7, 84, 1249360
0.03, 0.33, 12.14, 3.95, 7, 84, 1261184
0.03, -0.00, 12.16, -0.00, 7, 84, 1273020
0.03, -0.00, 12.19, -0.00, 7, 84, 1284840
0.03, -0.00, 12.19, -0.00, 7, 84, 1296672
0.03, -0.00, 12.19, -0.00, 7, 85, 1308496
0.03, -0.00, 12.19, -0.00, 7, 84, 1320328
0.03, -0.00, 12.19, -0.00, 7, 84, 1332164
0.03, -0.00, 12.16, -0.00, 7, 84, 1343984
0.03, 0.33, 12.16, 3.96, 7, 84, 1355820
0.03, -0.00, 12.16, -0.00, 7, 85, 1367644
0.03, -0.00, 12.19, -0.00, 7, 84, 1379480
0.03, -0.00, 12.19, -0.00, 7, 84, 1391300
0.03, -0.00, 12.22, -0.00, 7, 84, 1403136
0.03, -0.00, 12.19, -0.00, 7, 84, 1414964
0.03, -0.00, 12.14, -0.00, 8, 84, 1426788
0.03, 0.33, 12.19, 3.97, 8, 84, 1438620
0.03, 0.33, 12.14, 3.95, 8, 84, 1450448
0.03, 0.33, 12.14, 3.95, 8, 84, 1462288
0.03, 0.33, 12.16, 3.96, 8, 84, 1474108
0.04, 0.33, 12.16, 3.96, 8, 84, 1485944
0.04, 0.33, 12.14, 3.95, 8, 84, 1497768
0.04, -0.00, 12.19, -0.00, 8, 84, 1509600
0.04, -0.00, 12.16, -0.00, 8, 84, 1521424
0.04, -0.00, 12.19, -0.00, 8, 84, 1533260
0.04, 0.33, 12.16, 3.96, 8, 84, 1545084
0.04, 0.33, 12.16, 3.96, 8, 84, 1556908
0.04, -0.00, 12.16, -0.00, 8, 84, 1568744
0.04, 0.33, 12.16, 3.96, 8, 84, 1580568
0.04, 0.33, 12.14, 3.95, 8, 84, 1592408
0.04, 0.33, 12.11, 3.94, 8, 84, 1604224
0.04, 0.33, 12.14, 3.95, 8, 84, 1616072
0.04, -0.00, 12.19, -0.00, 9, 85, 1627884
0.04, 0.33, 12.22, 3.98, 9, 84, 1639720
0.04, 0.33, 12.22, 3.98, 9, 84, 1651540
0.04, -0.00, 12.25, -0.00, 9, 84, 1663372
0.04, 0.33, 12.14, 3.95, 9, 84, 1675204
0.04, 0.33, 12.11, 3.94, 9, 84, 1687028
0.04, 0.33, 12.16, 3.96, 9, 84, 1698860
0.04, 0.33, 12.16, 3.96, 9, 84, 1710688
0.04, 0.33, 12.16, 3.96, 9, 84, 1722524
0.04, 0.33, 12.08, 3.93, 9, 84, 1734344
0.04, 0.33, 12.22, 3.98, 9, 84, 1746180
0.04, 0.33, 12.22, 3.98, 9, 84, 1758004
0.04, 0.33, 12.16, 3.96, 9, 84, 1769836
0.04, 0.33, 12.16, 3.96, 9, 84, 1781664
0.04, 0.33, 12.16, 3.96, 9, 84, 1793492
0.04, 0.33, 12.14, 3.95, 9, 84, 1805324
0.04, 0.33, 12.16, 3.96, 9, 84, 1817168
0.04, 0.33, 12.19, 3.97, 10, 84, 1828980
0.04, 0.33, 12.14, 3.95, 10, 84, 1840800
0.04, 0.33, 12.11, 3.94, 10, 84, 1852636
0.04, 0.33, 12.19, 3.97, 10, 84, 1864460
0.04, 0.33, 12.11, 3.94, 10, 84, 1876304
0.04, 0.33, 12.11, 3.94, 10, 85, 1888112
0.04, 0.33, 12.22, 3.98, 10, 84, 1899940
0.04, 0.33, 12.22, 3.98, 10, 84, 1911776
0.04, 0.33, 12.14, 3.95, 10, 84, 1923592
0.04, 0.33, 12.19, 3.97, 10, 84, 1935424
0.04, 0.33, 12.19, 3.97, 10, 84, 1947248
0.04, 0.33, 12.22, 3.98, 10, 84, 1959084
0.04, 0.33, 12.16, 3.96, 10, 84, 1970904
0.04, 0.33, 12.14, 3.95, 10, 84, 1982736
0.04, 0.33, 12.14, 3.95, 10, 84, 1994556
0.04, 0.33, 12.19, 3.97, 10, 84, 2006384
0.04, 0.33, 12.11, 3.94, 10, 84, 2018212
0.04, 0.33, 12.19, 3.97, 11, 84, 2030044
0.04, 0.33, 12.14, 3.95, 11, 84, 2041876
0.04, 0.33, 12.08, 3.93, 11, 84, 2053696
0.04, 0.33, 12.11, 3.94, 11, 84, 2065532
0.04, 0.33, 12.11, 3.94, 11, 84, 2077376
0.04, 0.33, 12.14, 3.95, 11, 84, 2089188
0.04, 0.33, 12.16, 3.96, 11, 84, 2101008
0.04, 0.33, 12.16, 3.96, 11, 84, 2112844
0.04, 0.33, 12.19, 3.97, 11, 84, 2124668
0.04, 0.33, 12.16, 3.96, 11, 84, 2136492
0.04, 0.33, 12.16, 3.96, 11, 84, 2148328
0.04, 0.33, 12.14, 3.95, 11, 84, 2160148
0.04, 0.33, 12.19, 3.97, 11, 84, 2171988
0.04, -0.00, 12.16, -0.00, 11, 84, 2183808
0.04, 0.33, 12.16, 3.96, 11, 84, 2195644
0.04, 0.33, 12.19, 3.97, 11, 84, 2207468
0.04, 0.33, 12.22, 3.98, 11, 84, 2219300
0.04, 0.33, 12.16, 3.96, 12, 84, 2231124
0.04, 0.33, 12.16, 3.96, 12, 84, 2242952
0.04, 0.33, 12.22, 3.98, 12, 84, 2254788
0.04, 0.33, 12.16, 3.96, 12, 84, 2266608
0.04, 0.33, 12.22, 3.98, 12, 84, 2278440
0.04, 0.33, 12.19, 3.97, 12, 84, 2290264
0.04, 0.33, 12.19, 3.97, 12, 84, 2302096
0.05, 0.33, 12.14, 3.95, 12, 84, 2313920
0.05, 0.33, 12.11, 3.94, 12, 84, 2325752
0.04, 0.33, 12.11, 3.94, 12, 84, 2337596
0.04, 0.33, 12.14, 3.95, 12, 84, 2349404
0.04, 0.33, 12.16, 3.96, 12, 84, 2361236
0.05, 0.33, 12.14, 3.95, 12, 84, 2373060
0.05, 0.33, 12.22, 3.98, 12, 84, 2384896
0.04, 0.33, 12.19, 3.97, 12, 84, 2396720
0.04, 0.33, 12.16, 3.96, 12, 84, 2408556
0.05, -0.00, 12.22, -0.00, 12, 84, 2420380
0.05, 0.33, 12.22, 3.98, 13, 84, 2432212
0.05, 0.33, 12.19, 3.97, 13, 84, 2444036
0.05, 0.33, 12.30, 4.00, 13, 84, 2455872
0.05, 0.33, 12.14, 3.95, 13, 85, 2467692
0.05, 0.33, 12.16, 3.96, 13, 84, 2479516
0.05, 0.33, 12.22, 3.98, 13, 84, 2491352
0.05, 0.33, 12.14, 3.95, 13, 84, 2503172
0.05, 0.33, 12.16, 3.96, 13, 84, 2515008
0.05, 0.33, 12.08, 3.93, 13, 84, 2526828
0.05, 0.33, 12.16, 3.96, 13, 84, 2538660
0.05, 0.33, 12.27, 3.99, 13, 84, 2550480
0.05, 0.33, 12.22, 3.98, 13, 84, 2562316
0.05, 0.33, 12.16, 3.96, 13, 84, 2574140
0.05, 0.33, 12.16, 3.96, 13, 84, 2585968
0.05, 0.33, 12.19, 3.97, 13, 84, 2597796
0.05, 0.33, 12.16, 3.96, 13, 84, 2609624
0.05, 0.33, 12.14, 3.95, 13, 84, 2621456
0.05, 0.33, 12.16, 3.96, 14, 84, 2633276
0.05, 0.33, 12.14, 3.95, 14, 84, 2645112
0.05, 0.33, 12.14, 3.95, 14, 84, 2656932
0.05, 0.33, 12.19, 3.97, 14, 84, 2668768
0.05, 0.33, 12.22, 3.98, 14, 84, 2680588
0.05, 0.33, 12.27, 3.99, 14, 84, 2692420
0.05, 0.65, 12.16, 7.92, 14, 84, 2704244
0.05, 0.33, 12.14, 3.95, 14, 84, 2716068
0.05, 0.33, 12.22, 3.98, 14, 84, 2727904
0.05, 0.33, 12.16, 3.96, 14, 84, 2739728
0.05, 0.33, 12.11, 3.94, 14, 84, 2751556
0.05, 0.33, 12.16, 3.96, 14, 84, 2763380
0.05, 0.65, 12.11, 7.88, 14, 84, 2775216
0.05, 0.33, 12.22, 3.98, 14, 84, 2787040
0.05, 0.65, 12.11, 7.88, 14, 84, 2798876
0.05, 0.33, 12.22, 3.98, 14, 84, 2810692
0.05, 0.33, 12.19, 3.97, 14, 84, 2822520
0.05, 0.33, 12.19, 3.97, 15, 84, 2834352
0.05, 0.65, 12.19, 7.94, 15, 84, 2846176
0.05, 0.33, 12.08, 3.93, 15, 84, 2858008
0.05, 0.65, 12.16, 7.92, 15, 84, 2869836
0.05, 0.33, 12.19, 3.97, 15, 84, 2881668
0.05, 0.33, 12.35, 4.02, 15, 84, 2893492
0.05, 0.33, 12.11, 3.94, 15, 84, 2905328
0.05, 0.33, 12.16, 3.96, 15, 84, 2917152
0.05, 0.33, 12.25, 3.99, 15, 84, 2928980
0.05, 0.33, 12.11, 3.94, 15, 84, 2940808
0.05, 0.65, 12.19, 7.94, 15, 84, 2952640
0.05, 0.65, 12.16, 7.92, 15, 84, 2964472
0.05, 0.65, 12.19, 7.94, 15, 84, 2976312
0.05, 0.33, 12.11, 3.94, 15, 85, 2988128
0.05, 0.65, 12.11, 7.88, 15, 84, 2999948
0.05, 0.33, 12.14, 3.95, 15, 84, 3011784
0.05, 0.33, 12.11, 3.94, 15, 84, 3023604
0.05, 0.33, 12.14, 3.95, 16, 84, 3035440
0.05, 0.33, 12.11, 3.94, 16, 84, 3047260
0.05, 0.65, 12.14, 7.90, 16, 84, 3059088
0.05, 0.65, 12.19, 7.94, 16, 84, 3070920
0.06, 0.33, 12.14, 3.95, 16, 84, 3082744
0.06, 0.65, 12.22, 7.95, 16, 84, 3094576
0.06, 0.65, 12.14, 7.90, 16, 84, 3106400
0.06, 0.65, 12.25, 7.97, 16, 84, 3118236
0.06, 0.65, 12.14, 7.90, 16, 84, 3130060
0.06, 0.65, 12.14, 7.90, 16, 84, 3141892
0.06, 0.33, 12.25, 3.99, 16, 84, 3153716
0.06, 0.33, 12.25, 3.99, 16, 84, 3165544
0.06, 0.65, 12.22, 7.95, 16, 84, 3177368
0.06, 0.65, 12.22, 7.95, 16, 84, 3189196
0.06, 0.65, 12.25, 7.97, 16, 84, 3201028
0.06, 0.65, 12.16, 7.92, 16, 84, 3212852
0.06, 0.65, 12.11, 7.88, 16, 84, 3224684
0.06, 0.65, 12.11, 7.88, 17, 84, 3236520
0.06, 0.65, 12.14, 7.90, 17, 85, 3248340
0.06, 0.65, 12.08, 7.87, 17, 84, 3260164
0.06, 0.65, 11.92, 7.76, 17, 84, 3272000
0.06, 0.65, 12.19, 7.94, 17, 84, 3283820
0.06, 0.65, 12.22, 7.95, 17, 84, 3295652
0.06, 0.65, 12.25, 7.97, 17, 84, 3307488
0.06, 0.65, 12.14, 7.90, 17, 84, 3319308
0.06, 0.65, 12.22, 7.95, 17, 84, 3331144
0.06, 0.98, 12.06, 11.77, 17, 84, 3342960
0.06, 0.65, 12.19, 7.94, 17, 84, 3354796
0.06, 0.65, 12.14, 7.90, 17, 84, 3366620
0.06, 0.65, 12.22, 7.95, 17, 84, 3378452
0.06, 0.33, 12.08, 3.93, 17, 84, 3390272
0.06, 0.65, 12.19, 7.94, 17, 84, 3402104
0.06, 0.65, 12.19, 7.94, 17, 84, 3413928
0.06, 0.65, 12.06, 7.85, 17, 84, 3425756
0.06, 0.65, 12.25, 7.97, 18, 84, 3437612
0.06, 0.65, 12.22, 7.95, 18, 85, 3449412
0.06, 0.65, 12.22, 7.95, 18, 84, 3461244
0.06, 0.65, 12.08, 7.87, 18, 84, 3473064
0.06, 0.65, 12.11, 7.88, 18, 84, 3484900
0.06, 0.65, 12.16, 7.92, 18, 84, 3496728
0.06, 0.33, 12.30, 4.00, 18, 84, 3508556
0.06, 0.65, 12.08, 7.87, 18, 84, 3520376
0.06, 0.65, 12.16, 7.92, 18, 84, 3532204
0.06, 0.65, 12.16, 7.92, 18, 84, 3544040
0.06, 0.65, 12.27, 7.99, 18, 84, 3555864
0.06, 0.65, 12.11, 7.88, 18, 84, 3567696
0.06, 0.65, 12.19, 7.94, 18, 84, 3579516
0.06, 0.65, 12.14, 7.90, 18, 84, 3591348
0.06, 0.65, 12.08, 7.87, 18, 84, 3603172
0.06, 0.65, 12.16, 7.92, 18, 84, 3615004
0.06, 0.65, 12.22, 7.95, 18, 84, 3626828
0.06, 0.65, 12.14, 7.90, 19, 84, 3638652
0.06, 0.65, 12.16, 7.92, 19, 84, 3650492
0.06, 0.65, 12.08, 7.87, 19, 84, 3662312
0.07, 0.65, 12.19, 7.94, 19, 84, 3674140
0.07, 0.65, 12.11, 7.88, 19, 84, 3685964
0.07, 0.98, 12.11, 11.83, 19, 84, 3697820
0.07, 0.65, 12.35, 8.04, 19, 84, 3709620
0.07, 0.65, 12.14, 7.90, 19, 84, 3721452
0.07, 0.65, 12.08, 7.87, 19, 84, 3733276
0.07, 0.98, 12.06, 11.77, 19, 84, 3745104
0.07, 0.65, 11.92, 7.76, 19, 84, 3756928
0.07, 0.65, 12.19, 7.94, 19, 85, 3768756
0.07, 0.65, 12.14, 7.90, 19, 84, 3780588
0.07, 0.65, 12.06, 7.85, 19, 84, 3792412
0.07, 0.65, 12.19, 7.94, 19, 84, 3804244
0.07, 0.33, 12.25, 3.99, 19, 84, 3816068
0.07, 0.65, 12.22, 7.95, 19, 84, 3827900
0.07, 0.65, 12.22, 7.95, 20, 84, 3839720
0.07, 0.65, 12.08, 7.87, 20, 84, 3851556
0.07, 0.98, 12.16, 11.88, 20, 84, 3863380
0.07, 0.98, 11.89, 11.62, 20, 84, 3875208
0.07, 0.65, 12.27, 7.99, 20, 84, 3887044
0.07, 0.65, 12.22, 7.95, 20, 84, 3898868
0.07, 0.65, 12.11, 7.88, 20, 84, 3910700
0.07, 0.65, 12.27, 7.99, 20, 84, 3922516
0.07, 0.65, 12.08, 7.87, 20, 84, 3934352
0.07, 0.65, 12.43, 8.10, 20, 84, 3946176
0.07, 0.98, 12.27, 11.98, 20, 84, 3958020
0.07, 0.65, 12.14, 7.90, 20, 84, 3969832
0.07, 0.98, 12.14, 11.85, 20, 84, 3981660
0.07, 0.98, 12.25, 11.96, 20, 84, 3993488
0.07, 0.65, 12.08, 7.87, 20, 84, 4005320
0.07, 0.65, 12.16, 7.92, 20, 84, 4017152
0.07, 0.65, 12.08, 7.87, 20, 84, 4028976
0.07, 0.65, 12.08, 7.87, 21, 84, 4040812
0.07, 0.33, 12.19, 3.97, 21, 84, 4052636
0.07, 0.65, 12.19, 7.94, 21, 84, 4064472
0.07, 0.98, 12.22, 11.93, 21, 84, 4076292
0.08, 0.65, 12.22, 7.95, 21, 84, 4088128
0.08, 0.98, 12.27, 11.98, 21, 84, 4099952
0.08, 0.98, 12.16, 11.88, 21, 84, 4111776
0.08, 0.98, 12.14, 11.85, 21, 84, 4123612
0.08, 0.98, 12.16, 11.88, 21, 84, 4135432
0.08, 0.98, 12.19, 11.91, 21, 84, 4147268
0.08, 0.98, 12.46, 12.17, 21, 84, 4159092
0.08, 0.65, 12.03, 7.83, 21, 84, 4170924
0.08, 0.65, 12.16, 7.92, 21, 84, 4182748
0.08, 0.98, 12.19, 11.91, 21, 84, 4194576
0.08, 0.98, 12.11, 11.83, 21, 84, 4206400
0.08, 0.65, 12.30, 8.01, 21, 84, 4218228
0.08, 0.65, 12.06, 7.85, 21, 84, 4230056
0.08, 0.98, 12.14, 11.85, 22, 84, 4241884
0.08, 0.65, 12.08, 7.87, 22, 84, 4253716
0.08, 0.65, 12.06, 7.85, 22, 84, 4265536
0.08, 0.65, 11.87, 7.73, 22, 84, 4277372
0.08, 0.98, 11.95, 11.67, 22, 85, 4289196
0.08, 0.98, 12.16, 11.88, 22, 84, 4301032
0.08, 0.98, 12.16, 11.88, 22, 84, 4312856
0.08, 0.98, 12.11, 11.83, 22, 84, 4324684
0.08, 0.98, 12.11, 11.83, 22, 84, 4336528
0.08, 0.65, 12.19, 7.94, 22, 84, 4348340
0.08, 0.98, 12.19, 11.91, 22, 84, 4360172
0.08, 0.98, 12.16, 11.88, 22, 84, 4371996
0.08, 0.65, 12.06, 7.85, 22, 84, 4383828
0.08, 0.65, 12.11, 7.88, 22, 84, 4395648
0.08, 0.98, 12.33, 12.04, 22, 84, 4407488
0.08, 0.98, 12.11, 11.83, 22, 84, 4419312
0.08, 0.65, 12.11, 7.88, 22, 84, 4431144
0.08, 0.65, 12.08, 7.87, 23, 84, 4442972
0.08, 1.30, 12.11, 15.77, 23, 84, 4454800
0.08, 0.98, 12.06, 11.77, 23, 84, 4466632
0.08, 0.98, 12.08, 11.80, 23, 84, 4478456
0.08, 0.98, 12.16, 11.88, 23, 84, 4490288
0.08, 0.65, 12.16, 7.92, 23, 84, 4502116
0.08, 0.98, 12.16, 11.88, 23, 84, 4513948
0.09, 0.65, 12.19, 7.94, 23, 84, 4525772
0.08, 0.98, 12.11, 11.83, 23, 84, 4537608
0.08, 0.98, 12.22, 11.93, 23, 84, 4549432
0.08, 1.30, 12.19, 15.87, 23, 84, 4561264
0.08, 0.98, 12.19, 11.91, 23, 84, 4573092
0.08, 0.65, 12.08, 7.87, 23, 84, 4584920
0.08, 0.98, 12.16, 11.88, 23, 84, 4596772
0.09, 0.98, 12.25, 11.96, 23, 85, 4608576
0.08, 0.98, 12.06, 11.77, 23, 84, 4620412
0.08, 0.98, 12.11, 11.83, 23, 84, 4632232
0.08, 0.98, 12.14, 11.85, 24, 84, 4644068
0.08, 0.98, 11.95, 11.67, 24, 84, 4655888
0.09, 0.98, 12.16, 11.88, 24, 84, 4667724
0.09, 0.98, 12.25, 11.96, 24, 84, 4679544
0.09, 0.98, 12.16, 11.88, 24, 84, 4691372
0.09, 0.98, 12.14, 11.85, 24, 84, 4703208
0.09, 0.98, 12.14, 11.85, 24, 84, 4715028
0.09, 1.30, 12.16, 15.84, 24, 84, 4726860
0.09, 1.30, 11.92, 15.52, 24, 84, 4738684
0.09, 0.98, 12.03, 11.75, 24, 84, 4750516
0.09, 0.98, 12.22, 11.93, 24, 84, 4762336
0.09, 1.30, 12.11, 15.77, 24, 84, 4774172
0.09, 0.98, 12.16, 11.88, 24, 84, 4785992
0.09, 0.98, 12.03, 11.75, 24, 84, 4797840
0.09, 1.30, 12.19, 15.87, 24, 84, 4809648
0.09, 0.98, 12.00, 11.72, 24, 84, 4821476
0.09, 0.98, 12.00, 11.72, 24, 84, 4833308
0.09, 0.98, 12.11, 11.83, 25, 84, 4845132
0.09, 0.98, 12.14, 11.85, 25, 84, 4856972
0.09, 1.30, 11.89, 15.49, 25, 84, 4868792
0.09, 1.30, 12.22, 15.91, 25, 84, 4880628
0.09, 0.98, 12.19, 11.91, 25, 84, 4892452
0.09, 0.98, 12.25, 11.96, 25, 84, 4904280
0.09, 0.98, 12.22, 11.93, 25, 84, 4916108
0.09, 0.98, 12.08, 11.80, 25, 84, 4927940
0.09, 1.30, 12.25, 15.94, 25, 84, 4939772
0.09, 0.98, 12.06, 11.77, 25, 84, 4951596
0.09, 1.30, 12.19, 15.87, 25, 84, 4963432
0.09, 0.98, 12.06, 11.77, 25, 84, 4975252
0.09, 0.98, 12.16, 11.88, 25, 84, 4987084
0.09, 0.98, 12.03, 11.75, 25, 84, 4998908
0.09, 0.98, 12.19, 11.91, 25, 84, 5010740
0.09, 0.98, 12.22, 11.93, 25, 84, 5022564
0.09, 0.98, 12.06, 11.77, 25, 84, 5034392
0.09, 0.98, 12.14, 11.85, 26, 84, 5046224
0.09, 0.98, 12.22, 11.93, 26, 84, 5058068
0.09, 1.30, 12.14, 15.80, 26, 84, 5069884
0.09, 1.30, 12.19, 15.87, 26, 84, 5081708
0.09, 1.30, 12.19, 15.87, 26, 84, 5093544
0.10, 0.98, 12.22, 11.93, 26, 84, 5105368
0.10, 0.98, 12.00, 11.72, 26, 84, 5117200
0.10, 1.30, 12.25, 15.94, 26, 84, 5129024
0.10, 1.30, 11.98, 15.59, 26, 84, 5140852
0.10, 1.30, 12.11, 15.77, 26, 84, 5152688
0.10, 1.30, 12.14, 15.80, 26, 84, 5164512
0.10, 1.30, 12.27, 15.98, 26, 84, 5176348
0.10, 0.98, 12.03, 11.75, 26, 84, 5188168
0.10, 1.30, 12.27, 15.98, 26, 84, 5200004
0.10, 0.98, 12.11, 11.83, 26, 84, 5211832
0.10, 1.30, 12.27, 15.98, 26, 84, 5223660
0.10, 1.30, 12.16, 15.84, 26, 84, 5235488
0.10, 0.65, 12.35, 8.04, 27, 84, 5247312
0.10, 0.98, 12.06, 11.77, 27, 84, 5259140
0.10, 1.30, 12.19, 15.87, 27, 84, 5270968
0.10, 0.98, 12.00, 11.72, 27, 84, 5282800
0.10, 1.30, 12.00, 15.63, 27, 84, 5294624
0.10, 1.30, 12.19, 15.87, 27, 84, 5306456
0.10, 1.30, 12.14, 15.80, 27, 84, 5318296
0.10, 1.30, 12.11, 15.77, 27, 84, 5330112
0.10, 1.30, 12.06, 15.70, 27, 84, 5341932
0.10, 1.30, 12.06, 15.70, 27, 84, 5353768
0.10, 1.30, 12.11, 15.77, 27, 84, 5365592
0.10, 1.30, 12.22, 15.91, 27, 84, 5377420
0.10, 1.30, 12.08, 15.73, 27, 84, 5389256
0.10, 1.30, 12.19, 15.87, 27, 84, 5401080
0.10, 0.98, 12.06, 11.77, 27, 84, 5412912
0.10, 1.30, 12.22, 15.91, 27, 84, 5424732
0.10, 1.30, 12.25, 15.94, 27, 84, 5436568
0.10, 1.30, 12.03, 15.66, 28, 84, 5448388
0.10, 1.30, 12.11, 15.77, 28, 84, 5460220
0.10, 1.30, 12.11, 15.77, 28, 84, 5472040
0.10, 1.30, 12.22, 15.91, 28, 84, 5483872
0.10, 1.30, 12.25, 15.94, 28, 84, 5495696
0.10, 1.30, 12.19, 15.87, 28, 84, 5507524
0.10, 1.30, 12.14, 15.80, 28, 84, 5519360
0.11, 1.30, 12.16, 15.84, 28, 84, 5531176
0.11, 1.30, 12.11, 15.77, 28, 84, 5543016
0.11, 1.30, 12.08, 15.73, 28, 84, 5554836
0.11, 0.98, 12.11, 11.83, 28, 84, 5566672
0.11, 1.30, 12.00, 15.63, 28, 84, 5578496
0.11, 1.30, 12.19, 15.87, 28, 84, 5590332
0.11, 1.30, 12.25, 15.94, 28, 84, 5602152
0.11, 1.30, 12.00, 15.63, 28, 84, 5613984
0.11, 1.30, 12.16, 15.84, 28, 84, 5625820
0.11, 1.30, 12.25, 15.94, 28, 84, 5637640
0.10, 1.30, 12.11, 15.77, 29, 84, 5649476
0.11, 1.63, 12.27, 19.97, 29, 84, 5661300
0.11, 1.30, 12.14, 15.80, 29, 84, 5673132
0.11, 1.30, 12.27, 15.98, 29, 84, 5684956
0.11, 1.30, 12.03, 15.66, 29, 84, 5696808
0.11, 1.63, 12.08, 19.67, 29, 84, 5708612
0.11, 1.30, 11.98, 15.59, 29, 84, 5720444
0.11, 1.30, 12.19, 15.87, 29, 84, 5732272
0.11, 1.30, 12.00, 15.63, 29, 84, 5744100
0.11, 1.30, 12.03, 15.66, 29, 84, 5755936
0.11, 1.30, 12.08, 15.73, 29, 84, 5767760
0.11, 1.30, 12.19, 15.87, 29, 84, 5779592
0.11, 1.30, 12.30, 16.01, 29, 84, 5791412
0.11, 1.30, 12.11, 15.77, 29, 84, 5803248
0.11, 1.30, 12.00, 15.63, 29, 84, 5815068
0.11, 1.95, 12.03, 23.50, 29, 84, 5826892
0.11, 1.30, 12.14, 15.80, 29, 84, 5838720
0.11, 1.30, 12.16, 15.84, 30, 84, 5850552
0.11, 1.30, 12.08, 15.73, 30, 84, 5862384
0.11, 1.63, 12.19, 19.84, 30, 84, 5874204
0.11, 1.63, 12.14, 19.76, 30, 84, 5886040
0.11, 0.98, 12.19, 11.91, 30, 84, 5897864
0.11, 1.63, 12.35, 20.11, 30, 84, 5909700
0.11, 1.63, 12.14, 19.76, 30, 84, 5921520
0.11, 1.30, 12.06, 15.70, 30, 84, 5933356
0.11, 1.30, 12.00, 15.63, 30, 84, 5945176
0.11, 1.63, 12.19, 19.84, 30, 84, 5957024
0.11, 1.30, 12.06, 15.70, 30, 85, 5968840
0.11, 1.30, 12.11, 15.77, 30, 84, 5980656
0.11, 1.63, 12.16, 19.80, 30, 84, 5992492
0.11, 1.63, 12.14, 19.76, 30, 84, 6004312
0.11, 1.30, 11.73, 15.28, 30, 84, 6016148
0.11, 1.30, 12.06, 15.70, 30, 84, 6027968
0.11, 1.30, 12.16, 15.84, 30, 84, 6039800
0.11, 1.30, 12.08, 15.73, 31, 84, 6051624
0.11, 0.98, 12.46, 12.17, 31, 84, 6063448
0.11, 1.30, 12.19, 15.87, 31, 84, 6075280
0.12, 1.63, 12.14, 19.76, 31, 84, 6087104
0.12, 1.63, 12.14, 19.76, 31, 84, 6098944
0.12, 1.63, 12.11, 19.71, 31, 84, 6110764
0.12, 1.63, 12.08, 19.67, 31, 84, 6122600
0.12, 1.63, 12.25, 19.93, 31, 84, 6134424
0.12, 1.63, 12.00, 19.54, 31, 84, 6146256
0.12, 1.63, 12.19, 19.84, 31, 84, 6158076
0.12, 1.95, 11.98, 23.39, 31, 84, 6169912
0.12, 1.30, 12.08, 15.73, 31, 84, 6181736
0.12, 1.63, 12.19, 19.84, 31, 84, 6193564
0.12, 1.30, 12.08, 15.73, 31, 84, 6205400
0.12, 1.30, 11.92, 15.52, 31, 84, 6217220
0.12, 1.63, 12.16, 19.80, 31, 84, 6229056
0.12, 1.63, 12.08, 19.67, 31, 84, 6240876
0.12, 1.63, 12.14, 19.76, 32, 84, 6252708
0.12, 1.95, 11.71, 22.86, 32, 84, 6264532
0.12, 1.63, 12.22, 19.89, 32, 84, 6276364
0.12, 1.63, 12.22, 19.89, 32, 84, 6288188
0.12, 1.95, 12.11, 23.65, 32, 84, 6300016
0.12, 1.63, 12.16, 19.80, 32, 84, 6311844
0.12, 1.63, 12.11, 19.71, 32, 84, 6323672
0.12, 1.63, 12.11, 19.71, 32, 84, 6335508
0.12, 1.63, 12.16, 19.80, 32, 84, 6347332
0.12, 1.63, 11.98, 19.49, 32, 84, 6359164
0.12, 1.63, 12.06, 19.62, 32, 84, 6370988
0.12, 1.63, 12.16, 19.80, 32, 84, 6382820
0.12, 1.63, 12.03, 19.58, 32, 84, 6394644
0.12, 1.63, 11.95, 19.45, 32, 84, 6406476
0.12, 1.63, 12.06, 19.62, 32, 84, 6418320
0.12, 1.63, 12.06, 19.62, 32, 85, 6430128
0.12, 1.95, 12.16, 23.76, 32, 84, 6441964
0.12, 1.63, 12.19, 19.84, 33, 84, 6453784
0.12, 1.63, 12.11, 19.71, 33, 84, 6465616
0.12, 2.28, 11.76, 26.80, 33, 84, 6477436
0.12, 1.63, 12.16, 19.80, 33, 84, 6489268
0.13, 1.63, 12.14, 19.76, 33, 84, 6501088
0.13, 1.95, 12.14, 23.71, 33, 84, 6512920
0.13, 1.95, 12.19, 23.81, 33, 84, 6524744
0.13, 1.30, 11.89, 15.49, 33, 84, 6536568
0.13, 1.95, 12.19, 23.81, 33, 84, 6548400
0.13, 1.63, 12.06, 19.62, 33, 84, 6560228
0.13, 1.63, 12.19, 19.84, 33, 84, 6572060
0.13, 1.95, 12.00, 23.44, 33, 84, 6583888
0.13, 1.63, 12.14, 19.76, 33, 84, 6595720
0.13, 2.28, 11.68, 26.61, 33, 84, 6607544
0.13, 1.63, 12.22, 19.89, 33, 84, 6619380
0.13, 1.63, 12.16, 19.80, 33, 84, 6631200
0.13, 1.63, 12.08, 19.67, 33, 84, 6643028
0.13, 1.63, 12.03, 19.58, 34, 84, 6654856
0.13, 1.63, 12.11, 19.71, 34, 84, 6666684
0.13, 1.63, 11.89, 19.36, 34, 84, 6678536
0.13, 1.63, 12.00, 19.54, 34, 85, 6690336
0.13, 1.95, 12.19, 23.81, 34, 84, 6702172
0.13, 1.95, 12.08, 23.60, 34, 84, 6713996
0.13, 1.63, 12.16, 19.80, 34, 84, 6725828
0.13, 1.95, 11.76, 22.97, 34, 84, 6737644
0.13, 1.63, 12.14, 19.76, 34, 84, 6749484
0.13, 1.63, 12.08, 19.67, 34, 84, 6761300
0.13, 1.95, 11.68, 22.81, 34, 84, 6773128
0.13, 1.63, 12.22, 19.89, 34, 84, 6784964
0.13, 1.95, 12.00, 23.44, 34, 84, 6796784
0.13, 1.95, 12.16, 23.76, 34, 84, 6808620
0.13, 1.63, 12.25, 19.93, 34, 84, 6820444
0.13, 1.63, 12.08, 19.67, 34, 84, 6832280
0.13, 1.95, 12.54, 24.50, 34, 84, 6844100
0.13, 1.63, 12.03, 19.58, 35, 84, 6855936
0.13, 1.63, 12.25, 19.93, 35, 85, 6867752
0.13, 1.95, 12.41, 24.23, 35, 84, 6879584
0.13, 1.95, 12.16, 23.76, 35, 84, 6891412
0.14, 1.95, 11.95, 23.34, 35, 84, 6903236
0.14, 1.95, 12.19, 23.81, 35, 84, 6915076
0.14, 1.95, 12.19, 23.81, 35, 84, 6926896
0.14, 1.95, 12.08, 23.60, 35, 84, 6938732
0.14, 1.63, 11.98, 19.49, 35, 84, 6950552
0.14, 1.95, 12.14, 23.71, 35, 84, 6962392
0.14, 1.95, 12.06, 23.55, 35, 84, 6974208
0.14, 1.63, 12.16, 19.80, 35, 84, 6986044
0.14, 1.63, 12.25, 19.93, 35, 84, 6997864
0.14, 1.95, 12.11, 23.65, 35, 84, 7009692
0.14, 1.95, 12.08, 23.60, 35, 84, 7021524
0.14, 1.63, 12.16, 19.80, 35, 84, 7033340
0.14, 1.95, 12.06, 23.55, 35, 84, 7045176
0.14, 1.95, 12.06, 23.55, 36, 84, 7057012
0.14, 1.95, 12.11, 23.65, 36, 84, 7068828
0.14, 1.95, 12.00, 23.44, 36, 84, 7080652
0.14, 1.95, 12.00, 23.44, 36, 84, 7092484
0.14, 1.95, 12.03, 23.50, 36, 84, 7104304
0.14, 1.63, 12.25, 19.93, 36, 84, 7116136
0.14, 1.95, 12.14, 23.71, 36, 84, 7127960
0.14, 1.95, 12.00, 23.44, 36, 84, 7139784
0.14, 1.95, 12.06, 23.55, 36, 84, 7151620
0.14, 2.28, 12.16, 27.72, 36, 84, 7163440
0.14, 1.95, 12.06, 23.55, 36, 84, 7175272
0.14, 2.60, 11.65, 30.34, 36, 84, 7187096
0.14, 1.95, 12.11, 23.65, 36, 84, 7198928
0.14, 1.95, 12.25, 23.92, 36, 84, 7210752
0.14, 2.28, 12.16, 27.72, 36, 84, 7222584
0.14, 1.95, 12.06, 23.55, 36, 84, 7234404
0.14, 2.28, 12.19, 27.78, 36, 84, 7246232
0.14, 1.30, 12.30, 16.01, 37, 84, 7258064
0.14, 1.95, 11.63, 22.71, 37, 84, 7269888
0.14, 1.95, 12.19, 23.81, 37, 84, 7281720
0.14, 2.28, 12.14, 27.66, 37, 84, 7293540
0.14, 2.28, 12.11, 27.60, 37, 84, 7305372
0.14, 1.95, 12.08, 23.60, 37, 84, 7317212
0.15, 1.95, 12.19, 23.81, 37, 84, 7329024
0.15, 1.95, 12.08, 23.60, 37, 84, 7340848
0.15, 1.63, 12.35, 20.11, 37, 84, 7352672
0.15, 2.28, 12.19, 27.78, 37, 84, 7364504
0.15, 2.28, 12.11, 27.60, 37, 84, 7376328
0.15, 2.28, 11.98, 27.29, 37, 84, 7388164
0.15, 2.28, 12.22, 27.84, 37, 84, 7399992
0.15, 1.95, 12.14, 23.71, 37, 84, 7411820
0.15, 2.60, 11.65, 30.34, 37, 84, 7423644
0.15, 1.95, 12.06, 23.55, 37, 84, 7435476
0.15, 2.28, 12.19, 27.78, 37, 84, 7447300
0.15, 2.60, 12.16, 31.68, 38, 84, 7459136
0.15, 2.28, 12.11, 27.60, 38, 84, 7470960
0.15, 2.28, 12.08, 27.53, 38, 84, 7482784
0.15, 1.95, 12.14, 23.71, 38, 84, 7494620
0.15, 2.28, 12.11, 27.60, 38, 84, 7506444
0.15, 1.95, 11.92, 23.28, 38, 84, 7518276
0.15, 1.63, 12.11, 19.71, 38, 84, 7530096
0.15, 2.28, 12.22, 27.84, 38, 84, 7541932
0.15, 2.28, 12.06, 27.47, 38, 84, 7553756
0.15, 2.28, 12.16, 27.72, 38, 84, 7565592
0.15, 2.28, 12.08, 27.53, 38, 84, 7577432
0.15, 2.93, 11.95, 35.01, 38, 85, 7589240
0.15, 2.28, 11.98, 27.29, 38, 84, 7601068
0.15, 2.28, 12.16, 27.72, 38, 84, 7612896
0.15, 2.28, 12.11, 27.60, 38, 84, 7624732
0.15, 2.28, 12.14, 27.66, 38, 84, 7636552
0.15, 2.28, 11.95, 27.23, 38, 84, 7648388
0.15, 1.63, 12.11, 19.71, 39, 84, 7660208
0.15, 2.28, 12.22, 27.84, 39, 84, 7672036
0.15, 2.28, 12.11, 27.60, 39, 84, 7683860
0.15, 2.28, 11.65, 26.55, 39, 84, 7695692
0.16, 2.60, 12.11, 31.54, 39, 84, 7707516
0.16, 2.28, 12.08, 27.53, 39, 84, 7719344
0.16, 2.28, 12.08, 27.53, 39, 84, 7731180
0.16, 2.28, 12.00, 27.35, 39, 84, 7743004
0.16, 2.28, 12.00, 27.35, 39, 84, 7754836
0.16, 2.28, 12.60, 28.70, 39, 84, 7766664
0.16, 2.60, 12.19, 31.75, 39, 84, 7778516
0.16, 2.28, 12.03, 27.41, 39, 84, 7790320
0.16, 2.28, 12.14, 27.66, 39, 84, 7802156
0.16, 2.28, 12.11, 27.60, 39, 84, 7813980
0.16, 2.60, 11.63, 30.27, 39, 84, 7825808
0.16, 2.28, 12.22, 27.84, 39, 84, 7837640
0.16, 2.28, 12.16, 27.72, 39, 84, 7849460
0.16, 2.28, 12.00, 27.35, 40, 84, 7861292
0.16, 2.28, 12.00, 27.35, 40, 84, 7873112
0.16, 2.60, 12.14, 31.61, 40, 84, 7884948
0.16, 2.60, 12.41, 32.31, 40, 84, 7896768
0.16, 2.28, 11.92, 27.17, 40, 84, 7908600
0.16, 2.60, 12.11, 31.54, 40, 84, 7920420
0.16, 2.93, 12.00, 35.16, 40, 84, 7932252
0.16, 2.60, 12.00, 31.26, 40, 84, 7944080
0.16, 2.28, 12.11, 27.60, 40, 84, 7955908
0.16, 2.60, 12.19, 31.75, 40, 84, 7967740
0.16, 2.28, 11.98, 27.29, 40, 84, 7979564
0.16, 2.28, 12.06, 27.47, 40, 84, 7991400
0.16, 1.95, 12.08, 23.60, 40, 84, 8003220
0.16, 2.60, 12.03, 31.33, 40, 84, 8015056
0.16, 2.28, 12.06, 27.47, 40, 84, 8026876
0.16, 3.26, 12.00, 39.07, 40, 84, 8038728
0.16, 2.28, 12.19, 27.78, 40, 85, 8050528
0.16, 2.28, 12.03, 27.41, 41, 84, 8062356
0.16, 2.60, 12.16, 31.68, 41, 84, 8074188
0.16, 1.95, 12.14, 23.71, 41, 84, 8086012
0.16, 2.28, 12.06, 27.47, 41, 84, 8097848
0.17, 2.60, 12.19, 31.75, 41, 84, 8109668
0.17, 2.60, 12.06, 31.40, 41, 84, 8121504
0.17, 1.63, 12.08, 19.67, 41, 84, 8133324
0.17, 2.28, 12.03, 27.41, 41, 84, 8145156
0.17, 2.93, 12.14, 35.56, 41, 84, 8156980
0.17, 2.28, 11.87, 27.04, 41, 84, 8168808
0.17, 2.60, 12.22, 31.82, 41, 84, 8180636
0.17, 2.60, 11.98, 31.19, 41, 84, 8192464
0.17, 2.60, 12.08, 31.47, 41, 84, 8204300
0.17, 2.60, 12.25, 31.89, 41, 84, 8216124
0.17, 2.60, 12.22, 31.82, 41, 84, 8227960
0.17, 2.60, 12.03, 31.33, 41, 84, 8239784
0.17, 2.60, 12.03, 31.33, 41, 84, 8251620
0.17, 2.60, 12.14, 31.61, 42, 84, 8263440
0.17, 1.95, 12.33, 24.07, 42, 84, 8275272
0.17, 2.28, 12.06, 27.47, 42, 84, 8287092
0.17, 2.60, 12.06, 31.40, 42, 84, 8298940
0.17, 2.93, 12.14, 35.56, 42, 84, 8310756
0.17, 2.60, 12.11, 31.54, 42, 84, 8322576
0.17, 2.60, 12.03, 31.33, 42, 84, 8334412
0.17, 1.95, 12.08, 23.60, 42, 84, 8346228
0.17, 1.95, 11.79, 23.02, 42, 84, 8358064
0.17, 2.60, 12.11, 31.54, 42, 85, 8369888
0.17, 2.60, 12.16, 31.68, 42, 84, 8381724
0.17, 2.60, 12.14, 31.61, 42, 84, 8393544
0.17, 1.95, 12.54, 24.50, 42, 84, 8405376
0.17, 2.60, 12.08, 31.47, 42, 84, 8417228
0.17, 2.60, 12.06, 31.40, 42, 85, 8429032
0.17, 2.93, 12.08, 35.40, 42, 84, 8440868
0.17, 2.60, 12.11, 31.54, 42, 84, 8452688
0.17, 2.60, 12.11, 31.54, 43, 84, 8464524
0.17, 3.26, 11.79, 38.37, 43, 84, 8476348
0.17, 2.60, 11.87, 30.91, 43, 84, 8488184
0.17, 2.60, 12.14, 31.61, 43, 84, 8500004
0.18, 3.26, 11.98, 38.98, 43, 84, 8511836
0.18, 2.60, 12.06, 31.40, 43, 84, 8523664
0.18, 2.60, 12.08, 31.47, 43, 84, 8535492
0.18, 2.60, 12.03, 31.33, 43, 84, 8547328
0.18, 2.93, 12.03, 35.24, 43, 84, 8559148
0.18, 2.93, 12.16, 35.64, 43, 84, 8570988
0.18, 2.60, 11.95, 31.12, 43, 84, 8582808
0.18, 2.60, 11.95, 31.12, 43, 84, 8594640
0.18, 2.60, 12.08, 31.47, 43, 84, 8606460
0.18, 2.60, 12.08, 31.47, 43, 84, 8618296
0.18, 2.93, 12.03, 35.24, 43, 84, 8630112
0.18, 2.60, 12.03, 31.33, 43, 84, 8641940
0.18, 2.93, 12.11, 35.48, 43, 84, 8653776
0.18, 2.60, 11.95, 31.12, 44, 84, 8665596
0.18, 2.93, 12.14, 35.56, 44, 84, 8677444
0.18, 2.93, 12.14, 35.56, 44, 84, 8689252
0.18, 2.93, 12.14, 35.56, 44, 84, 8701084
0.18, 2.28, 12.03, 27.41, 44, 84, 8712908
0.18, 2.93, 12.06, 35.32, 44, 84, 8724744
0.18, 2.93, 12.16, 35.64, 44, 84, 8736564
0.18, 2.60, 11.79, 30.69, 44, 84, 8748388
0.18, 2.93, 12.19, 35.72, 44, 84, 8760216
0.18, 2.93, 11.87, 34.77, 44, 84, 8772048
0.18, 2.93, 12.14, 35.56, 44, 84, 8783880
0.18, 2.93, 12.11, 35.48, 44, 84, 8795700
0.18, 2.93, 12.08, 35.40, 44, 84, 8807536
0.18, 3.58, 11.60, 41.53, 44, 84, 8819356
0.18, 2.93, 12.08, 35.40, 44, 84, 8831184
0.18, 2.60, 12.11, 31.54, 44, 84, 8843008
0.18, 3.26, 12.16, 39.60, 44, 84, 8854844
0.18, 2.93, 12.11, 35.48, 45, 84, 8866668
0.18, 2.93, 11.60, 33.98, 45, 84, 8878496
0.18, 2.93, 12.03, 35.24, 45, 84, 8890328
0.18, 2.93, 11.92, 34.93, 45, 84, 8902152
0.19, 2.93, 12.16, 35.64, 45, 84, 8913984
0.19, 3.26, 12.00, 39.07, 45, 84, 8925808
0.19, 2.93, 11.95, 35.01, 45, 84, 8937652
0.19, 2.28, 12.14, 27.66, 45, 84, 8949460
0.19, 3.26, 12.16, 39.60, 45, 84, 8961292
0.19, 3.26, 12.11, 39.42, 45, 84, 8973112
0.19, 2.60, 12.11, 31.54, 45, 84, 8984940
0.19, 2.93, 12.11, 35.48, 45, 84, 8996764
0.19, 3.26, 12.08, 39.33, 45, 84, 9008596
0.19, 2.93, 11.98, 35.08, 45, 84, 9020428
0.19, 2.93, 11.95, 35.01, 45, 84, 9032248
0.19, 3.26, 12.14, 39.51, 45, 84, 9044080
0.19, 3.58, 11.92, 42.69, 45, 84, 9055900
0.19, 2.93, 12.08, 35.40, 46, 84, 9067732
0.19, 2.93, 12.06, 35.32, 46, 84, 9079556
0.19, 3.58, 11.95, 42.78, 46, 84, 9091392
0.19, 2.93, 12.06, 35.32, 46, 84, 9103212
0.19, 3.26, 12.03, 39.16, 46, 84, 9115044
0.19, 3.26, 12.00, 39.07, 46, 84, 9126880
0.19, 2.93, 11.89, 34.85, 46, 84, 9138700
0.19, 2.93, 11.98, 35.08, 46, 84, 9150536
0.19, 2.60, 12.14, 31.61, 46, 84, 9162360
0.19, 3.26, 12.11, 39.42, 46, 84, 9174196
0.20, 2.93, 11.95, 35.01, 46, 84, 9186016
0.20, 2.93, 12.03, 35.24, 46, 84, 9197852
0.20, 3.26, 12.06, 39.25, 46, 84, 9209676
0.20, 3.91, 12.00, 46.89, 46, 84, 9221508
0.20, 2.93, 11.95, 35.01, 46, 84, 9233340
0.20, 3.26, 12.08, 39.33, 46, 84, 9245160
0.20, 3.26, 12.03, 39.16, 46, 84, 9256996
0.20, 3.26, 12.06, 39.25, 47, 84, 9268816
0.20, 3.26, 12.08, 39.33, 47, 84, 9280656
0.20, 3.26, 11.71, 38.11, 47, 84, 9292480
0.20, 2.93, 11.92, 34.93, 47, 84, 9304316
0.20, 3.26, 11.98, 38.98, 47, 84, 9316136
0.20, 3.26, 12.08, 39.33, 47, 84, 9327968
0.20, 3.26, 12.11, 39.42, 47, 84, 9339796
0.20, 3.58, 12.08, 43.27, 47, 84, 9351624
0.20, 3.26, 12.00, 39.07, 47, 84, 9363456
0.20, 3.26, 11.89, 38.72, 47, 84, 9375284
0.20, 3.26, 12.06, 39.25, 47, 84, 9387112
0.20, 3.26, 11.81, 38.46, 47, 84, 9398952
0.20, 3.58, 12.00, 42.98, 47, 84, 9410768
0.20, 3.26, 11.98, 38.98, 47, 84, 9422588
0.20, 3.26, 12.27, 39.95, 47, 84, 9434420
0.20, 3.58, 12.14, 43.46, 47, 84, 9446244
0.20, 3.26, 11.95, 38.90, 47, 84, 9458068
0.20, 3.26, 12.03, 39.16, 48, 84, 9469904
0.20, 3.26, 12.14, 39.51, 48, 84, 9481724
0.20, 3.58, 11.92, 42.69, 48, 84, 9493556
0.20, 3.58, 12.08, 43.27, 48, 84, 9505376
0.21, 3.26, 12.00, 39.07, 48, 84, 9517212
0.21, 4.23, 11.68, 49.42, 48, 84, 9529036
0.21, 3.26, 11.98, 38.98, 48, 84, 9540872
0.21, 3.58, 12.08, 43.27, 48, 84, 9552692
0.21, 3.91, 12.08, 47.20, 48, 84, 9564524
0.21, 3.58, 12.03, 43.07, 48, 84, 9576352
0.21, 3.26, 12.06, 39.25, 48, 85, 9588180
0.21, 3.26, 12.11, 39.42, 48, 84, 9600016
0.21, 3.58, 12.03, 43.07, 48, 84, 9611840
0.21, 3.58, 12.22, 43.75, 48, 84, 9623672
0.21, 3.58, 11.73, 42.01, 48, 84, 9635492
0.21, 3.58, 12.16, 43.56, 48, 84, 9647324
0.21, 3.58, 11.95, 42.78, 48, 84, 9659164
0.21, 3.26, 11.98, 38.98, 49, 84, 9670980
0.21, 3.58, 12.19, 43.65, 49, 84, 9682800
0.21, 3.58, 12.00, 42.98, 49, 84, 9694624
0.21, 3.58, 12.14, 43.46, 49, 84, 9706460
0.21, 2.60, 12.00, 31.26, 49, 84, 9718284
0.21, 3.58, 11.95, 42.78, 49, 84, 9730120
0.21, 4.23, 11.79, 49.88, 49, 84, 9741940
0.21, 3.58, 11.79, 42.21, 49, 84, 9753776
0.21, 3.26, 11.92, 38.81, 49, 84, 9765596
0.21, 3.58, 12.06, 43.17, 49, 84, 9777428
0.21, 4.23, 12.08, 51.13, 49, 84, 9789252
0.21, 3.26, 12.49, 40.65, 49, 84, 9801076
0.21, 3.58, 12.03, 43.07, 49, 84, 9812908
0.21, 3.58, 12.16, 43.56, 49, 84, 9824736
0.21, 3.58, 11.98, 42.88, 49, 84, 9836572
0.21, 3.26, 11.89, 38.72, 49, 85, 9848392
0.21, 3.58, 12.16, 43.56, 49, 84, 9860224
0.21, 3.91, 12.08, 47.20, 50, 84, 9872048
0.21, 3.58, 11.73, 42.01, 50, 84, 9883880
0.21, 3.58, 12.25, 43.85, 50, 84, 9895700
0.21, 4.23, 12.14, 51.36, 50, 84, 9907532
0.22, 3.58, 12.06, 43.17, 50, 84, 9919376
0.22, 3.58, 12.00, 42.98, 50, 84, 9931184
0.22, 3.91, 12.22, 47.73, 50, 84, 9943016
0.22, 3.58, 12.06, 43.17, 50, 84, 9954840
0.22, 3.91, 11.98, 46.78, 50, 84, 9966672
0.22, 3.26, 11.89, 38.72, 50, 84, 9978492
0.22, 3.58, 12.11, 43.36, 50, 84, 9990324
0.22, 3.58, 12.11, 43.36, 50, 84, 10002148
0.22, 3.58, 12.08, 43.27, 50, 84, 10013984
0.22, 3.91, 12.08, 47.20, 50, 84, 10025800
0.22, 4.23, 12.11, 51.25, 50, 84, 10037644
0.22, 3.58, 12.22, 43.75, 50, 84, 10049456
0.22, 3.91, 12.06, 47.10, 50, 84, 10061284
0.22, 3.58, 11.98, 42.88, 51, 84, 10073116
0.22, 3.58, 12.08, 43.27, 51, 84, 10084936
0.22, 3.91, 12.16, 47.52, 51, 84, 10096772
0.22, 4.23, 12.11, 51.25, 51, 84, 10108592
0.22, 3.58, 11.87, 42.50, 51, 84, 10120424
0.22, 3.91, 12.03, 46.99, 51, 84, 10132244
0.22, 4.23, 12.16, 51.48, 51, 84, 10144076
0.22, 3.91, 11.92, 46.57, 51, 84, 10155900
0.22, 3.91, 11.89, 46.46, 51, 84, 10167728
0.22, 3.91, 12.03, 46.99, 51, 84, 10179564
0.22, 3.91, 11.92, 46.57, 51, 84, 10191388
0.22, 3.91, 12.06, 47.10, 51, 84, 10203220
0.22, 3.58, 11.98, 42.88, 51, 84, 10215044
0.22, 3.91, 12.41, 48.47, 51, 84, 10226880
0.22, 4.23, 12.49, 52.85, 51, 84, 10238704
0.23, 3.91, 11.89, 46.46, 51, 84, 10250540
0.23, 3.91, 12.06, 47.10, 51, 84, 10262360
0.23, 4.56, 12.06, 54.95, 52, 84, 10274192
0.23, 3.91, 12.08, 47.20, 52, 84, 10286024
0.23, 3.91, 12.06, 47.10, 52, 84, 10297864
0.23, 3.58, 11.81, 42.30, 52, 84, 10309680
0.23, 3.91, 12.03, 46.99, 52, 84, 10321500
0.23, 4.23, 11.98, 50.68, 52, 84, 10333332
0.23, 3.58, 11.95, 42.78, 52, 84, 10345152
0.23, 4.23, 12.49, 52.85, 52, 84, 10356988
0.23, 3.91, 11.81, 46.15, 52, 84, 10368808
0.23, 3.58, 12.41, 44.43, 52, 84, 10380636
0.23, 3.91, 12.06, 47.10, 52, 84, 10392464
0.23, 3.91, 11.89, 46.46, 52, 84, 10404288
0.23, 3.91, 12.14, 47.41, 52, 84, 10416124
0.23, 3.91, 12.16, 47.52, 52, 84, 10427944
0.23, 3.91, 11.89, 46.46, 52, 84, 10439776
0.23, 3.58, 11.89, 42.59, 52, 84, 10451596
0.23, 3.91, 12.14, 47.41, 52, 84, 10463432
0.23, 4.23, 12.00, 50.79, 53, 84, 10475252
0.23, 4.56, 12.06, 54.95, 53, 84, 10487088
0.23, 3.91, 11.92, 46.57, 53, 84, 10498904
0.23, 4.88, 12.06, 58.87, 53, 84, 10510732
0.23, 3.91, 11.98, 46.78, 53, 84, 10522568
0.24, 4.23, 11.92, 50.45, 53, 84, 10534392
0.24, 3.91, 12.06, 47.10, 53, 84, 10546228
0.24, 3.91, 12.03, 46.99, 53, 84, 10558048
0.24, 4.23, 12.08, 51.13, 53, 84, 10569888
0.24, 4.56, 11.76, 53.59, 53, 84, 10581708
0.24, 4.23, 12.06, 51.02, 53, 84, 10593544
0.24, 3.91, 11.89, 46.46, 53, 84, 10605364
0.24, 4.23, 11.95, 50.56, 53, 84, 10617192
0.24, 4.23, 11.95, 50.56, 53, 84, 10629024
0.24, 4.23, 12.11, 51.25, 53, 84, 10640848
0.24, 4.23, 12.08, 51.13, 53, 84, 10652684
0.24, 3.91, 11.76, 45.94, 53, 84, 10664508
0.24, 4.23, 11.79, 49.88, 54, 84, 10676344
0.24, 3.58, 11.98, 42.88, 54, 84, 10688168
0.24, 4.23, 12.06, 51.02, 54, 84, 10700000
0.24, 4.23, 11.87, 50.22, 54, 84, 10711820
0.24, 4.23, 11.54, 48.85, 54, 84, 10723656
0.24, 4.23, 11.89, 50.34, 54, 84, 10735476
0.24, 4.23, 12.00, 50.79, 54, 84, 10747300
0.24, 4.23, 11.92, 50.45, 54, 84, 10759140
0.24, 4.56, 12.06, 54.95, 54, 84, 10770960
0.24, 4.23, 11.92, 50.45, 54, 84, 10782792
0.24, 3.91, 11.84, 46.25, 54, 84, 10794612
0.24, 4.56, 12.14, 55.31, 54, 84, 10806444
0.24, 4.56, 12.08, 55.07, 54, 84, 10818264
0.24, 4.23, 11.79, 49.88, 54, 84, 10830100
0.24, 3.58, 12.11, 43.36, 54, 84, 10841920
0.25, 4.88, 12.16, 59.40, 54, 84, 10853748
0.24, 4.23, 12.03, 50.91, 54, 84, 10865572
0.24, 3.91, 11.52, 44.99, 55, 84, 10877400
0.24, 4.56, 12.14, 55.31, 55, 84, 10889232
0.24, 4.23, 11.98, 50.68, 55, 84, 10901052
0.25, 4.56, 11.95, 54.45, 55, 84, 10912892
0.25, 3.91, 11.87, 46.36, 55, 84, 10924712
0.25, 4.23, 11.98, 50.68, 55, 84, 10936544
0.25, 4.23, 12.11, 51.25, 55, 84, 10948364
0.25, 3.91, 11.81, 46.15, 55, 84, 10960200
0.25, 4.56, 12.06, 54.95, 55, 84, 10972016
0.25, 4.23, 11.84, 50.11, 55, 84, 10983848
0.25, 4.56, 12.08, 55.07, 55, 84, 10995684
0.25, 4.56, 12.14, 55.31, 55, 84, 11007504
0.25, 4.23, 12.08, 51.13, 55, 84, 11019360
0.25, 4.88, 11.71, 57.16, 55, 84, 11031160
0.25, 4.23, 11.89, 50.34, 55, 84, 11042996
0.25, 4.23, 11.87, 50.22, 55, 84, 11054820
0.25, 4.56, 11.89, 54.21, 55, 84, 11066656
0.25, 4.56, 11.44, 52.12, 56, 84, 11078480
0.25, 3.91, 11.89, 46.46, 56, 84, 11090308
0.25, 4.56, 12.00, 54.70, 56, 84, 11102140
0.25, 4.56, 11.76, 53.59, 56, 84, 11113964
0.25, 4.23, 11.81, 49.99, 56, 84, 11125796
0.25, 4.56, 12.16, 55.44, 56, 84, 11137616
0.25, 4.56, 11.95, 54.45, 56, 84, 11149452
0.25, 5.21, 11.65, 60.69, 56, 84, 11161272
0.25, 4.56, 12.00, 54.70, 56, 84, 11173104
0.25, 4.56, 11.84, 53.96, 56, 84, 11184928
0.25, 4.88, 12.06, 58.87, 56, 84, 11196756
0.25, 4.56, 12.08, 55.07, 56, 85, 11208584
0.26, 4.56, 12.08, 55.07, 56, 84, 11220412
0.26, 4.88, 12.11, 59.13, 56, 84, 11232244
0.25, 4.56, 12.08, 55.07, 56, 84, 11244068
0.25, 4.56, 11.84, 53.96, 56, 84, 11255900
0.25, 4.56, 12.54, 57.16, 56, 84, 11267720
0.25, 4.56, 11.87, 54.08, 57, 84, 11279572
0.25, 4.23, 11.95, 50.56, 57, 85, 11291376
0.25, 4.88, 12.03, 58.74, 57, 84, 11303208
0.26, 4.88, 12.08, 59.00, 57, 84, 11315032
0.26, 4.23, 11.79, 49.88, 57, 84, 11326856
0.26, 3.91, 11.68, 45.62, 57, 84, 11338688
0.26, 4.88, 12.08, 59.00, 57, 85, 11350512
0.26, 4.56, 11.81, 53.84, 57, 84, 11362344
0.26, 4.56, 11.87, 54.08, 57, 84, 11374168
0.26, 4.88, 12.08, 59.00, 57, 84, 11386000
0.26, 4.23, 11.95, 50.56, 57, 84, 11397840
0.26, 4.88, 11.81, 57.68, 57, 84, 11409660
0.26, 4.88, 11.98, 58.47, 57, 84, 11421480
0.26, 5.53, 12.22, 67.61, 57, 84, 11433308
0.26, 4.56, 11.84, 53.96, 57, 84, 11445140
0.26, 4.88, 11.98, 58.47, 57, 84, 11456968
0.26, 4.56, 11.87, 54.08, 57, 84, 11468800
0.26, 4.56, 11.98, 54.58, 58, 84, 11480616
0.26, 4.88, 11.95, 58.34, 58, 84, 11492448
0.26, 4.23, 11.87, 50.22, 58, 84, 11504272
0.26, 4.56, 11.89, 54.21, 58, 84, 11516104
0.26, 4.56, 11.76, 53.59, 58, 84, 11527928
0.26, 4.88, 11.44, 55.84, 58, 84, 11539768
0.26, 5.21, 11.98, 62.37, 58, 85, 11551580
0.26, 4.88, 11.63, 56.76, 58, 84, 11563408
0.26, 4.88, 12.06, 58.87, 58, 84, 11575240
0.26, 5.21, 12.11, 63.08, 58, 84, 11587064
0.26, 4.88, 11.87, 57.95, 58, 84, 11598900
0.27, 4.88, 12.06, 58.87, 58, 84, 11610728
0.26, 4.88, 11.89, 58.08, 58, 84, 11622560
0.27, 4.88, 12.43, 60.71, 58, 84, 11634380
0.26, 4.88, 11.84, 57.82, 58, 84, 11646216
0.27, 4.88, 11.89, 58.08, 58, 84, 11658052
0.27, 4.23, 12.49, 52.85, 58, 84, 11669868
0.27, 4.56, 12.03, 54.82, 59, 84, 11681700
0.27, 5.21, 12.19, 63.50, 59, 84, 11693524
0.27, 4.88, 11.79, 57.55, 59, 84, 11705364
0.27, 3.91, 11.73, 45.83, 59, 84, 11717184
0.27, 5.21, 12.11, 63.08, 59, 84, 11729020
0.27, 5.53, 12.16, 67.32, 59, 84, 11740840
0.27, 5.21, 12.03, 62.65, 59, 84, 11752680
0.27, 5.21, 11.92, 62.09, 59, 84, 11764500
0.27, 5.53, 12.30, 68.06, 59, 84, 11776332
0.27, 4.88, 11.84, 57.82, 59, 84, 11788156
0.27, 5.21, 12.03, 62.65, 59, 84, 11799984
0.27, 4.88, 12.03, 58.74, 59, 84, 11811820
0.27, 4.88, 11.98, 58.47, 59, 84, 11823644
0.27, 4.88, 12.00, 58.61, 59, 84, 11835480
0.27, 4.88, 11.68, 57.03, 59, 84, 11847300
0.27, 5.86, 12.06, 70.64, 59, 84, 11859136
0.27, 4.88, 12.25, 59.79, 59, 85, 11870956
0.27, 5.21, 11.81, 61.53, 60, 84, 11882792
0.27, 5.21, 11.81, 61.53, 60, 84, 11894612
0.27, 4.88, 12.35, 60.32, 60, 84, 11906436
0.27, 5.21, 12.03, 62.65, 60, 84, 11918276
0.27, 4.88, 11.81, 57.68, 60, 84, 11930096
0.27, 5.21, 11.81, 61.53, 60, 84, 11941924
0.27, 5.21, 12.25, 63.78, 60, 84, 11953748
0.28, 5.53, 12.08, 66.87, 60, 84, 11965580
0.28, 5.21, 11.52, 59.99, 60, 84, 11977404
0.28, 5.53, 12.00, 66.42, 60, 84, 11989232
0.28, 5.21, 12.06, 62.79, 60, 84, 12001056
0.28, 5.21, 11.46, 59.70, 60, 84, 12012884
0.28, 5.21, 11.79, 61.39, 60, 84, 12024712
0.28, 5.21, 11.98, 62.37, 60, 84, 12036540
0.27, 5.21, 11.81, 61.53, 60, 84, 12048372
0.28, 5.21, 11.89, 61.95, 60, 84, 12060196
0.28, 5.21, 12.06, 62.79, 60, 84, 12072028
0.28, 5.21, 12.43, 64.76, 61, 84, 12083852
0.27, 5.53, 12.00, 66.42, 61, 84, 12095688
0.28, 5.21, 11.81, 61.53, 61, 84, 12107504
0.28, 5.21, 12.08, 62.94, 61, 84, 12119340
0.28, 5.21, 11.95, 62.23, 61, 84, 12131160
0.28, 4.56, 12.00, 54.70, 61, 84, 12142988
0.28, 5.21, 11.98, 62.37, 61, 84, 12154820
0.28, 5.53, 12.06, 66.72, 61, 84, 12166644
0.28, 5.53, 12.00, 66.42, 61, 84, 12178480
0.28, 5.53, 11.87, 65.67, 61, 85, 12190300
0.28, 5.53, 11.79, 65.23, 61, 84, 12202136
0.28, 6.18, 11.71, 72.40, 61, 84, 12213956
0.28, 5.21, 11.89, 61.95, 61, 84, 12225792
0.28, 4.23, 11.84, 50.11, 61, 84, 12237612
0.28, 5.86, 12.03, 70.49, 61, 84, 12249444
0.28, 5.21, 12.00, 62.51, 61, 84, 12261272
0.28, 5.53, 11.98, 66.27, 61, 84, 12273104
0.28, 5.21, 11.92, 62.09, 62, 84, 12284936
0.28, 5.53, 11.84, 65.53, 62, 84, 12296760
0.28, 5.53, 12.08, 66.87, 62, 84, 12308592
0.28, 5.21, 11.63, 60.55, 62, 84, 12320416
0.29, 5.53, 12.03, 66.57, 62, 84, 12332252
0.29, 5.53, 12.00, 66.42, 62, 84, 12344072
0.29, 5.53, 11.44, 63.29, 62, 84, 12355908
0.29, 5.53, 11.84, 65.53, 62, 84, 12367724
0.29, 5.53, 11.76, 65.08, 62, 84, 12379572
0.29, 5.53, 12.11, 67.02, 62, 84, 12391388
0.29, 5.21, 11.92, 62.09, 62, 84, 12403208
0.29, 5.53, 12.03, 66.57, 62, 84, 12415044
0.29, 5.86, 12.30, 72.07, 62, 84, 12426868
0.29, 5.53, 11.81, 65.38, 62, 84, 12438700
0.29, 5.53, 11.76, 65.08, 62, 84, 12450520
0.29, 5.86, 12.06, 70.64, 62, 84, 12462356
0.29, 6.18, 11.87, 73.40, 62, 84, 12474180
0.29, 4.56, 12.00, 54.70, 63, 84, 12486004
0.29, 5.86, 12.08, 70.80, 63, 84, 12497832
0.29, 5.86, 12.08, 70.80, 63, 84, 12509656
0.29, 5.86, 11.98, 70.17, 63, 84, 12521492
0.29, 5.86, 12.03, 70.49, 63, 84, 12533308
0.29, 5.86, 11.92, 69.85, 63, 84, 12545144
0.29, 6.84, 11.57, 79.10, 63, 84, 12556964
0.29, 5.86, 12.08, 70.80, 63, 84, 12568796
0.29, 5.86, 12.08, 70.80, 63, 84, 12580620
0.29, 6.18, 12.22, 75.57, 63, 84, 12592452
0.29, 5.53, 11.79, 65.23, 63, 84, 12604272
0.29, 5.86, 11.98, 70.17, 63, 84, 12616096
0.29, 5.86, 11.87, 69.54, 63, 84, 12627932
0.29, 5.86, 11.95, 70.01, 63, 84, 12639772
0.29, 5.86, 11.98, 70.17, 63, 84, 12651588
0.30, 6.18, 12.27, 75.90, 63, 84, 12663408
0.30, 5.86, 11.71, 68.59, 63, 84, 12675244
0.30, 5.86, 11.84, 69.38, 64, 84, 12687064
0.30, 5.86, 12.06, 70.64, 64, 84, 12698896
0.30, 5.86, 12.00, 70.33, 64, 84, 12710716
0.30, 5.21, 12.25, 63.78, 64, 84, 12722544
0.30, 6.18, 11.98, 74.07, 64, 84, 12734372
0.30, 5.86, 12.08, 70.80, 64, 84, 12746196
0.30, 6.18, 12.03, 74.40, 64, 84, 12758048
0.30, 6.18, 11.95, 73.90, 64, 85, 12769852
0.30, 5.86, 11.71, 68.59, 64, 84, 12781688
0.30, 6.51, 11.44, 74.45, 64, 84, 12793512
0.30, 5.86, 11.89, 69.70, 64, 84, 12805344
0.30, 5.86, 11.92, 69.85, 64, 84, 12817164
0.30, 6.51, 12.25, 79.72, 64, 84, 12829000
0.30, 5.53, 11.76, 65.08, 64, 84, 12840820
0.30, 6.18, 12.19, 75.40, 64, 84, 12852648
0.30, 6.18, 12.06, 74.57, 64, 84, 12864484
0.30, 6.18, 11.95, 73.90, 64, 84, 12876308
0.30, 6.18, 11.76, 72.73, 65, 84, 12888144
0.30, 6.84, 11.60, 79.28, 65, 84, 12899984
0.30, 5.86, 11.89, 69.70, 65, 84, 12911796
0.31, 6.18, 12.11, 74.90, 65, 84, 12923620
0.31, 6.18, 12.16, 75.24, 65, 84, 12935456
0.31, 6.51, 12.03, 78.32, 65, 84, 12947272
0.31, 7.16, 12.06, 86.34, 65, 84, 12959104
0.31, 6.18, 11.92, 73.73, 65, 85, 12970924
0.31, 6.18, 11.73, 72.57, 65, 84, 12982752
0.31, 6.51, 12.03, 78.32, 65, 84, 12994584
0.31, 6.18, 11.98, 74.07, 65, 84, 13006408
0.31, 6.18, 11.54, 71.40, 65, 84, 13018256
0.31, 7.16, 11.73, 84.02, 65, 84, 13030060
0.31, 6.51, 12.00, 78.14, 65, 84, 13041892
0.31, 6.18, 12.08, 74.74, 65, 84, 13053712
0.31, 6.84, 12.08, 82.60, 65, 84, 13065548
0.31, 6.51, 11.79, 76.74, 65, 84, 13077364
0.31, 6.18, 12.08, 74.74, 66, 84, 13089196
0.31, 6.18, 11.92, 73.73, 66, 84, 13101032
0.31, 6.51, 11.81, 76.91, 66, 84, 13112856
0.31, 6.18, 11.79, 72.90, 66, 84, 13124692
0.32, 5.86, 11.73, 68.75, 66, 84, 13136516
0.32, 6.18, 12.16, 75.24, 66, 84, 13148352
0.32, 6.51, 11.87, 77.26, 66, 84, 13160172
0.32, 6.51, 11.84, 77.09, 66, 84, 13172008
0.32, 6.18, 11.76, 72.73, 66, 84, 13183832
0.32, 7.16, 12.08, 86.54, 66, 84, 13195660
0.32, 6.84, 11.81, 80.76, 66, 84, 13207492
0.32, 6.51, 11.98, 77.97, 66, 84, 13219316
0.32, 6.18, 11.89, 73.57, 66, 84, 13231152
0.32, 6.51, 11.89, 77.44, 66, 84, 13242976
0.32, 6.51, 12.00, 78.14, 66, 84, 13254808
0.32, 6.51, 11.71, 76.21, 66, 84, 13266632
0.32, 6.51, 11.63, 75.68, 66, 84, 13278480
0.32, 6.84, 11.92, 81.50, 67, 84, 13290288
0.32, 6.18, 11.52, 71.23, 67, 84, 13302112
0.32, 6.84, 11.98, 81.86, 67, 84, 13313940
0.32, 6.84, 11.95, 81.68, 67, 84, 13325768
0.33, 6.51, 11.95, 77.79, 67, 84, 13337600
0.33, 6.51, 11.84, 77.09, 67, 84, 13349420
0.33, 6.84, 11.92, 81.50, 67, 84, 13361256
0.33, 7.49, 12.19, 91.28, 67, 84, 13373076
0.33, 6.51, 11.95, 77.79, 67, 84, 13384908
0.33, 6.51, 11.84, 77.09, 67, 84, 13396732
0.33, 7.16, 11.95, 85.57, 67, 84, 13408568
0.33, 6.51, 11.76, 76.56, 67, 84, 13420392
0.33, 6.84, 11.73, 80.21, 67, 84, 13432216
0.33, 6.84, 11.92, 81.50, 67, 84, 13444052
0.33, 7.16, 12.00, 85.96, 67, 84, 13455876
0.33, 6.84, 12.00, 82.05, 67, 84, 13467712
0.33, 7.49, 11.52, 86.23, 67, 84, 13479536
0.33, 6.84, 11.92, 81.50, 68, 84, 13491372
0.33, 6.84, 12.00, 82.05, 68, 84, 13503196
0.33, 7.16, 12.06, 86.34, 68, 84, 13515032
0.33, 6.51, 12.03, 78.32, 68, 84, 13526852
0.34, 7.16, 12.19, 87.31, 68, 84, 13538680
0.34, 6.84, 11.89, 81.31, 68, 84, 13550512
0.34, 7.16, 12.00, 85.96, 68, 84, 13562340
0.34, 6.84, 11.98, 81.86, 68, 84, 13574176
0.34, 7.16, 11.81, 84.60, 68, 84, 13585996
0.34, 7.16, 12.84, 91.94, 68, 84, 13597828
0.34, 6.51, 11.60, 75.51, 68, 84, 13609652
0.34, 7.16, 11.89, 85.18, 68, 84, 13621484
0.34, 7.16, 11.89, 85.18, 68, 84, 13633308
0.34, 7.16, 11.54, 82.67, 68, 84, 13645136
0.34, 6.84, 11.79, 80.57, 68, 84, 13656960
0.34, 7.16, 12.08, 86.54, 68, 84, 13668792
0.34, 6.84, 11.71, 80.02, 68, 84, 13680624
0.34, 7.16, 11.79, 84.41, 69, 84, 13692444
0.34, 7.16, 11.92, 85.38, 69, 84, 13704276
0.34, 6.84, 12.68, 86.66, 69, 84, 13716100
0.34, 7.16, 12.25, 87.69, 69, 84, 13727936
0.35, 7.49, 11.92, 89.26, 69, 84, 13739760
0.35, 7.16, 11.87, 84.99, 69, 84, 13751592
0.35, 7.16, 11.76, 84.22, 69, 84, 13763416
0.35, 7.49, 12.22, 91.48, 69, 84, 13775244
0.35, 7.16, 11.68, 83.64, 69, 84, 13787080
0.35, 7.16, 11.81, 84.60, 69, 84, 13798904
0.35, 7.49, 11.98, 89.66, 69, 84, 13810736
0.35, 7.49, 11.98, 89.66, 69, 84, 13822560
0.35, 7.16, 11.89, 85.18, 69, 84, 13834396
0.35, 6.84, 11.60, 79.28, 69, 84, 13846220
0.35, 7.16, 11.98, 85.76, 69, 84, 13858052
0.35, 7.49, 11.89, 89.06, 69, 84, 13869876
0.35, 7.81, 11.30, 88.29, 69, 84, 13881704
0.35, 7.49, 12.06, 90.27, 70, 84, 13893532
0.35, 7.49, 11.79, 88.25, 70, 84, 13905364
0.35, 7.49, 11.89, 89.06, 70, 84, 13917196
0.35, 7.49, 12.08, 90.47, 70, 85, 13929020
0.36, 7.16, 11.81, 84.60, 70, 84, 13940852
0.36, 7.16, 12.35, 88.47, 70, 84, 13952672
0.36, 7.49, 11.87, 88.85, 70, 84, 13964508
0.36, 7.81, 12.00, 93.77, 70, 84, 13976332
0.36, 7.49, 11.44, 85.62, 70, 84, 13988164
0.36, 7.49, 11.92, 89.26, 70, 84, 14000008
0.36, 7.81, 11.98, 93.56, 70, 85, 14011820
0.36, 7.81, 12.11, 94.61, 70, 84, 14023652
0.36, 7.81, 11.84, 92.51, 70, 84, 14035476
0.36, 7.49, 11.68, 87.44, 70, 84, 14047308
0.36, 8.46, 11.84, 100.21, 70, 84, 14059128
0.36, 7.81, 11.87, 92.72, 70, 84, 14070964
0.36, 7.81, 11.84, 92.51, 70, 84, 14082784
0.36, 7.49, 11.81, 88.45, 71, 84, 14094620
0.36, 7.49, 11.68, 87.44, 71, 84, 14106440
0.36, 8.14, 11.63, 94.60, 71, 84, 14118284
0.37, 7.81, 11.87, 92.72, 71, 84, 14130096
0.37, 8.14, 11.73, 95.48, 71, 84, 14141920
0.37, 7.81, 11.87, 92.72, 71, 84, 14153756
0.37, 7.81, 11.81, 92.30, 71, 84, 14165576
0.37, 7.81, 11.87, 92.72, 71, 84, 14177408
0.37, 9.11, 11.73, 106.94, 71, 84, 14189228
0.37, 8.14, 12.11, 98.56, 71, 84, 14201064
0.37, 8.14, 11.71, 95.26, 71, 84, 14212884
0.37, 8.46, 11.95, 101.13, 71, 84, 14224720
0.37, 7.81, 11.89, 92.93, 71, 84, 14236540
0.37, 7.81, 11.89, 92.93, 71, 84, 14248364
0.37, 7.81, 11.92, 93.14, 71, 84, 14260220
0.37, 8.14, 12.06, 98.12, 71, 85, 14272020
0.37, 7.81, 11.76, 91.87, 71, 84, 14283852
0.37, 7.49, 12.33, 92.29, 72, 84, 14295672
0.37, 8.14, 12.03, 97.90, 72, 84, 14307508
0.37, 8.14, 11.87, 96.58, 72, 84, 14319332
0.38, 8.14, 11.92, 97.02, 72, 84, 14331164
0.38, 8.46, 11.76, 99.53, 72, 84, 14342984
0.38, 8.46, 11.27, 95.42, 72, 84, 14354812
0.38, 8.14, 12.11, 98.56, 72, 84, 14366636
0.38, 7.81, 11.76, 91.87, 72, 84, 14378476
0.38, 8.46, 12.06, 102.04, 72, 84, 14390296
0.38, 7.81, 11.81, 92.30, 72, 84, 14402116
0.38, 8.79, 11.92, 104.78, 72, 84, 14413952
0.38, 7.81, 12.41, 96.93, 72, 84, 14425776
0.38, 8.14, 11.57, 94.17, 72, 84, 14437608
0.38, 8.14, 11.63, 94.60, 72, 84, 14449428
0.38, 8.14, 12.00, 97.68, 72, 84, 14461264
0.38, 8.14, 11.89, 96.80, 72, 84, 14473088
0.38, 7.81, 11.84, 92.51, 72, 84, 14484908
0.38, 8.46, 11.92, 100.90, 73, 84, 14496748
0.38, 8.14, 11.63, 94.60, 73, 84, 14508564
0.38, 8.46, 11.95, 101.13, 73, 84, 14520416
0.39, 7.81, 11.60, 90.61, 73, 84, 14532224
0.39, 8.46, 12.03, 101.81, 73, 84, 14544056
0.39, 8.79, 11.95, 105.02, 73, 84, 14555880
0.39, 8.79, 11.73, 103.12, 73, 84, 14567716
0.39, 8.79, 11.98, 105.25, 73, 84, 14579540
0.39, 9.11, 12.46, 113.58, 73, 84, 14591364
0.39, 8.79, 11.89, 104.54, 73, 84, 14603200
0.39, 8.46, 12.08, 102.27, 73, 84, 14615020
0.39, 8.46, 11.60, 98.16, 73, 84, 14626856
0.39, 8.14, 11.52, 93.73, 73, 84, 14638692
0.39, 8.79, 11.81, 103.83, 73, 84, 14650508
0.39, 8.46, 11.52, 97.48, 73, 84, 14662332
0.40, 8.46, 11.84, 100.21, 73, 84, 14674164
0.40, 8.46, 11.52, 97.48, 73, 84, 14685984
0.40, 7.81, 12.06, 94.19, 74, 84, 14697812
0.40, 8.46, 11.92, 100.90, 74, 84, 14709640
0.40, 8.79, 11.84, 104.07, 74, 84, 14721468
0.40, 8.46, 11.63, 98.39, 74, 84, 14733308
0.40, 8.46, 11.57, 97.93, 74, 84, 14745128
0.40, 8.79, 11.98, 105.25, 74, 84, 14756964
0.40, 8.79, 11.92, 104.78, 74, 84, 14768788
0.40, 8.79, 11.89, 104.54, 74, 84, 14780620
0.40, 9.11, 11.84, 107.92, 74, 84, 14792444
0.40, 8.14, 12.19, 99.21, 74, 84, 14804280
0.41, 9.11, 12.06, 109.89, 74, 84, 14816100
0.41, 8.79, 11.92, 104.78, 74, 84, 14827932
0.40, 9.11, 11.87, 108.17, 74, 84, 14839768
0.40, 9.11, 11.92, 108.66, 74, 84, 14851592
0.40, 8.79, 11.60, 101.94, 74, 84, 14863424
0.40, 8.79, 11.71, 102.88, 74, 84, 14875244
0.40, 8.79, 11.76, 103.36, 74, 84, 14887076
0.40, 8.79, 12.57, 110.47, 75, 84, 14898896
0.40, 8.79, 11.49, 100.99, 75, 84, 14910732
0.41, 8.79, 11.60, 101.94, 75, 84, 14922552
0.41, 9.44, 12.08, 114.07, 75, 84, 14934380
0.41, 9.11, 11.89, 108.42, 75, 84, 14946208
0.41, 8.79, 11.89, 104.54, 75, 84, 14958036
0.41, 9.11, 11.92, 108.66, 75, 84, 14969868
0.41, 9.44, 11.98, 113.05, 75, 84, 14981684
0.42, 9.11, 11.81, 107.68, 75, 84, 14993516
0.42, 8.79, 11.36, 99.80, 75, 84, 15005340
0.42, 9.11, 11.89, 108.42, 75, 84, 15017176
0.42, 9.11, 11.84, 107.92, 75, 84, 15028996
0.42, 9.77, 11.19, 109.31, 75, 84, 15040836
0.42, 9.11, 11.98, 109.15, 75, 84, 15052656
0.42, 9.11, 11.71, 106.69, 75, 84, 15064484
0.42, 9.44, 11.98, 113.05, 75, 84, 15076320
0.41, 9.11, 11.68, 106.45, 75, 84, 15088140
0.41, 9.11, 11.71, 106.69, 76, 84, 15099976
0.41, 10.42, 11.49, 119.69, 76, 84, 15111796
0.41, 9.11, 11.49, 104.73, 76, 84, 15123636
0.42, 9.11, 11.60, 105.71, 76, 84, 15135460
0.42, 9.44, 11.63, 109.74, 76, 84, 15147292
0.43, 9.44, 11.79, 111.27, 76, 84, 15159116
0.43, 10.09, 11.17, 112.68, 76, 84, 15170940
0.43, 9.44, 11.73, 110.76, 76, 84, 15182780
0.43, 9.44, 11.65, 110.00, 76, 84, 15194600
0.43, 9.44, 12.03, 113.56, 76, 84, 15206432
0.43, 9.44, 11.65, 110.00, 76, 84, 15218252
0.43, 9.44, 11.65, 110.00, 76, 84, 15230084
0.43, 10.09, 11.76, 118.67, 76, 84, 15241908
0.43, 9.77, 11.81, 115.37, 76, 84, 15253740
0.43, 9.77, 11.89, 116.16, 76, 84, 15265564
0.43, 10.09, 11.89, 120.03, 76, 84, 15277392
0.43, 9.77, 11.92, 116.42, 76, 84, 15289220
0.43, 9.77, 11.81, 115.37, 77, 84, 15301052
0.43, 9.44, 11.79, 111.27, 77, 84, 15312884
0.43, 9.77, 11.57, 113.00, 77, 84, 15324708
0.43, 9.77, 11.57, 113.00, 77, 84, 15336544
0.44, 10.74, 11.65, 125.17, 77, 84, 15348364
0.44, 9.77, 11.81, 115.37, 77, 84, 15360200
0.44, 9.44, 11.73, 110.76, 77, 84, 15372024
0.44, 10.09, 12.30, 124.11, 77, 84, 15383856
0.44, 10.42, 12.06, 125.59, 77, 84, 15395680
0.44, 9.77, 11.89, 116.16, 77, 84, 15407508
0.44, 10.09, 11.98, 120.85, 77, 84, 15419340
0.44, 10.09, 11.60, 117.04, 77, 85, 15431164
0.44, 10.09, 11.89, 120.03, 77, 84, 15442996
0.44, 9.77, 11.71, 114.32, 77, 84, 15454816
0.44, 10.09, 11.89, 120.03, 77, 84, 15466652
0.44, 10.42, 11.63, 121.09, 77, 84, 15478472
0.44, 9.44, 11.63, 109.74, 77, 84, 15490304
0.44, 10.09, 11.71, 118.13, 78, 84, 15502124
0.44, 10.74, 11.19, 120.24, 78, 84, 15513956
0.44, 10.42, 11.68, 121.66, 78, 84, 15525780
0.44, 9.77, 11.57, 113.00, 78, 84, 15537608
0.45, 10.42, 11.87, 123.62, 78, 84, 15549444
0.45, 10.09, 12.08, 121.94, 78, 84, 15561264
0.45, 10.09, 11.52, 116.22, 78, 84, 15573096
0.45, 9.77, 12.33, 120.37, 78, 84, 15584920
0.45, 10.42, 11.65, 121.37, 78, 84, 15596756
0.45, 10.09, 11.65, 117.58, 78, 84, 15608576
0.45, 10.42, 12.06, 125.59, 78, 84, 15620432
0.45, 10.42, 11.95, 124.47, 78, 85, 15632236
0.45, 10.09, 11.49, 115.95, 78, 84, 15644064
0.45, 10.42, 11.87, 123.62, 78, 84, 15655900
0.45, 10.09, 11.84, 119.49, 78, 84, 15667724
0.45, 9.77, 11.92, 116.42, 78, 84, 15679556
0.45, 10.74, 11.60, 124.59, 78, 84, 15691380
0.45, 10.74, 11.63, 124.88, 79, 84, 15703216
0.45, 10.42, 12.06, 125.59, 79, 84, 15715040
0.45, 10.09, 11.41, 115.13, 79, 84, 15726872
0.45, 10.09, 11.54, 116.49, 79, 84, 15738712
0.46, 10.42, 11.49, 119.69, 79, 84, 15750524
0.46, 10.42, 11.81, 123.06, 79, 84, 15762352
0.46, 10.42, 11.57, 120.53, 79, 84, 15774180
0.46, 10.42, 11.49, 119.69, 79, 84, 15786016
0.46, 10.74, 11.49, 123.43, 79, 84, 15797840
0.46, 10.74, 11.89, 127.78, 79, 84, 15809676
0.46, 11.39, 11.68, 133.06, 79, 84, 15821500
0.46, 10.74, 11.79, 126.62, 79, 84, 15833332
0.46, 11.07, 12.11, 134.04, 79, 84, 15845152
0.46, 11.07, 11.79, 130.45, 79, 84, 15856980
0.46, 11.07, 11.41, 126.27, 79, 84, 15868808
0.46, 11.07, 12.03, 133.14, 79, 84, 15880652
0.46, 10.74, 11.76, 126.33, 79, 84, 15892468
0.46, 10.42, 11.22, 116.88, 80, 84, 15904292
0.46, 10.42, 11.36, 118.28, 80, 84, 15916128
0.46, 10.74, 11.17, 119.95, 80, 84, 15927948
0.47, 10.09, 11.52, 116.22, 80, 84, 15939784
0.47, 10.74, 11.57, 124.30, 80, 85, 15951608
0.47, 11.39, 11.09, 126.30, 80, 84, 15963444
0.47, 11.07, 11.81, 130.75, 80, 84, 15975268
0.47, 11.07, 11.71, 129.56, 80, 84, 15987100
0.47, 10.74, 11.92, 128.07, 80, 84, 15998944
0.47, 10.09, 11.52, 116.22, 80, 84, 16010752
0.47, 11.07, 11.98, 132.54, 80, 84, 16022584
0.47, 10.74, 11.84, 127.20, 80, 84, 16034408
0.47, 11.07, 11.84, 131.05, 80, 84, 16046244
0.47, 10.74, 11.36, 121.98, 80, 84, 16058064
0.47, 11.39, 11.81, 134.60, 80, 84, 16069904
0.47, 11.07, 11.68, 129.26, 80, 84, 16081720
0.47, 10.42, 11.95, 124.47, 80, 84, 16093548
0.47, 10.74, 11.52, 123.72, 81, 84, 16105380
0.47, 11.39, 11.87, 135.21, 81, 84, 16117204
0.47, 11.39, 11.27, 128.45, 81, 84, 16129040
0.48, 11.07, 11.73, 129.86, 81, 84, 16140860
0.48, 11.39, 11.63, 132.45, 81, 84, 16152700
0.48, 12.37, 11.44, 141.46, 81, 84, 16164524
0.48, 11.72, 11.46, 134.33, 81, 84, 16176356
0.48, 11.39, 11.87, 135.21, 81, 84, 16188180
0.48, 11.39, 11.63, 132.45, 81, 84, 16200016
0.48, 11.72, 11.65, 136.55, 81, 84, 16211840
0.48, 11.39, 11.52, 131.22, 81, 84, 16223668
0.48, 11.07, 11.46, 126.87, 81, 84, 16235508
0.48, 11.72, 11.36, 133.07, 81, 84, 16247328
0.48, 12.04, 11.81, 142.29, 81, 84, 16259160
0.49, 11.07, 11.49, 127.17, 81, 84, 16270980
0.49, 11.72, 12.06, 141.29, 81, 84, 16282816
0.49, 11.39, 11.68, 133.06, 81, 84, 16294636
0.49, 11.39, 11.33, 129.07, 82, 84, 16306472
0.49, 11.72, 11.46, 134.33, 82, 84, 16318292
0.49, 11.72, 12.25, 143.50, 82, 84, 16330120
0.49, 11.39, 11.41, 129.99, 82, 84, 16341952
0.49, 11.72, 11.49, 134.65, 82, 84, 16353776
0.49, 11.72, 11.79, 138.13, 82, 84, 16365608
0.50, 11.72, 11.36, 133.07, 82, 84, 16377432
0.50, 12.04, 11.92, 143.59, 82, 84, 16389264
0.50, 11.39, 11.09, 126.30, 82, 84, 16401084
0.50, 11.72, 11.57, 135.60, 82, 84, 16412920
0.50, 11.72, 11.44, 134.02, 82, 84, 16424740
0.50, 11.07, 11.73, 129.86, 82, 84, 16436564
0.50, 11.72, 11.87, 139.08, 82, 84, 16448392
0.50, 12.04, 12.25, 147.49, 82, 84, 16460224
0.50, 11.72, 11.68, 136.86, 82, 84, 16472056
0.50, 11.72, 11.57, 135.60, 82, 84, 16483880
0.50, 12.37, 11.68, 144.47, 82, 84, 16495716
0.50, 11.72, 11.52, 134.97, 83, 84, 16507536
0.50, 12.04, 11.63, 140.01, 83, 84, 16519372
0.50, 12.37, 11.79, 145.80, 83, 84, 16531196
0.50, 12.37, 12.14, 150.14, 83, 84, 16543028
0.51, 12.04, 11.33, 136.44, 83, 84, 16554852
0.51, 12.37, 11.63, 143.80, 83, 84, 16566680
0.51, 12.37, 11.95, 147.80, 83, 84, 16578516
0.51, 13.02, 11.60, 151.02, 83, 84, 16590340
0.51, 12.70, 11.73, 148.95, 83, 84, 16602172
0.51, 12.04, 11.14, 134.17, 83, 84, 16614000
0.51, 11.72, 11.33, 132.75, 83, 84, 16625832
0.51, 12.37, 11.41, 141.13, 83, 84, 16637656
0.51, 12.37, 11.46, 141.80, 83, 84, 16649496
0.51, 12.37, 11.73, 145.13, 83, 84, 16661320
0.51, 12.37, 12.11, 149.80, 83, 84, 16673144
0.51, 12.70, 11.95, 151.69, 83, 84, 16684976
0.51, 12.37, 11.54, 142.80, 83, 84, 16696804
0.51, 12.37, 11.87, 146.80, 84, 84, 16708644
0.51, 12.37, 11.71, 144.80, 84, 84, 16720464
0.51, 12.04, 11.33, 136.44, 84, 84, 16732296
0.51, 12.04, 11.17, 134.49, 84, 84, 16744120
0.51, 12.37, 11.63, 143.80, 84, 84, 16755952
0.52, 12.70, 11.84, 150.32, 84, 84, 16767772
0.52, 11.72, 11.87, 139.08, 84, 84, 16779600
0.52, 13.02, 11.92, 155.23, 84, 85, 16791424
0.52, 12.37, 11.98, 148.14, 84, 84, 16803252
0.52, 12.70, 12.06, 153.06, 84, 84, 16815084
0.52, 12.70, 11.87, 150.66, 84, 84, 16826908
0.52, 12.37, 11.54, 142.80, 84, 84, 16838764
0.52, 12.70, 11.49, 145.87, 84, 84, 16850568
0.52, 12.37, 12.19, 150.81, 84, 84, 16862404
0.52, 13.35, 11.73, 156.59, 84, 84, 16874228
0.52, 13.02, 12.30, 160.15, 84, 84, 16886064
0.52, 12.70, 11.89, 151.01, 84, 84, 16897888
0.52, 12.70, 11.57, 146.90, 85, 84, 16909716
0.52, 12.37, 11.36, 140.46, 85, 84, 16921548
0.52, 13.02, 11.52, 149.96, 85, 84, 16933376
0.52, 12.70, 11.76, 149.30, 85, 84, 16945204
0.53, 12.70, 11.54, 146.56, 85, 84, 16957028
0.53, 13.02, 11.63, 151.37, 85, 84, 16968860
0.53, 13.02, 11.84, 154.18, 85, 84, 16980704
0.53, 13.02, 11.57, 150.66, 85, 84, 16992520
0.53, 13.02, 11.19, 145.75, 85, 84, 17004340
0.53, 13.02, 11.36, 147.86, 85, 84, 17016168
0.53, 13.02, 11.44, 148.91, 85, 84, 17028000
0.53, 13.35, 11.60, 154.79, 85, 84, 17039828
0.53, 13.35, 11.54, 154.07, 85, 84, 17051660
0.53, 13.02, 11.52, 149.96, 85, 84, 17063484
0.53, 13.02, 11.36, 147.86, 85, 84, 17075316
0.53, 12.70, 12.27, 155.80, 85, 84, 17087140
0.53, 13.02, 11.46, 149.26, 85, 84, 17098992
0.53, 13.02, 11.25, 146.45, 86, 84, 17110804
0.53, 12.37, 11.60, 143.47, 86, 84, 17122636
0.53, 13.02, 11.63, 151.37, 86, 84, 17134456
0.53, 13.67, 11.54, 157.83, 86, 84, 17146284
0.54, 13.67, 11.44, 156.35, 86, 84, 17158120
0.54, 13.35, 11.57, 154.43, 86, 84, 17169944
0.54, 13.67, 11.63, 158.94, 86, 84, 17181780
0.54, 13.35, 11.52, 153.71, 86, 84, 17193604
0.55, 13.02, 11.63, 151.37, 86, 84, 17205440
0.55, 13.35, 11.52, 153.71, 86, 84, 17217264
0.54, 13.35, 11.89, 158.75, 86, 84, 17229100
0.54, 13.67, 11.89, 162.62, 86, 84, 17240940
0.54, 13.35, 11.84, 158.03, 86, 84, 17252752
0.54, 13.35, 11.44, 152.63, 86, 84, 17264584
0.54, 13.35, 11.84, 158.03, 86, 84, 17276404
0.55, 13.35, 11.79, 157.31, 86, 84, 17288240
0.54, 13.35, 12.41, 165.59, 86, 84, 17300060
0.54, 14.00, 11.89, 166.50, 87, 84, 17311896
0.54, 13.35, 11.38, 151.91, 87, 84, 17323720
0.54, 13.67, 11.46, 156.72, 87, 84, 17335552
0.55, 14.00, 11.87, 166.12, 87, 84, 17347376
0.55, 13.67, 11.95, 163.36, 87, 84, 17359220
0.55, 14.00, 11.30, 158.19, 87, 84, 17371036
0.55, 13.67, 11.41, 155.99, 87, 84, 17382864
0.55, 14.00, 11.71, 163.85, 87, 84, 17394700
0.56, 14.00, 11.89, 166.50, 87, 84, 17406520
0.56, 14.00, 11.81, 165.36, 87, 84, 17418356
0.56, 13.35, 11.63, 155.15, 87, 84, 17430180
0.56, 14.00, 11.84, 165.74, 87, 84, 17442016
0.56, 14.00, 11.63, 162.72, 87, 84, 17453840
0.56, 13.35, 11.49, 153.35, 87, 84, 17465672
0.56, 14.32, 12.06, 172.69, 87, 84, 17477496
0.56, 14.00, 11.30, 158.19, 87, 84, 17489328
0.56, 13.67, 11.52, 157.46, 87, 84, 17501160
0.56, 14.00, 11.36, 158.94, 88, 84, 17512984
0.56, 14.00, 11.76, 164.61, 88, 84, 17524816
0.56, 14.32, 11.38, 163.03, 88, 84, 17536640
0.56, 13.67, 11.30, 154.51, 88, 84, 17548480
0.56, 14.32, 11.98, 171.53, 88, 84, 17560300
0.57, 14.00, 11.92, 166.87, 88, 84, 17572132
0.57, 14.32, 11.60, 166.12, 88, 84, 17583956
0.57, 14.32, 11.41, 163.41, 88, 84, 17595780
0.57, 14.32, 11.89, 170.37, 88, 84, 17607616
0.57, 14.32, 11.63, 166.50, 88, 84, 17619436
0.57, 14.32, 11.71, 167.66, 88, 84, 17631272
0.57, 14.32, 11.41, 163.41, 88, 84, 17643092
0.57, 14.32, 11.57, 165.73, 88, 84, 17654924
0.57, 14.32, 11.06, 158.39, 88, 84, 17666752
0.57, 14.00, 11.63, 162.72, 88, 84, 17678588
0.57, 14.32, 11.44, 163.80, 88, 84, 17690412
0.57, 14.32, 11.65, 166.89, 88, 84, 17702236
0.57, 14.00, 11.79, 164.99, 89, 84, 17714064
0.57, 14.32, 11.54, 165.35, 89, 84, 17725896
0.57, 14.32, 11.79, 168.82, 89, 84, 17737724
0.57, 14.65, 11.57, 169.50, 89, 84, 17749548
0.57, 14.97, 11.38, 170.44, 89, 84, 17761380
0.57, 14.32, 11.52, 164.96, 89, 84, 17773204
0.58, 14.32, 11.95, 171.14, 89, 84, 17785036
0.58, 14.32, 11.44, 163.80, 89, 84, 17796860
0.58, 14.65, 11.41, 167.13, 89, 84, 17808696
0.58, 14.32, 11.14, 159.55, 89, 84, 17820516
0.58, 14.97, 11.73, 175.69, 89, 84, 17832340
0.58, 14.32, 11.25, 161.10, 89, 84, 17844180
0.58, 14.32, 11.63, 166.50, 89, 84, 17856004
0.58, 14.32, 11.22, 160.71, 89, 84, 17867840
0.58, 14.32, 11.95, 171.14, 89, 84, 17879660
0.58, 14.97, 11.33, 169.63, 89, 84, 17891492
0.58, 14.32, 11.25, 161.10, 89, 84, 17903316
0.58, 14.97, 11.52, 172.46, 90, 84, 17915152
0.58, 15.30, 11.95, 182.81, 90, 84, 17926976
0.58, 14.97, 11.76, 176.09, 90, 84, 17938804
0.58, 14.97, 11.49, 172.05, 90, 84, 17950632
0.58, 14.97, 11.76, 176.09, 90, 84, 17962460
0.58, 14.97, 11.36, 170.03, 90, 84, 17974296
0.59, 15.63, 11.84, 185.01, 90, 84, 17986120
0.59, 15.30, 11.27, 172.49, 90, 84, 17997952
0.59, 15.63, 11.38, 177.85, 90, 84, 18009776
0.59, 15.30, 11.33, 173.32, 90, 84, 18021612
0.59, 14.97, 11.38, 170.44, 90, 84, 18033436
0.59, 14.97, 11.65, 174.48, 90, 84, 18045268
0.59, 14.97, 11.46, 171.65, 90, 84, 18057092
0.59, 14.97, 11.52, 172.46, 90, 84, 18068920
0.59, 14.32, 11.38, 163.03, 90, 84, 18080752
0.59, 14.97, 11.27, 168.82, 90, 85, 18092572
0.59, 14.97, 11.65, 174.48, 90, 84, 18104408
0.59, 15.95, 11.60, 184.99, 91, 84, 18116228
0.59, 15.30, 11.30, 172.90, 91, 84, 18128060
0.59, 14.97, 11.11, 166.40, 91, 84, 18139884
0.59, 14.97, 11.38, 170.44, 91, 84, 18151720
0.60, 15.63, 11.95, 186.70, 91, 84, 18163540
0.60, 15.63, 11.73, 183.33, 91, 84, 18175368
0.60, 14.97, 11.25, 168.42, 91, 84, 18187196
0.60, 15.63, 11.65, 182.06, 91, 84, 18199040
0.60, 14.97, 11.52, 172.46, 91, 84, 18210856
0.60, 15.30, 11.22, 171.67, 91, 84, 18222680
0.60, 15.63, 11.81, 184.59, 91, 84, 18234512
0.60, 15.63, 11.19, 174.90, 91, 84, 18246332
0.60, 15.63, 11.73, 183.33, 91, 84, 18258168
0.60, 15.63, 11.65, 182.06, 91, 84, 18269988
0.60, 14.97, 11.63, 174.07, 91, 84, 18281812
0.60, 15.95, 11.30, 180.26, 91, 84, 18293644
0.60, 15.95, 11.79, 188.01, 91, 84, 18305468
0.60, 15.95, 11.57, 184.56, 92, 84, 18317304
0.60, 15.63, 11.30, 176.58, 92, 84, 18329124
0.60, 15.63, 11.36, 177.43, 92, 84, 18340980
0.60, 15.63, 11.33, 177.00, 92, 84, 18352784
0.60, 15.63, 11.36, 177.43, 92, 84, 18364620
0.61, 15.95, 11.65, 185.86, 92, 84, 18376440
0.61, 15.95, 11.41, 181.98, 92, 84, 18388276
0.61, 15.63, 11.49, 179.53, 92, 84, 18400100
0.61, 15.95, 11.33, 180.69, 92, 84, 18411928
0.61, 16.28, 11.68, 190.09, 92, 84, 18423760
0.61, 15.63, 11.44, 178.69, 92, 84, 18435580
0.61, 16.28, 11.71, 190.53, 92, 84, 18447416
0.61, 15.63, 11.92, 186.28, 92, 84, 18459252
0.61, 15.95, 11.54, 184.13, 92, 84, 18471076
0.61, 15.95, 11.03, 175.96, 92, 84, 18482896
0.61, 15.95, 11.68, 186.29, 92, 84, 18494732
0.61, 16.28, 11.49, 187.01, 92, 84, 18506552
0.61, 15.30, 11.60, 177.44, 93, 84, 18518384
0.61, 15.95, 11.76, 187.58, 93, 84, 18530208
0.61, 16.28, 11.41, 185.70, 93, 84, 18542040
0.61, 16.28, 11.87, 193.16, 93, 84, 18553876
0.61, 15.95, 11.30, 180.26, 93, 84, 18565696
0.62, 16.60, 11.54, 191.65, 93, 84, 18577532
0.62, 16.93, 11.60, 196.32, 93, 84, 18589356
0.62, 16.60, 11.46, 190.31, 93, 84, 18601212
0.62, 15.95, 11.36, 181.12, 93, 84, 18613016
0.62, 16.28, 11.95, 194.48, 93, 84, 18624848
0.62, 16.28, 11.84, 192.72, 93, 84, 18636672
0.62, 16.28, 11.54, 187.89, 93, 84, 18648504
0.62, 16.28, 11.46, 186.58, 93, 84, 18660336
0.62, 16.60, 11.60, 192.55, 93, 84, 18672160
0.62, 16.28, 11.22, 182.62, 93, 84, 18683996
0.62, 16.28, 11.76, 191.40, 93, 84, 18695816
0.62, 15.95, 11.19, 178.54, 93, 84, 18707648
0.62, 16.28, 11.19, 182.19, 94, 84, 18719488
0.62, 16.93, 11.54, 195.41, 94, 84, 18731304
0.62, 16.28, 11.44, 186.14, 94, 84, 18743128
0.62, 16.28, 11.76, 191.40, 94, 84, 18754956
0.62, 16.60, 11.63, 192.99, 94, 84, 18766788
0.63, 16.60, 11.25, 186.72, 94, 84, 18778608
0.63, 16.93, 11.76, 199.06, 94, 84, 18790440
0.63, 16.60, 11.30, 187.62, 94, 84, 18802264
0.63, 16.93, 11.71, 198.15, 94, 84, 18814096
0.63, 16.60, 11.22, 186.28, 94, 84, 18825920
0.63, 16.93, 11.71, 198.15, 94, 84, 18837752
0.63, 16.93, 11.84, 200.43, 94, 84, 18849572
0.63, 17.25, 11.46, 197.77, 94, 84, 18861420
0.63, 16.60, 11.25, 186.72, 94, 85, 18873228
0.63, 16.60, 11.49, 190.75, 94, 84, 18885056
0.63, 16.60, 11.27, 187.17, 94, 84, 18896892
0.63, 16.93, 11.71, 198.15, 94, 84, 18908712
0.63, 16.60, 11.65, 193.44, 95, 84, 18920552
0.63, 17.25, 11.36, 195.91, 95, 84, 18932372
0.63, 16.93, 11.57, 195.86, 95, 84, 18944208
0.63, 16.60, 11.65, 193.44, 95, 84, 18956032
0.63, 17.25, 11.84, 204.28, 95, 84, 18967868
0.63, 16.93, 11.44, 193.58, 95, 84, 18979692
0.63, 16.93, 11.38, 192.67, 95, 84, 18991520
0.63, 16.93, 11.17, 189.02, 95, 84, 19003356
0.63, 16.93, 11.54, 195.41, 95, 84, 19015176
0.63, 16.60, 11.30, 187.62, 95, 84, 19027016
0.63, 16.93, 11.22, 189.93, 95, 84, 19038840
0.63, 16.93, 11.36, 192.21, 95, 84, 19050672
0.63, 16.93, 11.49, 194.49, 95, 84, 19062496
0.63, 17.25, 11.25, 194.05, 95, 84, 19074328
0.63, 17.25, 11.22, 193.58, 95, 84, 19086156
0.63, 17.25, 11.27, 194.51, 95, 84, 19097984
0.63, 16.93, 11.68, 197.69, 95, 84, 19109820
0.63, 16.93, 11.71, 198.15, 96, 84, 19121644
0.63, 17.25, 11.38, 196.37, 96, 84, 19133480
0.63, 17.90, 11.52, 206.20, 96, 84, 19145304
0.64, 16.93, 11.49, 194.49, 96, 84, 19157136
0.64, 17.58, 11.68, 205.29, 96, 84, 19168960
0.64, 16.60, 11.41, 189.41, 96, 84, 19180800
0.64, 17.25, 11.38, 196.37, 96, 85, 19192620
0.64, 17.25, 11.44, 197.30, 96, 84, 19204448
0.64, 17.25, 11.22, 193.58, 96, 84, 19216280
0.64, 17.25, 11.30, 194.98, 96, 84, 19228112
0.64, 17.25, 11.11, 191.72, 96, 84, 19239944
0.64, 17.25, 11.52, 198.70, 96, 84, 19251772
0.64, 17.25, 10.98, 189.39, 96, 84, 19263604
0.64, 16.93, 11.22, 189.93, 96, 84, 19275428
0.64, 17.25, 11.52, 198.70, 96, 84, 19287260
0.64, 17.58, 11.46, 201.50, 96, 84, 19299084
0.64, 17.25, 11.30, 194.98, 96, 84, 19310916
0.64, 17.25, 11.17, 192.65, 97, 84, 19322736
0.64, 17.90, 11.09, 198.47, 97, 84, 19334564
0.64, 17.25, 11.52, 198.70, 97, 84, 19346400
0.64, 17.58, 11.38, 200.08, 97, 84, 19358220
0.64, 16.93, 11.38, 192.67, 97, 84, 19370056
0.65, 17.25, 11.89, 205.22, 97, 84, 19381876
0.65, 17.25, 11.92, 205.68, 97, 84, 19393708
0.65, 18.23, 11.73, 213.88, 97, 84, 19405532
0.65, 17.90, 11.49, 205.72, 97, 84, 19417368
0.65, 17.90, 11.09, 198.47, 97, 84, 19429192
0.65, 17.90, 11.36, 203.30, 97, 84, 19441020
0.65, 17.90, 11.52, 206.20, 97, 84, 19452860
0.65, 17.58, 11.60, 203.87, 97, 84, 19464680
0.65, 17.58, 11.33, 199.13, 97, 84, 19476516
0.65, 17.90, 11.27, 201.85, 97, 84, 19488336
0.65, 18.55, 11.44, 212.20, 97, 84, 19500172
0.65, 17.58, 11.33, 199.13, 97, 85, 19511996
0.65, 17.90, 11.49, 205.72, 98, 84, 19523828
0.65, 17.90, 11.03, 197.51, 98, 84, 19535652
0.65, 17.58, 11.52, 202.45, 98, 84, 19547484
0.65, 17.58, 11.30, 198.66, 98, 84, 19559328
0.65, 17.90, 11.38, 203.78, 98, 84, 19571140
0.65, 18.88, 11.60, 218.97, 98, 84, 19582980
0.65, 18.55, 11.30, 209.69, 98, 84, 19594804
0.65, 18.23, 11.36, 207.00, 98, 84, 19606636
0.66, 18.23, 11.30, 206.01, 98, 84, 19618456
0.66, 18.23, 11.49, 209.46, 98, 84, 19630292
0.66, 17.90, 11.25, 201.37, 98, 84, 19642112
0.66, 17.90, 11.46, 205.23, 98, 84, 19653948
0.66, 18.55, 11.33, 210.19, 98, 84, 19665772
0.66, 18.23, 11.46, 208.96, 98, 84, 19677600
0.66, 17.90, 11.49, 205.72, 98, 84, 19689436
0.66, 17.90, 11.22, 200.89, 98, 84, 19701276
0.66, 18.88, 11.41, 215.41, 98, 84, 19713088
0.66, 18.55, 11.22, 208.19, 99, 84, 19724916
0.66, 18.23, 11.89, 216.83, 99, 84, 19736752
0.66, 19.21, 11.27, 216.53, 99, 84, 19748572
0.66, 18.55, 10.95, 203.19, 99, 84, 19760408
0.66, 17.90, 11.36, 203.30, 99, 84, 19772232
0.66, 18.55, 11.41, 211.69, 99, 84, 19784060
0.66, 18.55, 11.19, 207.69, 99, 84, 19795888
0.66, 18.55, 11.52, 213.70, 99, 84, 19807716
0.66, 18.55, 11.22, 208.19, 99, 84, 19819564
0.67, 18.88, 11.52, 217.45, 99, 84, 19831372
0.67, 18.23, 11.52, 209.95, 99, 84, 19843212
0.67, 18.55, 11.22, 208.19, 99, 84, 19855032
0.67, 18.23, 11.27, 205.52, 99, 84, 19866868
0.67, 18.55, 10.98, 203.69, 99, 84, 19878696
0.67, 18.88, 11.25, 212.35, 99, 84, 19890524
0.66, 18.23, 11.14, 203.06, 99, 84, 19902352
0.66, 18.88, 11.19, 211.33, 99, 84, 19914184
0.67, 18.55, 11.09, 205.69, 100, 84, 19926020
0.67, 18.55, 11.46, 212.70, 100, 84, 19937840
0.67, 18.55, 11.00, 204.19, 100, 84, 19949680
0.67, 18.88, 11.17, 210.83, 100, 84, 19961516
0.68, 18.88, 11.36, 214.39, 100, 84, 19973336
0.68, 18.55, 11.73, 217.70, 100, 84, 19985156
0.68, 18.88, 11.14, 210.32, 100, 84, 19996996
0.68, 19.21, 11.38, 218.60, 100, 84, 20008816
0.68, 19.21, 11.36, 218.09, 100, 84, 20020644
0.68, 18.88, 11.38, 214.90, 100, 84, 20032484
0.68, 18.88, 11.73, 221.52, 100, 84, 20044308
0.68, 18.88, 11.63, 219.48, 100, 84, 20056140
0.68, 19.21, 11.27, 216.53, 100, 84, 20067964
0.68, 19.21, 11.38, 218.60, 100, 84, 20079796
0.68, 18.88, 11.27, 212.86, 100, 84, 20091616
0.68, 19.21, 11.30, 217.05, 100, 84, 20103452
0.68, 19.21, 11.52, 221.19, 100, 84, 20115272
0.68, 18.55, 11.60, 215.20, 100, 84, 20127100
0.68, 19.21, 11.38, 218.60, 100, 84, 20138928
0.68, 19.53, 11.25, 219.68, 100, 84, 20150756
0.68, 18.88, 11.46, 216.43, 100, 84, 20162592
0.68, 18.88, 11.49, 216.94, 100, 84, 20174412
0.68, 19.21, 11.33, 217.57, 100, 84, 20186252
0.68, 18.55, 11.63, 215.70, 100, 84, 20198072
0.68, 19.53, 11.11, 217.04, 100, 84, 20209912
0.68, 19.53, 11.30, 220.73, 100, 84, 20221748
0.68, 19.21, 11.30, 217.05, 100, 84, 20233556
0.68, 19.21, 11.33, 217.57, 100, 84, 20245384
0.68, 19.21, 11.30, 217.05, 100, 84, 20257216
0.68, 19.21, 11.27, 216.53, 100, 84, 20269044
0.68, 19.21, 11.52, 221.19, 100, 84, 20280868
0.68, 19.21, 11.22, 215.50, 100, 84, 20292704
0.68, 19.21, 11.06, 212.39, 100, 84, 20304524
0.68, 19.21, 11.44, 219.64, 100, 84, 20316360
0.68, 19.53, 11.44, 223.36, 100, 84, 20328180
0.68, 19.21, 11.30, 217.05, 100, 84, 20340012
0.68, 19.21, 11.27, 216.53, 100, 84, 20351836
0.68, 18.88, 11.54, 217.95, 100, 84, 20363664
0.68, 19.21, 11.30, 217.05, 100, 84, 20375500
0.68, 18.88, 11.63, 219.48, 100, 84, 20387324
0.68, 19.53, 11.30, 220.73, 100, 84, 20399156
0.68, 19.53, 10.95, 213.88, 100, 84, 20410976
0.68, 19.21, 11.41, 219.12, 100, 84, 20422812
0.68, 19.21, 11.52, 221.19, 100, 84, 20434640
0.68, 19.53, 11.00, 214.93, 100, 84, 20446472
0.68, 19.21, 11.27, 216.53, 100, 84, 20458296
0.68, 19.21, 11.11, 213.42, 100, 84, 20470120
0.68, 18.88, 11.30, 213.37, 100, 84, 20481948
0.68, 19.53, 11.14, 217.57, 100, 84, 20493776
0.68, 19.21, 11.27, 216.53, 100, 84, 20505616
0.68, 18.88, 11.46, 216.43, 100, 84, 20517436
0.68, 19.21, 11.30, 217.05, 100, 84, 20529268
0.68, 19.53, 11.46, 223.89, 100, 84, 20541088
0.68, 19.21, 11.38, 218.60, 100, 84, 20552924
0.68, 19.86, 11.57, 229.76, 100, 84, 20564744
0.68, 18.88, 11.27, 212.86, 100, 84, 20576576
0.68, 18.88, 11.60, 218.97, 100, 84, 20588400
0.68, 19.21, 11.22, 215.50, 100, 84, 20600232
0.68, 19.21, 11.30, 217.05, 100, 84, 20612060
0.68, 19.53, 11.36, 221.78, 100, 84, 20623884
0.68, 19.21, 11.38, 218.60, 100, 84, 20635716
0.68, 18.88, 11.30, 213.37, 100, 84, 20647540
0.68, 18.88, 11.22, 211.84, 100, 84, 20659372
0.68, 18.88, 11.49, 216.94, 100, 84, 20671192
0.68, 19.21, 11.44, 219.64, 100, 84, 20683024
0.68, 19.21, 11.46, 220.16, 100, 84, 20694852
0.68, 18.88, 11.49, 216.94, 100, 84, 20706676
0.68, 19.21, 10.98, 210.83, 100, 84, 20718504
0.68, 19.21, 11.19, 214.98, 100, 84, 20730328
0.68, 19.21, 11.30, 217.05, 100, 84, 20742164
0.68, 19.53, 11.06, 215.99, 100, 84, 20753984
0.68, 19.53, 11.25, 219.68, 100, 84, 20765820
0.68, 19.21, 11.46, 220.16, 100, 84, 20777640
0.68, 19.21, 11.30, 217.05, 100, 84, 20789480
0.68, 19.21, 11.52, 221.19, 100, 84, 20801300
0.68, 18.88, 11.79, 222.54, 100, 84, 20813136
0.68, 19.21, 11.09, 212.91, 100, 84, 20824960
0.68, 19.21, 11.22, 215.50, 100, 84, 20836788
0.68, 18.88, 11.49, 216.94, 100, 84, 20848624
0.68, 19.21, 11.41, 219.12, 100, 84, 20860448
0.68, 19.53, 11.38, 222.31, 100, 84, 20872280
0.68, 18.88, 11.54, 217.95, 100, 84, 20884104
0.68, 19.21, 11.63, 223.27, 100, 84, 20895936
0.68, 19.21, 11.30, 217.05, 100, 84, 20907756
0.68, 18.88, 11.44, 215.92, 100, 84, 20919608
STOP
0.68, 19.21, 11.09, 212.91, 0, 85, 20931412
0.68, 19.86, 12.60, 250.12, 0, 84, 20943240
0.67, 16.60, 12.43, 206.43, 0, 84, 20955072
0.56, 14.32, 11.98, 171.53, 0, 84, 20966892
0.29, 13.35, 12.03, 160.55, 0, 84, 20978728
0.12, 12.04, 12.06, 145.21, 0, 84, 20990548
0.04, 10.74, 12.03, 129.22, 0, 84, 21002380
0.03, 9.77, 12.03, 117.48, 0, 84, 21014204
0.01, 8.79, 12.03, 105.73, 0, 84, 21026036
0.02, 7.81, 12.03, 93.98, 0, 84, 21037860
0.01, 7.16, 12.06, 86.34, 0, 84, 21049684
0.01, 6.51, 12.06, 78.49, 0, 84, 21061512
0.01, 5.86, 12.06, 70.64, 0, 84, 21073340
0.02, 5.21, 12.06, 62.79, 0, 84, 21085172
0.02, 4.56, 12.06, 54.95, 0, 84, 21096992
0.02, 4.23, 12.06, 51.02, 0, 84, 21108828
0.03, 3.91, 12.06, 47.10, 0, 84, 21120668
0.02, 3.58, 12.06, 43.17, 0, 84, 21132480
0.02, 3.26, 12.06, 39.25, 0, 84, 21144304
0.02, 2.93, 12.06, 35.32, 0, 84, 21156140
0.02, 2.60, 12.06, 31.40, 0, 84, 21167960
0.01, 2.28, 12.06, 27.47, 0, 84, 21179804
0.01, 2.28, 12.06, 27.47, 0, 84, 21191624
0.01, 1.95, 12.06, 23.55, 0, 84, 21203444
0.02, 1.63, 12.06, 19.62, 0, 84, 21215280
0.02, 1.63, 12.06, 19.62, 0, 84, 21227108
0.02, 1.30, 12.06, 15.70, 0, 84, 21238940
0.02, 1.30, 12.06, 15.70, 0, 84, 21250764
0.02, 1.30, 12.06, 15.70, 0, 84, 21262596
0.02, 0.98, 12.06, 11.77, 0, 84, 21274424
0.02, 0.98, 12.06, 11.77, 0, 84, 21286252
0.02, 0.98, 12.06, 11.77, 0, 84, 21298080
0.02, 0.65, 12.06, 7.85, 0, 84, 21309912
0.02, 0.65, 12.06, 7.85, 0, 84, 21321744
0.02, 0.65, 12.06, 7.85, 0, 84, 21333568
0.02, 0.65, 12.06, 7.85, 0, 84, 21345404
0.02, 0.65, 12.06, 7.85, 0, 84, 21357224
0.02, 0.33, 12.06, 3.92, 0, 84, 21369064
0.02, 0.33, 12.06, 3.92, 0, 84, 21380884
0.02, 0.33, 12.06, 3.92, 0, 84, 21392716
0.02, 0.33, 12.06, 3.92, 0, 84, 21404536
0.02, 0.33, 12.06, 3.92, 0, 84, 21416364
0.02, 0.33, 12.06, 3.92, 0, 84, 21428196
0.02, 0.33, 12.06, 3.92, 0, 84, 21440020
0.02, 0.33, 12.06, 3.92, 0, 84, 21451856
0.02, 0.33, 12.06, 3.92, 0, 84, 21463676
0.02, 0.33, 12.06, 3.92, 0, 84, 21475512
0.02, -0.00, 12.06, -0.00, 0, 84, 21487332
0.02, -0.00, 12.06, -0.00, 0, 84, 21499168
0.02, -0.00, 12.06, -0.00, 0, 84, 21510988
0.02, -0.00, 12.06, -0.00, 0, 84, 21522820
