START
-0.00, -0.33, 12.35, -4.02, 1, 18, 516
-0.00, -0.00, 12.35, -0.00, 1, 158, 6888
-0.00, -0.00, 12.35, -0.00, 1, 84, 18720
-0.00, -0.00, 12.35, -0.00, 1, 84, 30544
-0.00, -0.00, 12.35, -0.00, 1, 84, 42372
-0.00, -0.00, 12.35, -0.00, 1, 84, 54208
-0.00, -0.00, 12.35, -0.00, 1, 85, 66024
-0.00, -0.00, 12.35, -0.00, 1, 84, 77860
-0.00, -0.00, 12.38, -0.00, 1, 84, 89680
-0.00, -0.00, 12.35, -0.00, 1, 84, 101512
-0.00, -0.00, 12.35, -0.00, 1, 84, 113332
-0.00, -0.00, 12.35, -0.00, 1, 84, 125168
-0.00, -0.00, 12.38, -0.00, 1, 84, 136988
-0.00, -0.00, 12.38, -0.00, 1, 84, 148816
-0.00, -0.00, 12.38, -0.00, 1, 84, 160644
-0.00, -0.00, 12.35, -0.00, 1, 84, 172468
-0.00, -0.00, 12.35, -0.00, 1, 84, 184300
-0.00, -0.00, 12.33, -0.00, 1, 84, 196128
-0.00, -0.00, 12.35, -0.00, 1, 84, 207960
-0.00, -0.00, 12.35, -0.00, 2, 84, 219780
-0.00, -0.00, 12.35, -0.00, 2, 84, 231612
-0.00, -0.00, 12.35, -0.00, 2, 84, 243432
-0.00, -0.00, 12.35, -0.00, 2, 84, 255268
-0.00, -0.00, 12.35, -0.00, 2, 85, 267092
-0.00, -0.00, 12.35, -0.00, 2, 84, 278920
-0.00, -0.00, 12.35, -0.00, 2, 84, 290752
-0.00, -0.00, 12.35, -0.00, 2, 84, 302572
-0.00, -0.00, 12.35, -0.00, 2, 84, 314404
-0.00, -0.00, 12.35, -0.00, 2, 84, 326220
-0.00, -0.00, 12.35, -0.00, 2, 84, 338056
-0.00, -0.00, 12.38, -0.00, 2, 84, 349876
-0.00, -0.00, 12.35, -0.00, 2, 84, 361712
-0.00, -0.00, 12.35, -0.00, 2, 84, 373532
-0.00, -0.00, 12.35, -0.00, 2, 84, 385360
-0.00, -0.00, 12.35, -0.00, 2, 84, 397188
-0.00, -0.00, 12.35, -0.00, 2, 84, 409016
-0.00, -0.00, 12.38, -0.00, 3, 84, 420852
0.00, -0.00, 12.35, -0.00, 3, 84, 432668
-0.00, -0.00, 12.38, -0.00, 3, 84, 444508
0.00, -0.00, 12.35, -0.00, 3, 84, 456324
0.00, -0.00, 12.35, -0.00, 3, 84, 468160
0.00, -0.00, 12.35, -0.00, 3, 84, 479980
0.00, -0.00, 12.35, -0.00, 3, 84, 491816
0.00, -0.00, 12.35, -0.00, 3, 84, 503636
0.00, -0.00, 12.35, -0.00, 3, 84, 515464
0.00, -0.00, 12.35, -0.00, 3, 84, 527300
0.00, -0.00, 12.35, -0.00, 3, 84, 539124
0.00, -0.00, 12.35, -0.00, 3, 84, 550956
0.00, -0.00, 12.35, -0.00, 3, 84, 562780
0.00, -0.00, 12.35, -0.00, 3, 84, 574624
0.00, -0.00, 12.35, -0.00, 3, 85, 586428
0.00, -0.00, 12.35, -0.00, 3, 84, 598268
0.00, -0.00, 12.38, -0.00, 3, 84, 610084
0.00, -0.00, 12.33, -0.00, 4, 84, 621916
0.00, -0.00, 12.35, -0.00, 4, 84, 633740
0.00, -0.00, 12.35, -0.00, 4, 84, 645572
0.00, -0.00, 12.38, -0.00, 4, 84, 657404
0.00, -0.00, 12.35, -0.00, 4, 84, 669228
0.00, -0.00, 12.35, -0.00, 4, 84, 681060
0.00, -0.00, 12.38, -0.00, 4, 84, 692884
0.00, -0.00, 12.33, -0.00, 4, 84, 704720
0.00, -0.00, 12.35, -0.00, 4, 84, 716540
0.00, -0.00, 12.38, -0.00, 4, 84, 728380
0.00, -0.00, 12.38, -0.00, 4, 84, 740196
0.00, -0.00, 12.35, -0.00, 4, 84, 752024
0.00, -0.00, 12.35, -0.00, 4, 84, 763856
0.00, -0.00, 12.35, -0.00, 4, 84, 775696
0.00, -0.00, 12.33, -0.00, 4, 84, 787508
0.00, -0.00, 12.35, -0.00, 4, 84, 799332
0.00, -0.00, 12.35, -0.00, 4, 84, 811164
0.00, -0.00, 12.33, -0.00, 5, 84, 822984
0.00, -0.00, 12.33, -0.00, 5, 84, 834836
0.00, -0.00, 12.35, -0.00, 5, 84, 846644
0.00, -0.00, 12.35, -0.00, 5, 84, 858468
0.00, -0.00, 12.35, -0.00, 5, 84, 870296
0.00, 0.33, 12.33, 4.01, 5, 84, 882120
0.00, -0.00, 12.35, -0.00, 5, 84, 893956
0.00, -0.00, 12.33, -0.00, 5, 84, 905776
0.00, 0.33, 12.35, 4.02, 5, 84, 917612
0.00, -0.00, 12.33, -0.00, 5, 84, 929428
0.00, -0.00, 12.33, -0.00, 5, 84, 941264
0.00, -0.00, 12.38, -0.00, 5, 84, 953084
0.00, 0.33, 12.33, 4.01, 5, 84, 964920
0.00, -0.00, 12.33, -0.00, 5, 85, 976740
0.00, -0.00, 12.35, -0.00, 5, 84, 988564
0.00, -0.00, 12.35, -0.00, 5, 84, 1000400
0.00, -0.00, 12.35, -0.00, 5, 84, 1012216
0.00, -0.00, 12.35, -0.00, 6, 84, 1024048
0.00, 0.33, 12.35, 4.02, 6, 84, 1035888
0.00, -0.00, 12.38, -0.00, 6, 85, 1047708
0.00, 0.33, 12.30, 4.00, 6, 84, 1059528
0.00, -0.00, 12.35, -0.00, 6, 84, 1071356
0.00, -0.00, 12.35, -0.00, 6, 84, 1083180
0.00, -0.00, 12.38, -0.00, 6, 84, 1095024
0.00, -0.00, 12.35, -0.00, 6, 85, 1106836
0.01, -0.00, 12.38, -0.00, 6, 84, 1118664
0.00, 0.33, 12.33, 4.01, 6, 84, 1130496
0.01, -0.00, 12.35, -0.00, 6, 84, 1142320
0.01, -0.00, 12.38, -0.00, 6, 84, 1154156
0.01, -0.00, 12.35, -0.00, 6, 84, 1165976
0.01, -0.00, 12.38, -0.00, 6, 84, 1177808
0.00, -0.00, 12.33, -0.00, 6, 84, 1189636
0.01, -0.00, 12.35, -0.00, 6, 84, 1201468
0.01, 0.33, 12.33, 4.01, 6, 84, 1213292
0.01, -0.00, 12.35, -0.00, 7, 84, 1225124
0.01, -0.00, 12.38, -0.00, 7, 84, 1236952
0.01, 0.33, 12.35, 4.02, 7, 84, 1248776
0.00, -0.00, 12.38, -0.00, 7, 84, 1260608
0.01, -0.00, 12.35, -0.00, 7, 84, 1272428
0.01, 0.33, 12.38, 4.03, 7, 84, 1284264
0.01, 0.33, 12.35, 4.02, 7, 84, 1296108
0.01, 0.33, 12.38, 4.03, 7, 84, 1307920
0.01, 0.33, 12.38, 4.03, 7, 84, 1319744
0.01, -0.00, 12.30, -0.00, 7, 84, 1331572
0.01, 0.33, 12.33, 4.01, 7, 84, 1343404
0.01, 0.33, 12.38, 4.03, 7, 84, 1355232
0.01, -0.00, 12.35, -0.00, 7, 84, 1367068
0.01, 0.33, 12.33, 4.01, 7, 84, 1378892
0.01, 0.33, 12.30, 4.00, 7, 84, 1390728
0.01, 0.33, 12.35, 4.02, 7, 84, 1402548
0.01, 0.33, 12.35, 4.02, 7, 84, 1414384
0.01, -0.00, 12.38, -0.00, 8, 84, 1426208
0.01, 0.33, 12.27, 3.99, 8, 84, 1438036
0.01, 0.33, 12.35, 4.02, 8, 84, 1449864
0.01, 0.33, 12.33, 4.01, 8, 84, 1461688
0.01, 0.33, 12.35, 4.02, 8, 84, 1473524
0.01, 0.33, 12.33, 4.01, 8, 84, 1485344
0.01, 0.33, 12.35, 4.02, 8, 84, 1497176
0.01, 0.33, 12.30, 4.00, 8, 84, 1509000
0.01, 0.33, 12.38, 4.03, 8, 84, 1520836
0.01, 0.33, 12.35, 4.02, 8, 84, 1532652
0.01, 0.33, 12.33, 4.01, 8, 84, 1544488
0.01, 0.33, 12.35, 4.02, 8, 84, 1556304
0.01, 0.33, 12.35, 4.02, 8, 84, 1568136
0.01, 0.33, 12.35, 4.02, 8, 84, 1579968
0.01, 0.33, 12.33, 4.01, 8, 84, 1591788
0.01, 0.33, 12.35, 4.02, 8, 84, 1603620
0.01, 0.33, 12.30, 4.00, 8, 84, 1615440
0.01, 0.33, 12.38, 4.03, 9, 84, 1627280
0.01, 0.33, 12.25, 3.99, 9, 84, 1639104
0.01, 0.33, 12.38, 4.03, 9, 84, 1650940
0.01, 0.33, 12.35, 4.02, 9, 84, 1662760
0.01, 0.33, 12.25, 3.99, 9, 84, 1674588
0.01, 0.33, 12.35, 4.02, 9, 84, 1686420
0.01, 0.33, 12.38, 4.03, 9, 84, 1698248
0.01, 0.33, 12.35, 4.02, 9, 84, 1710084
0.01, 0.33, 12.35, 4.02, 9, 84, 1721908
0.01, 0.33, 12.38, 4.03, 9, 84, 1733740
0.01, 0.33, 12.43, 4.05, 9, 84, 1745564
0.01, 0.33, 12.30, 4.00, 9, 84, 1757400
0.01, 0.33, 12.35, 4.02, 9, 84, 1769224
0.01, 0.33, 12.33, 4.01, 9, 84, 1781056
0.01, 0.33, 12.38, 4.03, 9, 84, 1792880
0.01, 0.33, 12.30, 4.00, 9, 84, 1804708
0.01, 0.33, 12.33, 4.01, 9, 84, 1816544
0.01, 0.33, 12.41, 4.04, 10, 84, 1828364
0.01, 0.33, 12.30, 4.00, 10, 84, 1840200
0.01, 0.33, 12.27, 3.99, 10, 84, 1852020
0.01, 0.33, 12.35, 4.02, 10, 84, 1863852
0.01, 0.33, 12.43, 4.05, 10, 84, 1875676
0.01, 0.33, 12.33, 4.01, 10, 84, 1887508
0.01, 0.33, 12.38, 4.03, 10, 84, 1899332
0.01, 0.33, 12.35, 4.02, 10, 84, 1911156
0.01, 0.33, 12.38, 4.03, 10, 84, 1922984
0.01, 0.33, 12.35, 4.02, 10, 84, 1934812
0.01, 0.33, 12.41, 4.04, 10, 84, 1946644
0.01, 0.33, 12.35, 4.02, 10, 84, 1958464
0.01, 0.33, 12.38, 4.03, 10, 84, 1970300
0.01, 0.65, 12.25, 7.97, 10, 84, 1982120
0.01, 0.33, 12.38, 4.03, 10, 84, 1993952
0.01, 0.33, 12.33, 4.01, 10, 84, 2005772
0.01, 0.33, 12.33, 4.01, 10, 84, 2017608
0.01, 0.33, 12.38, 4.03, 11, 84, 2029428
0.01, 0.33, 12.33, 4.01, 11, 84, 2041256
0.01, 0.33, 12.30, 4.00, 11, 84, 2053088
0.01, 0.33, 12.33, 4.01, 11, 84, 2064908
0.01, 0.33, 12.33, 4.01, 11, 84, 2076744
0.02, 0.33, 12.33, 4.01, 11, 84, 2088564
0.02, 0.33, 12.33, 4.01, 11, 84, 2100400
0.02, 0.33, 12.33, 4.01, 11, 84, 2112220
0.02, 0.33, 12.30, 4.00, 11, 84, 2124052
0.02, 0.33, 12.35, 4.02, 11, 84, 2135876
0.02, 0.33, 12.35, 4.02, 11, 84, 2147704
0.01, 0.33, 12.33, 4.01, 11, 84, 2159528
0.01, 0.33, 12.38, 4.03, 11, 84, 2171356
0.01, 0.33, 12.35, 4.02, 11, 84, 2183192
0.02, 0.33, 12.38, 4.03, 11, 84, 2195032
0.02, 0.65, 12.35, 8.04, 11, 85, 2206848
0.02, 0.33, 12.30, 4.00, 11, 84, 2218672
0.02, 0.33, 12.41, 4.04, 12, 84, 2230504
0.02, 0.65, 12.33, 8.02, 12, 84, 2242324
0.02, 0.33, 12.41, 4.04, 12, 84, 2254160
0.02, 0.65, 12.35, 8.04, 12, 84, 2265976
0.02, 0.33, 12.27, 3.99, 12, 84, 2277808
0.02, 0.33, 12.33, 4.01, 12, 84, 2289640
0.02, 0.33, 12.30, 4.00, 12, 84, 2301464
0.02, 0.33, 12.33, 4.01, 12, 84, 2313300
0.02, 0.65, 12.22, 7.95, 12, 84, 2325120
0.02, 0.33, 12.33, 4.01, 12, 84, 2336956
0.02, 0.65, 12.35, 8.04, 12, 84, 2348776
0.02, 0.33, 12.30, 4.00, 12, 84, 2360608
0.02, 0.65, 12.35, 8.04, 12, 84, 2372432
0.02, 0.33, 12.33, 4.01, 12, 84, 2384256
0.02, 0.65, 12.35, 8.04, 12, 84, 2396112
0.02, 0.33, 12.35, 4.02, 12, 85, 2407916
0.02, 0.33, 12.30, 4.00, 12, 84, 2419748
0.02, 0.33, 12.33, 4.01, 13, 84, 2431572
0.02, 0.33, 12.30, 4.00, 13, 84, 2443408
0.02, 0.33, 12.43, 4.05, 13, 84, 2455244
0.02, 0.65, 12.25, 7.97, 13, 84, 2467060
0.02, 0.33, 12.27, 3.99, 13, 84, 2478884
0.02, 0.33, 12.22, 3.98, 13, 84, 2490708
0.02, 0.65, 12.27, 7.99, 13, 84, 2502540
0.02, 0.65, 12.38, 8.06, 13, 84, 2514364
0.02, 0.65, 12.30, 8.01, 13, 84, 2526196
0.02, 0.65, 12.41, 8.08, 13, 84, 2538020
0.02, 0.65, 12.33, 8.02, 13, 84, 2549852
0.02, 0.33, 12.38, 4.03, 13, 84, 2561672
0.02, 0.65, 12.35, 8.04, 13, 84, 2573504
0.02, 0.65, 12.35, 8.04, 13, 84, 2585328
0.02, 0.33, 12.41, 4.04, 13, 84, 2597164
0.02, 0.65, 12.33, 8.02, 13, 84, 2608984
0.02, 0.65, 12.19, 7.94, 13, 84, 2620808
0.02, 0.33, 12.33, 4.01, 14, 84, 2632644
0.02, 0.33, 12.27, 3.99, 14, 84, 2644468
0.02, 0.65, 12.30, 8.01, 14, 84, 2656320
0.02, 0.65, 12.30, 8.01, 14, 85, 2668120
0.02, 0.65, 12.30, 8.01, 14, 84, 2679952
0.02, 0.65, 12.35, 8.04, 14, 84, 2691776
0.02, 0.65, 12.25, 7.97, 14, 84, 2703608
0.02, 0.65, 12.27, 7.99, 14, 84, 2715428
0.02, 0.33, 12.41, 4.04, 14, 84, 2727256
0.02, 0.65, 12.25, 7.97, 14, 84, 2739084
0.02, 0.33, 12.30, 4.00, 14, 84, 2750912
0.02, 0.65, 12.38, 8.06, 14, 84, 2762748
0.02, 0.33, 12.30, 4.00, 14, 84, 2774564
0.02, 0.65, 12.35, 8.04, 14, 84, 2786400
0.02, 0.65, 12.30, 8.01, 14, 84, 2798216
0.02, 0.65, 12.41, 8.08, 14, 84, 2810052
0.02, 0.65, 12.38, 8.06, 14, 84, 2821876
0.02, 0.33, 12.43, 4.05, 15, 84, 2833712
0.02, 0.65, 12.35, 8.04, 15, 84, 2845532
0.02, 0.65, 12.33, 8.02, 15, 84, 2857360
0.02, 0.65, 12.41, 8.08, 15, 84, 2869196
0.02, 0.98, 12.43, 12.14, 15, 84, 2881024
0.03, 0.65, 12.38, 8.06, 15, 84, 2892856
0.03, 0.65, 12.30, 8.01, 15, 84, 2904680
0.03, 0.65, 12.41, 8.08, 15, 84, 2916532
0.03, 0.98, 12.19, 11.91, 15, 84, 2928340
0.03, 0.65, 12.27, 7.99, 15, 84, 2940176
0.03, 0.65, 12.27, 7.99, 15, 84, 2951992
0.03, 0.65, 12.27, 7.99, 15, 84, 2963828
0.03, 0.65, 12.43, 8.10, 15, 84, 2975656
0.03, 0.65, 12.33, 8.02, 15, 84, 2987484
0.03, 0.65, 12.30, 8.01, 15, 84, 2999320
0.03, 0.65, 12.35, 8.04, 15, 84, 3011140
0.03, 0.65, 12.27, 7.99, 15, 84, 3022972
0.03, 0.65, 12.38, 8.06, 16, 84, 3034796
0.03, 0.65, 12.22, 7.95, 16, 84, 3046632
0.03, 0.65, 12.38, 8.06, 16, 84, 3058452
0.03, 0.65, 12.38, 8.06, 16, 84, 3070284
0.03, 0.65, 12.41, 8.08, 16, 84, 3082108
0.03, 0.65, 12.33, 8.02, 16, 84, 3093936
0.03, 0.65, 12.38, 8.06, 16, 84, 3105772
0.03, 0.65, 12.27, 7.99, 16, 84, 3117596
0.03, 0.65, 12.22, 7.95, 16, 84, 3129428
0.03, 0.98, 12.22, 11.93, 16, 84, 3141252
0.03, 0.65, 12.30, 8.01, 16, 84, 3153084
0.03, 0.65, 12.33, 8.02, 16, 84, 3164908
0.03, 0.65, 12.38, 8.06, 16, 84, 3176744
0.03, 0.98, 12.38, 12.09, 16, 84, 3188564
0.03, 0.98, 12.35, 12.06, 16, 84, 3200388
0.03, 0.65, 12.27, 7.99, 16, 84, 3212224
0.03, 0.98, 12.27, 11.98, 16, 84, 3224044
0.03, 0.65, 12.22, 7.95, 17, 84, 3235876
0.03, 0.65, 12.27, 7.99, 17, 84, 3247700
0.03, 0.65, 12.30, 8.01, 17, 84, 3259536
0.03, 0.98, 12.22, 11.93, 17, 84, 3271360
0.03, 0.98, 12.38, 12.09, 17, 84, 3283196
0.03, 0.65, 12.38, 8.06, 17, 84, 3295016
0.03, 0.65, 12.41, 8.08, 17, 84, 3306848
0.03, 0.65, 12.33, 8.02, 17, 84, 3318676
0.03, 0.98, 12.38, 12.09, 17, 84, 3330504
0.03, 0.65, 12.35, 8.04, 17, 84, 3342340
0.03, 0.65, 12.35, 8.04, 17, 84, 3354164
0.03, 0.65, 12.30, 8.01, 17, 84, 3366000
0.03, 0.98, 12.11, 11.83, 17, 84, 3377820
0.03, 0.65, 12.27, 7.99, 17, 84, 3389656
0.03, 0.98, 12.30, 12.01, 17, 84, 3401480
0.03, 0.98, 12.30, 12.01, 17, 84, 3413316
0.03, 0.65, 12.35, 8.04, 17, 84, 3425140
0.03, 0.65, 12.19, 7.94, 18, 84, 3436964
0.03, 0.65, 12.30, 8.01, 18, 84, 3448800
0.03, 0.65, 12.35, 8.04, 18, 84, 3460620
0.03, 0.65, 12.27, 7.99, 18, 84, 3472456
0.03, 0.98, 12.08, 11.80, 18, 84, 3484272
0.03, 0.98, 12.38, 12.09, 18, 84, 3496108
0.03, 0.65, 12.30, 8.01, 18, 84, 3507932
0.04, 0.65, 12.27, 7.99, 18, 84, 3519764
0.04, 0.65, 12.38, 8.06, 18, 84, 3531588
0.04, 0.98, 12.25, 11.96, 18, 84, 3543416
0.04, 0.98, 12.35, 12.06, 18, 84, 3555264
0.04, 0.65, 12.30, 8.01, 18, 85, 3567072
0.04, 0.98, 12.41, 12.12, 18, 84, 3578908
0.04, 0.98, 12.27, 11.98, 18, 84, 3590732
0.04, 0.98, 12.41, 12.12, 18, 84, 3602564
0.04, 0.65, 12.46, 8.11, 18, 84, 3614388
0.04, 0.65, 12.22, 7.95, 18, 84, 3626220
0.04, 0.65, 12.25, 7.97, 19, 84, 3638044
0.04, 1.30, 12.22, 15.91, 19, 84, 3649872
0.04, 0.98, 12.22, 11.93, 19, 84, 3661700
0.04, 0.98, 12.35, 12.06, 19, 84, 3673528
0.04, 0.98, 12.38, 12.09, 19, 84, 3685364
0.04, 0.98, 12.30, 12.01, 19, 84, 3697188
0.04, 0.65, 12.22, 7.95, 19, 84, 3709024
0.04, 0.98, 12.30, 12.01, 19, 84, 3720848
0.04, 0.98, 12.27, 11.98, 19, 84, 3732680
0.04, 0.98, 12.33, 12.04, 19, 84, 3744504
0.04, 0.98, 12.41, 12.12, 19, 84, 3756360
0.04, 0.98, 12.27, 11.98, 19, 85, 3768156
0.04, 0.65, 12.43, 8.10, 19, 84, 3779988
0.04, 0.98, 12.35, 12.06, 19, 84, 3791820
0.04, 0.98, 12.38, 12.09, 19, 84, 3803644
0.04, 0.98, 12.46, 12.17, 19, 84, 3815496
0.04, 0.65, 12.27, 7.99, 19, 84, 3827304
0.04, 0.65, 12.33, 8.02, 20, 84, 3839140
0.04, 1.30, 12.11, 15.77, 20, 84, 3850964
0.04, 0.98, 12.30, 12.01, 20, 84, 3862792
0.04, 1.30, 12.25, 15.94, 20, 84, 3874620
0.04, 0.98, 12.06, 11.77, 20, 84, 3886448
0.04, 0.98, 12.30, 12.01, 20, 84, 3898276
0.04, 0.98, 12.22, 11.93, 20, 84, 3910108
0.04, 0.98, 12.27, 11.98, 20, 84, 3921940
0.04, 0.98, 12.25, 11.96, 20, 84, 3933764
0.04, 1.30, 12.33, 16.05, 20, 84, 3945600
0.04, 1.30, 12.22, 15.91, 20, 84, 3957420
0.04, 0.98, 12.22, 11.93, 20, 84, 3969252
0.04, 1.30, 12.38, 16.12, 20, 84, 3981076
0.04, 0.98, 12.11, 11.83, 20, 84, 3992908
0.04, 0.98, 12.41, 12.12, 20, 84, 4004728
0.04, 0.98, 12.22, 11.93, 20, 84, 4016576
0.04, 0.98, 12.22, 11.93, 20, 84, 4028392
0.04, 0.98, 12.25, 11.96, 21, 84, 4040208
0.04, 0.98, 12.30, 12.01, 21, 84, 4052044
0.04, 0.98, 12.30, 12.01, 21, 84, 4063864
0.05, 0.98, 12.35, 12.06, 21, 84, 4075700
0.04, 1.30, 12.27, 15.98, 21, 84, 4087520
0.05, 0.98, 12.22, 11.93, 21, 84, 4099356
0.05, 1.30, 12.43, 16.19, 21, 84, 4111172
0.05, 0.65, 12.52, 8.15, 21, 84, 4123000
0.05, 1.30, 12.38, 16.12, 21, 84, 4134828
0.05, 0.98, 12.22, 11.93, 21, 84, 4146656
0.05, 0.98, 12.33, 12.04, 21, 84, 4158492
0.05, 0.98, 12.22, 11.93, 21, 84, 4170312
0.05, 1.30, 12.27, 15.98, 21, 84, 4182152
0.05, 0.65, 12.35, 8.04, 21, 84, 4193972
0.05, 1.30, 12.35, 16.08, 21, 84, 4205808
0.05, 0.98, 12.30, 12.01, 21, 84, 4217628
0.05, 0.98, 12.49, 12.20, 21, 84, 4229460
0.05, 0.98, 12.22, 11.93, 22, 84, 4241284
0.05, 1.30, 12.38, 16.12, 22, 84, 4253112
0.05, 1.30, 12.22, 15.91, 22, 84, 4264944
0.05, 1.30, 12.35, 16.08, 22, 84, 4276784
0.05, 0.98, 12.27, 11.98, 22, 84, 4288596
0.05, 1.30, 12.54, 16.33, 22, 84, 4300420
0.05, 1.30, 12.19, 15.87, 22, 84, 4312252
0.05, 1.30, 12.41, 16.16, 22, 84, 4324072
0.05, 1.30, 12.52, 16.30, 22, 84, 4335908
0.05, 1.30, 12.38, 16.12, 22, 85, 4347732
0.05, 1.30, 12.38, 16.12, 22, 84, 4359560
0.05, 1.30, 12.25, 15.94, 22, 84, 4371392
0.05, 1.30, 12.43, 16.19, 22, 84, 4383212
0.05, 1.30, 12.27, 15.98, 22, 84, 4395052
0.05, 1.30, 12.35, 16.08, 22, 84, 4406876
0.05, 1.30, 12.38, 16.12, 22, 84, 4418708
0.05, 1.30, 12.27, 15.98, 22, 84, 4430532
0.05, 0.98, 12.22, 11.93, 23, 84, 4442372
0.05, 1.30, 12.35, 16.08, 23, 84, 4454192
0.05, 0.98, 12.54, 12.25, 23, 84, 4466024
0.05, 1.30, 12.33, 16.05, 23, 84, 4477848
0.05, 1.30, 12.27, 15.98, 23, 84, 4489680
0.05, 1.30, 12.22, 15.91, 23, 84, 4501516
0.05, 1.63, 12.33, 20.06, 23, 84, 4513336
0.05, 1.30, 12.35, 16.08, 23, 84, 4525176
0.05, 1.30, 12.27, 15.98, 23, 84, 4536992
0.05, 1.30, 12.30, 16.01, 23, 84, 4548824
0.05, 1.30, 12.38, 16.12, 23, 84, 4560652
0.06, 1.63, 12.33, 20.06, 23, 84, 4572484
0.06, 1.30, 12.27, 15.98, 23, 84, 4584304
0.05, 1.30, 12.22, 15.91, 23, 84, 4596132
0.05, 1.30, 12.35, 16.08, 23, 84, 4607968
0.05, 1.30, 12.33, 16.05, 23, 84, 4619792
0.05, 1.30, 12.38, 16.12, 23, 84, 4631624
0.05, 1.30, 12.49, 16.26, 24, 84, 4643448
0.05, 1.30, 12.35, 16.08, 24, 84, 4655284
0.06, 1.30, 12.22, 15.91, 24, 84, 4667108
0.06, 1.63, 12.19, 19.84, 24, 84, 4678944
0.06, 1.63, 12.22, 19.89, 24, 84, 4690764
0.06, 0.98, 12.54, 12.25, 24, 84, 4702592
0.06, 1.63, 12.19, 19.84, 24, 84, 4714432
0.06, 1.63, 12.35, 20.11, 24, 84, 4726252
0.06, 1.30, 12.30, 16.01, 24, 84, 4738088
0.06, 1.30, 12.41, 16.16, 24, 84, 4749912
0.06, 1.63, 12.35, 20.11, 24, 84, 4761748
0.06, 0.98, 12.38, 12.09, 24, 84, 4773572
0.06, 1.63, 12.38, 20.15, 24, 84, 4785404
0.06, 1.30, 12.19, 15.87, 24, 84, 4797228
0.06, 0.98, 12.52, 12.22, 24, 84, 4809060
0.06, 1.63, 12.35, 20.11, 24, 84, 4820884
0.06, 1.30, 12.19, 15.87, 24, 84, 4832716
0.06, 1.30, 12.35, 16.08, 25, 84, 4844548
0.06, 1.30, 12.52, 16.30, 25, 84, 4856368
0.06, 1.30, 12.19, 15.87, 25, 84, 4868204
0.06, 1.63, 12.22, 19.89, 25, 84, 4880024
0.06, 1.63, 12.25, 19.93, 25, 84, 4891856
0.06, 1.63, 12.41, 20.19, 25, 84, 4903680
0.06, 1.63, 12.00, 19.54, 25, 84, 4915528
0.06, 1.63, 12.33, 20.06, 25, 85, 4927332
0.06, 1.63, 12.16, 19.80, 25, 84, 4939160
0.06, 1.63, 12.30, 20.02, 25, 84, 4951000
0.06, 1.63, 12.14, 19.76, 25, 84, 4962820
0.06, 1.63, 12.41, 20.19, 25, 84, 4974656
0.06, 1.63, 12.52, 20.37, 25, 84, 4986480
0.06, 1.63, 12.35, 20.11, 25, 84, 4998312
0.06, 1.63, 12.30, 20.02, 25, 84, 5010132
0.06, 1.63, 12.30, 20.02, 25, 84, 5021968
0.06, 1.63, 12.33, 20.06, 25, 84, 5033788
0.06, 1.95, 12.19, 23.81, 26, 84, 5045616
0.06, 1.63, 12.35, 20.11, 26, 84, 5057448
0.06, 1.30, 12.30, 16.01, 26, 84, 5069276
0.06, 1.63, 12.16, 19.80, 26, 84, 5081112
0.06, 1.63, 12.19, 19.84, 26, 84, 5092932
0.06, 1.95, 12.27, 23.97, 26, 84, 5104768
0.06, 1.63, 12.27, 19.97, 26, 84, 5116592
0.06, 1.63, 12.38, 20.15, 26, 84, 5128428
0.06, 1.63, 12.30, 20.02, 26, 84, 5140248
0.06, 1.95, 12.25, 23.92, 26, 84, 5152076
0.06, 1.63, 12.19, 19.84, 26, 84, 5163904
0.06, 1.63, 12.22, 19.89, 26, 84, 5175748
0.07, 1.63, 12.38, 20.15, 26, 84, 5187568
0.07, 1.63, 12.43, 20.24, 26, 84, 5199388
0.07, 1.63, 12.38, 20.15, 26, 84, 5211224
0.06, 1.63, 12.65, 20.59, 26, 84, 5223048
0.06, 1.63, 12.00, 19.54, 26, 84, 5234880
0.06, 1.63, 12.33, 20.06, 27, 84, 5246700
0.06, 1.63, 12.19, 19.84, 27, 84, 5258536
0.06, 1.63, 12.22, 19.89, 27, 84, 5270352
0.07, 1.95, 12.41, 24.23, 27, 84, 5282180
0.07, 1.63, 12.16, 19.80, 27, 84, 5294012
0.07, 1.63, 12.38, 20.15, 27, 84, 5305836
0.07, 1.63, 12.33, 20.06, 27, 84, 5317668
0.07, 1.63, 12.35, 20.11, 27, 84, 5329492
0.07, 1.63, 12.22, 19.89, 27, 84, 5341324
0.07, 2.28, 11.95, 27.23, 27, 84, 5353144
0.07, 1.63, 12.16, 19.80, 27, 84, 5364980
0.07, 1.63, 12.25, 19.93, 27, 84, 5376820
0.07, 1.63, 12.16, 19.80, 27, 84, 5388628
0.07, 1.63, 12.35, 20.11, 27, 84, 5400452
0.07, 1.63, 12.33, 20.06, 27, 84, 5412280
0.07, 1.63, 12.35, 20.11, 27, 84, 5424116
0.07, 1.63, 12.33, 20.06, 27, 84, 5435936
0.07, 1.95, 12.41, 24.23, 28, 84, 5447768
0.07, 1.95, 12.19, 23.81, 28, 84, 5459588
0.07, 1.95, 12.25, 23.92, 28, 84, 5471420
0.07, 1.95, 12.41, 24.23, 28, 84, 5483240
0.07, 1.95, 12.33, 24.07, 28, 84, 5495076
0.07, 1.95, 12.30, 24.02, 28, 84, 5506896
0.07, 1.63, 12.60, 20.50, 28, 84, 5518724
0.07, 1.95, 12.27, 23.97, 28, 84, 5530556
0.07, 1.95, 12.30, 24.02, 28, 84, 5542376
0.07, 1.95, 12.43, 24.29, 28, 84, 5554212
0.07, 1.95, 12.35, 24.13, 28, 84, 5566036
0.07, 1.95, 12.30, 24.02, 28, 84, 5577872
0.07, 1.95, 12.19, 23.81, 28, 84, 5589692
0.07, 2.28, 12.33, 28.09, 28, 84, 5601524
0.07, 1.63, 12.30, 20.02, 28, 84, 5613344
0.07, 2.28, 12.33, 28.09, 28, 84, 5625172
0.07, 1.95, 12.30, 24.02, 28, 84, 5637016
0.07, 1.95, 12.27, 23.97, 29, 84, 5648824
0.07, 1.95, 12.16, 23.76, 29, 84, 5660656
0.07, 1.95, 12.35, 24.13, 29, 84, 5672480
0.07, 1.95, 12.19, 23.81, 29, 84, 5684312
0.07, 2.60, 12.03, 31.33, 29, 84, 5696132
0.08, 1.95, 12.00, 23.44, 29, 84, 5707968
0.08, 1.95, 12.38, 24.18, 29, 84, 5719792
0.08, 2.28, 12.38, 28.21, 29, 84, 5731624
0.07, 1.63, 12.30, 20.02, 29, 84, 5743448
0.07, 1.95, 12.54, 24.50, 29, 84, 5755276
0.08, 1.95, 12.30, 24.02, 29, 84, 5767112
0.08, 1.95, 12.35, 24.13, 29, 84, 5778936
0.08, 1.95, 12.38, 24.18, 29, 84, 5790768
0.07, 1.95, 12.27, 23.97, 29, 84, 5802592
0.08, 1.95, 12.35, 24.13, 29, 84, 5814428
0.08, 1.95, 12.60, 24.60, 29, 84, 5826248
0.08, 1.95, 12.16, 23.76, 29, 84, 5838088
0.08, 1.95, 12.14, 23.71, 30, 84, 5849908
0.08, 2.60, 12.11, 31.54, 30, 84, 5861736
0.08, 1.95, 12.25, 23.92, 30, 84, 5873560
0.08, 2.28, 12.30, 28.03, 30, 84, 5885388
0.08, 2.28, 12.35, 28.15, 30, 84, 5897244
0.08, 1.95, 12.35, 24.13, 30, 85, 5909044
0.08, 2.28, 12.38, 28.21, 30, 84, 5920876
0.08, 2.60, 11.95, 31.12, 30, 84, 5932700
0.08, 2.28, 12.38, 28.21, 30, 84, 5944532
0.08, 1.95, 12.30, 24.02, 30, 84, 5956348
0.08, 1.95, 12.38, 24.18, 30, 84, 5968180
0.08, 2.28, 12.41, 28.27, 30, 84, 5980004
0.08, 2.28, 12.33, 28.09, 30, 84, 5991836
0.08, 1.95, 12.08, 23.60, 30, 84, 6003668
0.08, 2.28, 12.11, 27.60, 30, 84, 6015488
0.08, 2.28, 12.38, 28.21, 30, 84, 6027324
0.08, 2.28, 12.35, 28.15, 30, 84, 6039148
0.08, 2.28, 12.33, 28.09, 31, 84, 6050984
0.08, 1.95, 12.16, 23.76, 31, 84, 6062808
0.08, 2.28, 12.22, 27.84, 31, 84, 6074640
0.08, 1.95, 12.33, 24.07, 31, 84, 6086460
0.08, 2.28, 12.41, 28.27, 31, 84, 6098288
0.08, 1.95, 12.25, 23.92, 31, 84, 6110116
0.08, 2.28, 12.41, 28.27, 31, 84, 6121944
0.08, 2.28, 12.27, 27.96, 31, 84, 6133776
0.09, 2.28, 12.30, 28.03, 31, 84, 6145596
0.09, 2.28, 12.35, 28.15, 31, 84, 6157432
0.09, 2.93, 11.87, 34.77, 31, 84, 6169252
0.09, 2.28, 12.33, 28.09, 31, 84, 6181088
0.08, 2.28, 12.33, 28.09, 31, 84, 6192908
0.08, 2.28, 12.16, 27.72, 31, 84, 6204744
0.08, 2.28, 11.81, 26.92, 31, 84, 6216568
0.08, 2.28, 12.30, 28.03, 31, 85, 6228396
0.08, 2.28, 12.38, 28.21, 31, 84, 6240228
0.08, 2.28, 12.30, 28.03, 32, 84, 6252056
0.08, 2.28, 12.30, 28.03, 32, 84, 6263888
0.08, 2.60, 12.46, 32.45, 32, 84, 6275728
0.08, 2.28, 12.33, 28.09, 32, 84, 6287544
0.09, 2.28, 12.11, 27.60, 32, 84, 6299364
0.09, 2.28, 12.22, 27.84, 32, 84, 6311200
0.09, 2.60, 12.30, 32.03, 32, 84, 6323020
0.09, 2.60, 11.87, 30.91, 32, 84, 6334844
0.09, 2.28, 12.25, 27.90, 32, 84, 6346672
0.09, 2.28, 12.33, 28.09, 32, 84, 6358500
0.09, 2.60, 12.33, 32.10, 32, 84, 6370332
0.09, 2.60, 12.25, 31.89, 32, 84, 6382156
0.09, 2.28, 12.14, 27.66, 32, 84, 6393988
0.09, 2.28, 12.08, 27.53, 32, 84, 6405808
0.09, 2.28, 12.16, 27.72, 32, 84, 6417640
0.09, 2.28, 12.11, 27.60, 32, 84, 6429460
0.09, 2.60, 11.87, 30.91, 32, 84, 6441292
0.09, 2.60, 12.25, 31.89, 33, 84, 6453116
0.09, 2.28, 12.00, 27.35, 33, 84, 6464944
0.09, 2.28, 12.33, 28.09, 33, 84, 6476776
0.09, 2.28, 12.11, 27.60, 33, 84, 6488600
0.09, 2.60, 12.11, 31.54, 33, 84, 6500432
0.09, 2.60, 12.35, 32.17, 33, 84, 6512252
0.09, 2.60, 12.30, 32.03, 33, 84, 6524088
0.09, 2.60, 12.30, 32.03, 33, 84, 6535920
0.09, 2.60, 12.38, 32.24, 33, 85, 6547740
0.09, 2.28, 12.16, 27.72, 33, 84, 6559564
0.09, 1.95, 12.35, 24.13, 33, 84, 6571392
0.09, 2.60, 12.33, 32.10, 33, 84, 6583216
0.09, 2.28, 11.76, 26.80, 33, 84, 6595044
0.09, 2.60, 12.35, 32.17, 33, 84, 6606880
0.09, 2.60, 12.27, 31.96, 33, 84, 6618696
0.09, 2.60, 12.33, 32.10, 33, 84, 6630532
0.09, 2.60, 12.46, 32.45, 33, 84, 6642352
0.09, 2.60, 12.35, 32.17, 34, 84, 6654184
0.09, 2.60, 12.19, 31.75, 34, 84, 6666008
0.09, 2.93, 12.41, 36.35, 34, 84, 6677836
0.09, 2.60, 12.33, 32.10, 34, 84, 6689656
0.09, 2.60, 12.33, 32.10, 34, 84, 6701488
0.09, 2.60, 12.25, 31.89, 34, 84, 6713320
0.09, 2.60, 12.19, 31.75, 34, 84, 6725140
0.09, 2.60, 12.06, 31.40, 34, 84, 6736968
0.09, 2.93, 12.00, 35.16, 34, 84, 6748792
0.09, 2.60, 12.11, 31.54, 34, 84, 6760624
0.09, 2.93, 12.33, 36.11, 34, 84, 6772444
0.09, 2.60, 12.16, 31.68, 34, 84, 6784276
0.09, 2.60, 12.33, 32.10, 34, 84, 6796100
0.10, 2.60, 11.89, 30.98, 34, 84, 6807928
0.09, 2.60, 12.19, 31.75, 34, 84, 6819756
0.10, 2.60, 12.33, 32.10, 34, 84, 6831576
0.10, 2.60, 12.30, 32.03, 34, 84, 6843412
0.10, 2.60, 12.33, 32.10, 35, 84, 6855236
0.10, 2.93, 12.33, 36.11, 35, 84, 6867064
0.10, 1.95, 12.33, 24.07, 35, 84, 6878888
0.10, 2.60, 12.30, 32.03, 35, 84, 6890724
0.10, 2.60, 12.22, 31.82, 35, 84, 6902548
0.10, 2.60, 11.73, 30.55, 35, 84, 6914380
0.10, 2.93, 12.19, 35.72, 35, 84, 6926204
0.10, 2.93, 12.11, 35.48, 35, 84, 6938032
0.10, 2.60, 12.30, 32.03, 35, 84, 6949868
0.10, 2.93, 12.16, 35.64, 35, 84, 6961688
0.10, 2.93, 12.14, 35.56, 35, 84, 6973524
0.10, 2.60, 12.22, 31.82, 35, 84, 6985344
0.10, 2.93, 12.27, 35.95, 35, 84, 6997200
0.10, 2.93, 12.33, 36.11, 35, 84, 7009004
0.10, 2.93, 12.35, 36.19, 35, 84, 7020840
0.10, 2.60, 12.27, 31.96, 35, 84, 7032660
0.10, 2.93, 11.73, 34.37, 35, 84, 7044492
0.10, 2.93, 12.33, 36.11, 36, 84, 7056324
0.10, 2.93, 12.27, 35.95, 36, 84, 7068148
0.10, 2.93, 12.22, 35.80, 36, 84, 7079980
0.10, 2.93, 12.25, 35.88, 36, 84, 7091796
0.10, 2.93, 12.19, 35.72, 36, 84, 7103632
0.10, 3.58, 12.19, 43.65, 36, 84, 7115456
0.10, 2.93, 12.22, 35.80, 36, 84, 7127288
0.10, 2.93, 12.43, 36.43, 36, 84, 7139112
0.10, 3.26, 11.76, 38.28, 36, 84, 7150944
0.10, 2.93, 12.35, 36.19, 36, 84, 7162772
0.10, 2.93, 12.30, 36.03, 36, 84, 7174600
0.10, 3.26, 12.16, 39.60, 36, 84, 7186432
0.10, 3.26, 12.35, 40.21, 36, 84, 7198256
0.10, 2.93, 12.27, 35.95, 36, 84, 7210092
0.10, 2.60, 12.19, 31.75, 36, 84, 7221912
0.10, 3.26, 12.16, 39.60, 36, 84, 7233748
0.10, 2.93, 12.27, 35.95, 36, 84, 7245568
0.10, 3.26, 12.14, 39.51, 37, 84, 7257420
0.10, 2.93, 12.16, 35.64, 37, 85, 7269224
0.10, 3.26, 12.30, 40.04, 37, 84, 7281052
0.10, 3.26, 12.19, 39.69, 37, 84, 7292888
0.10, 3.26, 12.33, 40.12, 37, 84, 7304708
0.11, 3.26, 12.81, 41.71, 37, 84, 7316540
0.11, 3.26, 12.11, 39.42, 37, 85, 7328364
0.10, 2.93, 12.41, 36.35, 37, 84, 7340196
0.10, 3.58, 11.92, 42.69, 37, 84, 7352020
0.11, 2.93, 12.14, 35.56, 37, 84, 7363852
0.11, 3.26, 12.30, 40.04, 37, 84, 7375676
0.11, 2.93, 11.65, 34.14, 37, 84, 7387504
0.11, 3.26, 12.30, 40.04, 37, 84, 7399328
0.11, 2.93, 12.25, 35.88, 37, 84, 7411156
0.11, 2.93, 12.35, 36.19, 37, 84, 7422988
0.11, 2.93, 12.27, 35.95, 37, 84, 7434808
0.11, 3.26, 12.27, 39.95, 37, 84, 7446644
0.10, 2.28, 12.38, 28.21, 38, 84, 7458464
0.11, 3.26, 12.27, 39.95, 38, 84, 7470296
0.11, 2.93, 12.03, 35.24, 38, 84, 7482120
0.11, 2.60, 12.38, 32.24, 38, 84, 7493956
0.11, 3.26, 12.11, 39.42, 38, 84, 7505772
0.11, 3.26, 12.27, 39.95, 38, 84, 7517616
0.11, 3.58, 12.22, 43.75, 38, 84, 7529432
0.11, 3.26, 12.27, 39.95, 38, 84, 7541252
0.11, 3.26, 12.38, 40.30, 38, 84, 7553088
0.11, 3.26, 12.35, 40.21, 38, 84, 7564908
0.11, 3.26, 12.30, 40.04, 38, 84, 7576744
0.11, 2.93, 12.14, 35.56, 38, 84, 7588568
0.11, 3.26, 12.27, 39.95, 38, 84, 7600400
0.11, 3.91, 12.30, 48.04, 38, 84, 7612224
0.11, 2.93, 12.78, 37.46, 38, 84, 7624052
0.11, 3.26, 12.22, 39.77, 38, 84, 7635900
0.11, 3.58, 12.27, 43.94, 38, 84, 7647704
0.11, 3.26, 12.03, 39.16, 39, 84, 7659532
0.11, 3.58, 12.25, 43.85, 39, 84, 7671356
0.11, 3.26, 12.06, 39.25, 39, 84, 7683188
0.11, 3.58, 12.70, 45.49, 39, 84, 7695012
0.11, 3.26, 12.22, 39.77, 39, 84, 7706844
0.11, 3.26, 12.08, 39.33, 39, 84, 7718668
0.11, 2.93, 12.78, 37.46, 39, 84, 7730500
0.11, 3.26, 11.98, 38.98, 39, 84, 7742324
0.11, 3.26, 12.19, 39.69, 39, 84, 7754152
0.11, 3.26, 12.30, 40.04, 39, 84, 7765984
0.11, 3.26, 12.16, 39.60, 39, 84, 7777808
0.11, 3.26, 12.30, 40.04, 39, 84, 7789640
0.11, 3.58, 12.25, 43.85, 39, 84, 7801460
0.11, 3.26, 12.16, 39.60, 39, 84, 7813292
0.11, 3.26, 12.30, 40.04, 39, 84, 7825112
0.11, 3.26, 12.84, 41.79, 39, 84, 7836948
0.11, 2.93, 12.25, 35.88, 39, 84, 7848764
0.11, 3.91, 12.33, 48.15, 40, 84, 7860596
0.11, 3.58, 12.03, 43.07, 40, 84, 7872424
0.11, 3.26, 12.19, 39.69, 40, 84, 7884256
0.12, 3.58, 12.35, 44.23, 40, 84, 7896108
0.12, 3.58, 12.06, 43.17, 40, 85, 7907912
0.12, 3.26, 12.30, 40.04, 40, 84, 7919748
0.11, 3.58, 12.92, 46.26, 40, 84, 7931568
0.11, 3.26, 12.14, 39.51, 40, 84, 7943404
0.11, 3.58, 12.19, 43.65, 40, 84, 7955224
0.12, 4.23, 11.95, 50.56, 40, 84, 7967056
0.12, 3.26, 12.19, 39.69, 40, 84, 7978876
0.12, 3.58, 12.27, 43.94, 40, 84, 7990704
0.12, 3.58, 12.25, 43.85, 40, 84, 8002536
0.12, 3.58, 12.27, 43.94, 40, 84, 8014352
0.12, 3.58, 12.19, 43.65, 40, 84, 8026188
0.12, 3.26, 12.08, 39.33, 40, 84, 8038008
0.12, 3.58, 12.33, 44.14, 40, 84, 8049840
0.12, 3.58, 12.14, 43.46, 41, 84, 8061664
0.12, 3.58, 12.25, 43.85, 41, 84, 8073492
0.12, 3.58, 11.95, 42.78, 41, 84, 8085320
0.12, 3.58, 11.87, 42.50, 41, 84, 8097144
0.12, 3.58, 12.16, 43.56, 41, 84, 8108972
0.12, 3.58, 12.30, 44.04, 41, 84, 8120800
0.12, 3.58, 12.38, 44.33, 41, 84, 8132636
0.12, 3.58, 12.25, 43.85, 41, 84, 8144456
0.12, 3.58, 12.06, 43.17, 41, 84, 8156308
0.12, 2.93, 12.30, 36.03, 41, 85, 8168116
0.12, 3.91, 12.11, 47.31, 41, 84, 8179948
0.12, 3.58, 12.08, 43.27, 41, 84, 8191772
0.12, 2.93, 12.54, 36.74, 41, 84, 8203600
0.12, 3.58, 12.19, 43.65, 41, 84, 8215432
0.12, 3.58, 11.95, 42.78, 41, 84, 8227256
0.12, 3.58, 12.22, 43.75, 41, 84, 8239092
0.12, 3.58, 12.22, 43.75, 41, 84, 8250912
0.12, 3.58, 12.33, 44.14, 42, 84, 8262748
0.12, 3.26, 12.25, 39.86, 42, 84, 8274572
0.12, 3.91, 12.11, 47.31, 42, 84, 8286404
0.12, 3.91, 12.06, 47.10, 42, 84, 8298228
0.12, 3.91, 12.25, 47.83, 42, 84, 8310060
0.12, 3.58, 12.30, 44.04, 42, 84, 8321884
0.12, 3.91, 11.79, 46.04, 42, 84, 8333712
0.12, 3.91, 12.06, 47.10, 42, 84, 8345548
0.12, 3.91, 12.33, 48.15, 42, 84, 8357368
0.12, 3.91, 12.19, 47.62, 42, 84, 8369204
0.12, 3.91, 12.22, 47.73, 42, 84, 8381028
0.12, 3.91, 12.14, 47.41, 42, 84, 8392860
0.12, 3.26, 12.22, 39.77, 42, 84, 8404684
0.12, 3.91, 12.27, 47.94, 42, 84, 8416512
0.12, 3.58, 12.03, 43.07, 42, 84, 8428340
0.12, 3.26, 12.27, 39.95, 42, 84, 8440168
0.12, 3.91, 12.14, 47.41, 42, 84, 8451996
0.12, 3.58, 11.89, 42.59, 43, 84, 8463824
0.12, 3.58, 12.27, 43.94, 43, 84, 8475660
0.12, 3.91, 12.16, 47.52, 43, 84, 8487476
0.12, 3.91, 12.03, 46.99, 43, 84, 8499316
0.12, 3.58, 12.22, 43.75, 43, 84, 8511132
0.12, 3.91, 12.08, 47.20, 43, 84, 8522964
0.12, 3.91, 12.14, 47.41, 43, 84, 8534788
0.13, 4.88, 12.16, 59.40, 43, 84, 8546616
0.13, 3.91, 12.30, 48.04, 43, 84, 8558440
0.13, 3.91, 12.19, 47.62, 43, 84, 8570272
0.13, 3.91, 12.14, 47.41, 43, 84, 8582104
0.13, 3.91, 12.33, 48.15, 43, 84, 8593928
0.13, 3.91, 12.03, 46.99, 43, 84, 8605756
0.13, 3.58, 12.14, 43.46, 43, 84, 8617600
0.13, 3.91, 12.22, 47.73, 43, 85, 8629412
0.13, 4.23, 12.84, 54.33, 43, 84, 8641232
0.13, 3.91, 12.03, 46.99, 43, 84, 8653064
0.13, 4.23, 12.27, 51.93, 44, 84, 8664888
0.13, 3.91, 12.19, 47.62, 44, 84, 8676712
0.13, 3.91, 12.08, 47.20, 44, 84, 8688536
0.13, 3.91, 12.25, 47.83, 44, 84, 8700368
0.13, 4.23, 12.27, 51.93, 44, 84, 8712200
0.13, 3.91, 12.25, 47.83, 44, 84, 8724016
0.13, 4.23, 12.38, 52.39, 44, 84, 8735852
0.13, 3.26, 12.03, 39.16, 44, 84, 8747676
0.13, 3.91, 12.03, 46.99, 44, 84, 8759512
0.13, 4.23, 12.22, 51.71, 44, 84, 8771332
0.13, 3.91, 11.60, 45.30, 44, 84, 8783168
0.13, 3.91, 12.08, 47.20, 44, 84, 8794984
0.13, 3.91, 12.22, 47.73, 44, 84, 8806816
0.13, 3.91, 12.35, 48.25, 44, 84, 8818648
0.13, 4.56, 12.49, 56.91, 44, 84, 8830468
0.13, 4.23, 12.11, 51.25, 44, 84, 8842296
0.13, 4.23, 12.27, 51.93, 44, 84, 8854120
0.13, 4.23, 12.30, 52.05, 45, 84, 8865956
0.13, 4.23, 12.49, 52.85, 45, 84, 8877792
0.13, 4.23, 12.30, 52.05, 45, 84, 8889608
0.13, 4.23, 12.30, 52.05, 45, 84, 8901428
0.13, 3.91, 12.70, 49.62, 45, 84, 8913256
0.13, 4.23, 12.30, 52.05, 45, 84, 8925084
0.13, 4.88, 11.65, 56.89, 45, 84, 8936912
0.13, 4.56, 12.03, 54.82, 45, 84, 8948748
0.13, 3.91, 11.98, 46.78, 45, 84, 8960564
0.13, 4.56, 12.06, 54.95, 45, 84, 8972400
0.13, 4.23, 12.76, 53.99, 45, 84, 8984220
0.13, 4.23, 12.11, 51.25, 45, 84, 8996060
0.13, 4.56, 12.33, 56.17, 45, 84, 9007876
0.13, 3.91, 12.68, 49.52, 45, 84, 9019712
0.13, 4.23, 12.25, 51.82, 45, 84, 9031528
0.14, 4.23, 12.19, 51.59, 45, 84, 9043356
0.14, 3.91, 12.08, 47.20, 45, 84, 9055188
0.14, 3.58, 12.03, 43.07, 46, 85, 9067012
0.14, 4.23, 12.25, 51.82, 46, 84, 9078840
0.14, 4.23, 11.87, 50.22, 46, 84, 9090664
0.13, 3.91, 12.11, 47.31, 46, 84, 9102492
0.13, 4.88, 12.00, 58.61, 46, 84, 9114316
0.14, 4.56, 12.41, 56.54, 46, 84, 9126148
0.14, 3.91, 11.95, 46.67, 46, 84, 9137988
0.14, 4.23, 11.65, 49.31, 46, 84, 9149796
0.14, 4.23, 12.03, 50.91, 46, 84, 9161624
0.14, 4.56, 12.30, 56.05, 46, 84, 9173452
0.14, 4.23, 12.19, 51.59, 46, 84, 9185284
0.14, 4.23, 12.25, 51.82, 46, 84, 9197108
0.14, 4.56, 12.16, 55.44, 46, 84, 9208944
0.14, 3.91, 12.03, 46.99, 46, 84, 9220764
0.14, 4.23, 12.06, 51.02, 46, 84, 9232600
0.14, 4.56, 12.27, 55.93, 46, 84, 9244420
0.14, 4.56, 12.33, 56.17, 46, 84, 9256268
0.14, 4.56, 11.92, 54.33, 47, 85, 9268076
0.14, 4.23, 11.98, 50.68, 47, 84, 9279904
0.14, 4.56, 12.25, 55.81, 47, 84, 9291736
0.14, 4.56, 11.89, 54.21, 47, 84, 9303556
0.14, 4.56, 12.14, 55.31, 47, 84, 9315396
0.14, 3.58, 12.19, 43.65, 47, 84, 9327216
0.14, 4.56, 12.08, 55.07, 47, 84, 9339048
0.14, 3.91, 12.06, 47.10, 47, 84, 9350868
0.14, 4.56, 12.03, 54.82, 47, 84, 9362704
0.14, 4.88, 12.11, 59.13, 47, 84, 9374528
0.14, 3.58, 12.25, 43.85, 47, 84, 9386356
0.14, 4.56, 12.27, 55.93, 47, 84, 9398184
0.14, 4.56, 12.06, 54.95, 47, 84, 9410008
0.14, 4.56, 12.25, 55.81, 47, 84, 9421840
0.14, 4.56, 11.98, 54.58, 47, 84, 9433664
0.14, 4.56, 12.11, 55.19, 47, 84, 9445500
0.14, 4.56, 11.60, 52.86, 47, 84, 9457316
0.14, 4.56, 12.00, 54.70, 48, 84, 9469152
0.14, 4.23, 11.84, 50.11, 48, 84, 9480968
0.14, 4.88, 12.22, 59.66, 48, 84, 9492800
0.14, 4.56, 12.11, 55.19, 48, 84, 9504624
0.14, 4.56, 12.08, 55.07, 48, 84, 9516468
0.14, 4.88, 12.35, 60.32, 48, 84, 9528288
0.15, 4.56, 11.92, 54.33, 48, 84, 9540112
0.15, 4.56, 12.16, 55.44, 48, 84, 9551944
0.15, 4.88, 12.81, 62.56, 48, 84, 9563768
0.15, 5.21, 11.84, 61.67, 48, 84, 9575604
0.15, 5.21, 12.22, 63.64, 48, 85, 9587424
0.15, 4.56, 12.14, 55.31, 48, 84, 9599260
0.15, 4.88, 12.41, 60.58, 48, 84, 9611080
0.15, 5.53, 12.46, 68.96, 48, 84, 9622908
0.14, 4.56, 11.98, 54.58, 48, 84, 9634736
0.15, 4.88, 12.27, 59.92, 48, 84, 9646568
0.15, 4.88, 12.03, 58.74, 48, 84, 9658396
0.14, 4.88, 12.16, 59.40, 49, 84, 9670216
0.15, 4.56, 12.08, 55.07, 49, 84, 9682052
0.15, 4.88, 12.78, 62.43, 49, 84, 9693872
0.15, 4.88, 12.08, 59.00, 49, 84, 9705704
0.15, 4.88, 12.19, 59.53, 49, 84, 9717524
0.15, 5.53, 12.30, 68.06, 49, 84, 9729360
0.15, 4.88, 12.25, 59.79, 49, 84, 9741180
0.15, 5.21, 11.98, 62.37, 49, 84, 9753008
0.15, 4.88, 11.98, 58.47, 49, 84, 9764840
0.15, 5.21, 12.38, 64.48, 49, 84, 9776664
0.15, 4.88, 12.11, 59.13, 49, 84, 9788496
0.15, 4.56, 11.87, 54.08, 49, 84, 9800320
0.15, 4.88, 12.33, 60.19, 49, 84, 9812152
0.15, 4.88, 12.25, 59.79, 49, 84, 9823972
0.15, 4.88, 12.19, 59.53, 49, 84, 9835804
0.15, 4.88, 12.25, 59.79, 49, 84, 9847628
0.15, 4.88, 11.65, 56.89, 49, 84, 9859456
0.15, 5.21, 12.08, 62.94, 50, 84, 9871292
0.15, 4.88, 12.16, 59.40, 50, 84, 9883112
0.15, 4.88, 12.22, 59.66, 50, 84, 9894944
0.15, 4.88, 11.87, 57.95, 50, 84, 9906764
0.15, 5.21, 12.00, 62.51, 50, 84, 9918600
0.15, 4.88, 12.08, 59.00, 50, 84, 9930420
0.15, 5.21, 12.38, 64.48, 50, 84, 9942252
0.15, 4.88, 12.00, 58.61, 50, 84, 9954076
0.16, 5.53, 12.30, 68.06, 50, 84, 9965904
0.16, 4.88, 11.89, 58.08, 50, 84, 9977732
0.16, 4.88, 12.06, 58.87, 50, 84, 9989560
0.16, 5.21, 12.25, 63.78, 50, 84, 10001396
0.16, 4.88, 11.87, 57.95, 50, 84, 10013220
0.16, 5.53, 12.27, 67.91, 50, 84, 10025056
0.16, 5.21, 12.19, 63.50, 50, 84, 10036876
0.16, 4.88, 12.16, 59.40, 50, 84, 10048712
0.16, 5.21, 12.03, 62.65, 50, 84, 10060536
0.16, 5.86, 12.22, 71.59, 51, 84, 10072368
0.15, 4.88, 12.06, 58.87, 51, 84, 10084188
0.15, 4.23, 12.08, 51.13, 51, 84, 10096016
0.15, 5.53, 12.22, 67.61, 51, 84, 10107848
0.16, 5.53, 12.22, 67.61, 51, 84, 10119668
0.16, 5.21, 12.30, 64.06, 51, 84, 10131504
0.16, 5.21, 11.79, 61.39, 51, 84, 10143324
0.16, 5.53, 12.33, 68.21, 51, 84, 10155156
0.16, 6.18, 11.98, 74.07, 51, 84, 10166976
0.16, 5.21, 12.19, 63.50, 51, 84, 10178812
0.16, 5.53, 11.87, 65.67, 51, 84, 10190632
0.16, 5.21, 11.81, 61.53, 51, 84, 10202456
0.16, 5.53, 12.25, 67.76, 51, 84, 10214284
0.16, 5.53, 12.22, 67.61, 51, 84, 10226112
0.16, 5.53, 12.16, 67.32, 51, 84, 10237964
0.16, 5.21, 12.19, 63.50, 51, 85, 10249768
0.16, 5.53, 12.16, 67.32, 51, 84, 10261604
0.16, 4.88, 11.98, 58.47, 52, 84, 10273428
0.16, 5.21, 12.14, 63.22, 52, 84, 10285260
0.16, 5.53, 11.98, 66.27, 52, 84, 10297080
0.16, 4.56, 12.35, 56.30, 52, 84, 10308916
0.16, 5.86, 12.08, 70.80, 52, 84, 10320736
0.16, 5.53, 11.84, 65.53, 52, 84, 10332564
0.16, 5.21, 11.98, 62.37, 52, 84, 10344400
0.16, 6.84, 12.78, 87.40, 52, 84, 10356216
0.16, 5.53, 12.27, 67.91, 52, 84, 10368052
0.16, 5.86, 11.92, 69.85, 52, 84, 10379872
0.16, 5.86, 11.89, 69.70, 52, 84, 10391704
0.16, 4.88, 12.19, 59.53, 52, 84, 10403528
0.16, 5.53, 11.98, 66.27, 52, 84, 10415360
0.16, 5.53, 11.95, 66.12, 52, 84, 10427176
0.16, 6.18, 12.33, 76.24, 52, 84, 10439008
0.16, 5.53, 11.95, 66.12, 52, 84, 10450836
0.16, 5.53, 12.27, 67.91, 52, 84, 10462660
0.16, 5.53, 12.03, 66.57, 53, 84, 10474496
0.17, 5.53, 12.03, 66.57, 53, 84, 10486316
0.17, 5.53, 12.00, 66.42, 53, 84, 10498168
0.17, 6.84, 11.65, 79.65, 53, 84, 10509972
0.17, 5.53, 12.16, 67.32, 53, 84, 10521804
0.17, 6.18, 12.08, 74.74, 53, 84, 10533628
0.17, 5.86, 11.30, 66.22, 53, 84, 10545456
0.17, 4.56, 12.11, 55.19, 53, 84, 10557280
0.17, 6.18, 11.76, 72.73, 53, 84, 10569104
0.17, 5.86, 12.16, 71.28, 53, 84, 10580940
0.17, 5.86, 12.03, 70.49, 53, 84, 10592760
0.17, 5.86, 12.08, 70.80, 53, 84, 10604596
0.17, 6.84, 11.68, 79.84, 53, 84, 10616432
0.17, 5.86, 11.92, 69.85, 53, 84, 10628244
0.17, 5.53, 11.95, 66.12, 53, 84, 10640068
0.17, 6.18, 12.00, 74.23, 53, 84, 10651904
0.17, 6.18, 12.03, 74.40, 53, 84, 10663724
0.17, 5.21, 12.46, 64.90, 54, 84, 10675552
0.17, 5.86, 12.03, 70.49, 54, 84, 10687380
0.17, 6.18, 12.08, 74.74, 54, 84, 10699208
0.17, 5.86, 11.79, 69.06, 54, 84, 10711044
0.17, 6.18, 12.16, 75.24, 54, 84, 10722868
0.17, 6.18, 12.22, 75.57, 54, 84, 10734700
0.17, 5.53, 11.84, 65.53, 54, 84, 10746524
0.18, 6.51, 12.14, 79.02, 54, 84, 10758368
0.18, 6.18, 12.06, 74.57, 54, 84, 10770184
0.18, 4.88, 12.30, 60.06, 54, 84, 10782020
0.18, 6.18, 12.22, 75.57, 54, 84, 10793840
0.17, 6.18, 12.00, 74.23, 54, 84, 10805672
0.17, 5.86, 12.00, 70.33, 54, 84, 10817508
0.18, 6.18, 12.11, 74.90, 54, 84, 10829328
0.17, 6.18, 11.87, 73.40, 54, 84, 10841164
0.18, 5.53, 12.03, 66.57, 54, 84, 10852988
0.18, 6.18, 12.22, 75.57, 54, 84, 10864820
0.18, 5.86, 12.08, 70.80, 55, 84, 10876660
0.18, 5.86, 11.98, 70.17, 55, 84, 10888476
0.18, 6.51, 12.06, 78.49, 55, 84, 10900300
0.18, 5.86, 11.73, 68.75, 55, 84, 10912128
0.18, 6.51, 12.11, 78.84, 55, 84, 10923956
0.18, 7.49, 12.14, 90.87, 55, 84, 10935780
0.18, 6.51, 12.14, 79.02, 55, 84, 10947616
0.18, 6.84, 12.19, 83.34, 55, 84, 10959436
0.18, 6.51, 12.06, 78.49, 55, 84, 10971268
0.18, 6.18, 12.06, 74.57, 55, 84, 10983092
0.18, 6.18, 12.14, 75.07, 55, 84, 10994924
0.18, 6.18, 11.92, 73.73, 55, 84, 11006744
0.18, 7.16, 12.35, 88.47, 55, 84, 11018572
0.18, 6.18, 12.14, 75.07, 55, 84, 11030396
0.18, 6.51, 12.25, 79.72, 55, 84, 11042224
0.18, 6.84, 12.08, 82.60, 55, 84, 11054056
0.18, 6.18, 12.14, 75.07, 55, 84, 11065880
0.18, 5.21, 11.57, 60.27, 56, 84, 11077712
0.18, 7.49, 11.73, 87.84, 56, 84, 11089536
0.18, 6.18, 12.00, 74.23, 56, 84, 11101372
0.18, 6.51, 11.95, 77.79, 56, 84, 11113192
0.18, 6.51, 11.87, 77.26, 56, 84, 11125028
0.18, 6.84, 12.11, 82.79, 56, 84, 11136868
0.19, 7.49, 12.38, 92.69, 56, 84, 11148680
0.19, 6.51, 11.89, 77.44, 56, 84, 11160512
0.19, 6.84, 11.87, 81.13, 56, 84, 11172332
0.18, 6.84, 12.16, 83.16, 56, 84, 11184168
0.18, 6.84, 12.16, 83.16, 56, 84, 11195984
0.18, 6.51, 11.98, 77.97, 56, 84, 11207816
0.18, 6.51, 11.87, 77.26, 56, 84, 11219640
0.18, 6.84, 12.27, 83.89, 56, 84, 11231472
0.19, 6.51, 11.87, 77.26, 56, 84, 11243296
0.19, 6.18, 12.68, 78.41, 56, 84, 11255124
0.18, 6.84, 11.98, 81.86, 56, 84, 11266952
0.18, 6.51, 12.22, 79.55, 57, 84, 11278780
0.18, 6.84, 12.11, 82.79, 57, 84, 11290616
0.19, 7.16, 12.03, 86.15, 57, 84, 11302436
0.19, 6.51, 11.73, 76.39, 57, 84, 11314272
0.18, 6.51, 12.84, 83.59, 57, 84, 11326092
0.19, 6.84, 12.19, 83.34, 57, 84, 11337928
0.19, 6.51, 12.03, 78.32, 57, 84, 11349748
0.19, 6.84, 12.73, 87.03, 57, 84, 11361584
0.19, 6.84, 11.79, 80.57, 57, 84, 11373408
0.19, 6.84, 11.98, 81.86, 57, 84, 11385236
0.19, 6.84, 12.16, 83.16, 57, 84, 11397068
0.19, 6.84, 11.68, 79.84, 57, 84, 11408892
0.19, 6.84, 11.84, 80.94, 57, 84, 11420728
0.19, 6.84, 12.22, 83.52, 57, 84, 11432548
0.19, 6.84, 12.22, 83.52, 57, 84, 11444384
0.19, 5.53, 12.00, 66.42, 57, 84, 11456208
0.19, 6.84, 12.16, 83.16, 57, 85, 11468036
0.19, 6.84, 12.06, 82.42, 58, 84, 11479860
0.19, 7.49, 11.84, 88.65, 58, 84, 11491688
0.19, 7.16, 11.95, 85.57, 58, 84, 11503512
0.19, 6.84, 11.89, 81.31, 58, 84, 11515344
0.19, 6.84, 11.95, 81.68, 58, 84, 11527176
0.19, 6.84, 11.98, 81.86, 58, 84, 11538996
0.19, 7.16, 12.08, 86.54, 58, 84, 11550828
0.19, 6.51, 11.98, 77.97, 58, 84, 11562648
0.19, 7.16, 11.95, 85.57, 58, 84, 11574484
0.19, 6.84, 11.87, 81.13, 58, 84, 11586300
0.19, 7.16, 11.33, 81.13, 58, 84, 11598156
0.19, 7.49, 12.14, 90.87, 58, 85, 11609956
0.19, 7.16, 11.92, 85.38, 58, 84, 11621780
0.19, 7.16, 11.89, 85.18, 58, 84, 11633616
0.19, 6.51, 11.63, 75.68, 58, 84, 11645440
0.19, 7.16, 11.79, 84.41, 58, 84, 11657268
0.20, 7.16, 12.11, 86.73, 58, 85, 11669088
0.19, 7.16, 12.03, 86.15, 59, 84, 11680924
0.19, 8.14, 12.03, 97.90, 59, 84, 11692744
0.20, 7.49, 12.19, 91.28, 59, 84, 11704580
0.20, 7.16, 11.89, 85.18, 59, 84, 11716400
0.19, 6.84, 11.71, 80.02, 59, 84, 11728228
0.19, 7.49, 12.33, 92.29, 59, 84, 11740060
0.20, 7.49, 12.08, 90.47, 59, 84, 11751888
0.20, 7.16, 11.76, 84.22, 59, 84, 11763724
0.20, 7.49, 12.25, 91.68, 59, 84, 11775544
0.20, 7.49, 12.27, 91.88, 59, 84, 11787380
0.20, 6.84, 11.76, 80.39, 59, 84, 11799200
0.20, 7.49, 11.95, 89.46, 59, 84, 11811036
0.20, 7.49, 11.95, 89.46, 59, 84, 11822860
0.20, 7.16, 11.57, 82.87, 59, 84, 11834696
0.20, 7.81, 12.22, 95.46, 59, 84, 11846516
0.20, 7.49, 12.16, 91.08, 59, 84, 11858364
0.20, 7.81, 12.16, 95.03, 59, 84, 11870176
0.20, 7.16, 11.95, 85.57, 60, 84, 11882000
0.20, 7.16, 12.14, 86.92, 60, 84, 11893836
0.20, 7.49, 12.65, 94.71, 60, 84, 11905656
0.20, 8.14, 12.19, 99.21, 60, 84, 11917496
0.20, 7.49, 12.16, 91.08, 60, 84, 11929316
0.20, 7.49, 12.14, 90.87, 60, 84, 11941148
0.20, 7.81, 11.92, 93.14, 60, 84, 11952976
0.20, 7.49, 12.38, 92.69, 60, 84, 11964800
0.20, 7.49, 12.11, 90.67, 60, 84, 11976656
0.20, 7.49, 12.14, 90.87, 60, 84, 11988464
0.20, 7.81, 11.87, 92.72, 60, 84, 12000296
0.20, 7.81, 11.87, 92.72, 60, 84, 12012116
0.20, 7.81, 12.16, 95.03, 60, 84, 12023948
0.20, 8.14, 12.35, 100.53, 60, 84, 12035772
0.20, 7.81, 12.19, 95.25, 60, 84, 12047604
0.20, 7.49, 12.06, 90.27, 60, 84, 12059428
0.20, 8.14, 11.95, 97.24, 60, 84, 12071252
0.20, 7.49, 11.87, 88.85, 61, 84, 12083080
0.20, 7.81, 12.14, 94.82, 61, 84, 12094908
0.20, 7.81, 11.76, 91.87, 61, 84, 12106744
0.20, 7.81, 11.89, 92.93, 61, 84, 12118584
0.21, 7.81, 12.03, 93.98, 61, 84, 12130396
0.21, 7.49, 11.79, 88.25, 61, 84, 12142220
0.21, 8.14, 12.16, 98.99, 61, 84, 12154060
0.21, 8.14, 11.95, 97.24, 61, 84, 12165880
0.21, 7.16, 11.14, 79.78, 61, 84, 12177712
0.21, 8.14, 12.11, 98.56, 61, 85, 12189536
0.21, 7.16, 11.84, 84.80, 61, 84, 12201364
0.21, 7.81, 11.95, 93.35, 61, 84, 12213204
0.21, 8.46, 12.60, 106.61, 61, 84, 12225024
0.21, 8.14, 12.03, 97.90, 61, 84, 12236876
0.21, 7.81, 12.06, 94.19, 61, 85, 12248684
0.21, 8.14, 11.89, 96.80, 61, 84, 12260520
0.21, 7.16, 11.84, 84.80, 61, 84, 12272340
0.21, 8.14, 12.19, 99.21, 62, 84, 12284176
0.21, 8.14, 12.08, 98.34, 62, 84, 12295996
0.21, 7.49, 12.46, 93.30, 62, 84, 12307824
0.21, 8.46, 12.11, 102.50, 62, 84, 12319656
0.21, 7.81, 12.03, 93.98, 62, 84, 12331484
0.21, 8.14, 11.87, 96.58, 62, 84, 12343320
0.21, 8.46, 11.81, 99.99, 62, 84, 12355140
0.21, 8.14, 11.89, 96.80, 62, 84, 12366968
0.21, 8.79, 12.68, 111.42, 62, 84, 12378792
0.21, 8.46, 11.98, 101.36, 62, 84, 12390624
0.21, 8.46, 11.81, 99.99, 62, 84, 12402444
0.22, 8.79, 12.03, 105.73, 62, 84, 12414280
0.21, 8.14, 12.06, 98.12, 62, 84, 12426100
0.21, 8.46, 11.92, 100.90, 62, 84, 12437924
0.21, 8.14, 12.19, 99.21, 62, 84, 12449760
0.22, 8.14, 11.84, 96.36, 62, 84, 12461580
0.21, 8.14, 11.89, 96.80, 62, 84, 12473416
0.21, 8.14, 12.65, 102.95, 63, 84, 12485236
0.21, 8.46, 12.35, 104.55, 63, 84, 12497092
0.21, 8.14, 11.98, 97.46, 63, 85, 12508896
0.22, 8.79, 11.76, 103.36, 63, 84, 12520732
0.22, 8.79, 11.89, 104.54, 63, 84, 12532552
0.22, 7.81, 12.25, 95.67, 63, 84, 12544384
0.22, 8.46, 11.84, 100.21, 63, 84, 12556220
0.22, 8.79, 12.11, 106.44, 63, 84, 12568040
0.22, 8.79, 12.25, 107.63, 63, 84, 12579876
0.22, 8.46, 11.87, 100.44, 63, 84, 12591696
0.22, 8.79, 12.16, 106.91, 63, 84, 12603532
0.22, 9.77, 11.95, 116.69, 63, 84, 12615348
0.22, 8.79, 11.81, 103.83, 63, 84, 12627184
0.22, 8.79, 12.11, 106.44, 63, 84, 12639008
0.22, 8.79, 11.22, 98.62, 63, 84, 12650828
0.22, 8.79, 12.16, 106.91, 63, 84, 12662656
0.22, 8.79, 12.08, 106.20, 63, 84, 12674488
0.22, 8.79, 12.06, 105.97, 64, 84, 12686324
0.22, 7.16, 11.65, 83.45, 64, 84, 12698144
0.22, 8.79, 11.89, 104.54, 64, 84, 12709972
0.22, 7.81, 11.65, 91.03, 64, 84, 12721800
0.22, 8.79, 12.35, 108.57, 64, 84, 12733632
0.22, 8.79, 11.95, 105.02, 64, 84, 12745448
0.22, 8.79, 11.87, 104.31, 64, 84, 12757284
0.22, 9.11, 11.98, 109.15, 64, 84, 12769104
0.22, 9.77, 12.38, 120.90, 64, 84, 12780928
0.22, 8.79, 11.76, 103.36, 64, 84, 12792764
0.22, 8.79, 12.22, 107.39, 64, 84, 12804584
0.23, 9.11, 12.14, 110.63, 64, 84, 12816416
0.22, 8.79, 11.84, 104.07, 64, 84, 12828240
0.22, 9.11, 12.06, 109.89, 64, 84, 12840072
0.23, 9.44, 11.71, 110.51, 64, 84, 12851892
0.22, 9.11, 12.00, 109.40, 64, 84, 12863732
0.22, 8.79, 11.92, 104.78, 64, 84, 12875552
0.23, 8.46, 11.63, 98.39, 65, 84, 12887384
0.23, 9.11, 11.98, 109.15, 65, 84, 12899212
0.22, 8.79, 11.71, 102.88, 65, 84, 12911040
0.22, 9.11, 11.81, 107.68, 65, 84, 12922872
0.23, 9.11, 12.14, 110.63, 65, 84, 12934696
0.23, 9.44, 12.06, 113.82, 65, 84, 12946532
0.23, 8.79, 12.30, 108.10, 65, 84, 12958356
0.23, 9.11, 11.98, 109.15, 65, 84, 12970188
0.23, 9.44, 11.87, 112.03, 65, 84, 12982012
0.23, 10.09, 12.33, 124.39, 65, 84, 12993844
0.23, 9.44, 12.33, 116.36, 65, 84, 13005668
0.23, 9.44, 12.14, 114.58, 65, 84, 13017500
0.23, 9.44, 12.08, 114.07, 65, 84, 13029332
0.23, 8.14, 11.49, 93.51, 65, 84, 13041156
0.23, 9.11, 12.19, 111.12, 65, 84, 13052988
0.23, 9.44, 11.84, 111.78, 65, 84, 13064812
0.23, 9.11, 11.81, 107.68, 65, 84, 13076644
0.23, 9.77, 12.30, 120.11, 66, 84, 13088464
0.23, 9.44, 12.16, 114.83, 66, 84, 13100296
0.23, 9.44, 11.76, 111.01, 66, 84, 13112120
0.23, 9.44, 11.30, 106.69, 66, 84, 13123948
0.23, 9.77, 11.95, 116.69, 66, 84, 13135776
0.23, 9.77, 12.08, 118.00, 66, 84, 13147608
0.23, 9.77, 11.92, 116.42, 66, 84, 13159440
0.23, 9.44, 12.03, 113.56, 66, 84, 13171260
0.24, 9.44, 12.03, 113.56, 66, 84, 13183100
0.23, 9.11, 11.41, 103.99, 66, 84, 13194924
0.24, 9.77, 11.81, 115.37, 66, 84, 13206756
0.23, 9.77, 11.81, 115.37, 66, 84, 13218600
0.23, 8.46, 12.35, 104.55, 66, 84, 13230416
0.23, 9.77, 11.92, 116.42, 66, 84, 13242240
0.23, 9.77, 11.89, 116.16, 66, 84, 13254064
0.24, 9.77, 11.89, 116.16, 66, 84, 13265896
0.23, 9.44, 12.00, 113.31, 66, 84, 13277720
0.23, 9.77, 12.06, 117.74, 67, 84, 13289552
0.24, 11.07, 11.46, 126.87, 67, 84, 13301372
0.24, 9.77, 11.73, 114.58, 67, 84, 13313208
0.24, 10.09, 11.98, 120.85, 67, 84, 13325028
0.24, 9.77, 11.60, 113.26, 67, 84, 13336876
0.24, 10.09, 11.84, 119.49, 67, 84, 13348688
0.24, 9.11, 11.73, 106.94, 67, 84, 13360512
0.24, 9.77, 11.87, 115.90, 67, 84, 13372352
0.24, 10.09, 11.81, 119.21, 67, 84, 13384172
0.24, 10.09, 12.16, 122.75, 67, 84, 13396008
0.24, 10.09, 12.06, 121.66, 67, 85, 13407824
0.24, 10.09, 12.16, 122.75, 67, 84, 13419660
0.24, 9.77, 12.70, 124.06, 67, 84, 13431480
0.24, 10.09, 11.57, 116.77, 67, 84, 13443316
0.24, 10.09, 12.08, 121.94, 67, 84, 13455132
0.24, 11.07, 11.17, 123.59, 67, 84, 13466960
0.24, 10.09, 11.71, 118.13, 67, 84, 13478808
0.24, 10.42, 12.08, 125.87, 68, 85, 13490612
0.24, 10.09, 12.14, 122.48, 68, 84, 13502448
0.24, 10.09, 11.65, 117.58, 68, 84, 13514272
0.24, 10.09, 11.84, 119.49, 68, 84, 13526104
0.24, 9.44, 10.63, 100.32, 68, 84, 13537928
0.25, 10.42, 12.60, 131.21, 68, 84, 13549760
0.24, 10.09, 11.76, 118.67, 68, 84, 13561584
0.25, 10.74, 12.30, 132.12, 68, 84, 13573412
0.25, 10.09, 11.71, 118.13, 68, 84, 13585232
0.25, 9.44, 12.14, 114.58, 68, 84, 13597076
0.25, 10.74, 11.60, 124.59, 68, 84, 13608896
0.25, 10.42, 11.81, 123.06, 68, 84, 13620716
0.25, 10.42, 12.06, 125.59, 68, 84, 13632552
0.25, 10.42, 11.76, 122.50, 68, 84, 13644376
0.24, 10.09, 11.81, 119.21, 68, 84, 13656208
0.25, 11.39, 11.84, 134.90, 68, 84, 13668032
0.25, 10.74, 12.00, 128.93, 68, 84, 13679864
0.25, 10.42, 11.81, 123.06, 69, 84, 13691688
0.25, 10.09, 12.27, 123.84, 69, 84, 13703516
0.25, 10.74, 12.19, 130.96, 69, 84, 13715344
0.25, 10.42, 11.73, 122.22, 69, 84, 13727172
0.25, 10.74, 11.89, 127.78, 69, 84, 13739028
0.25, 10.74, 12.00, 128.93, 69, 85, 13750828
0.25, 11.07, 11.98, 132.54, 69, 84, 13762660
0.25, 12.04, 11.87, 142.94, 69, 84, 13774480
0.25, 10.42, 11.95, 124.47, 69, 84, 13786316
0.25, 11.07, 11.81, 130.75, 69, 84, 13798140
0.25, 11.39, 11.81, 134.60, 69, 84, 13809972
0.25, 10.74, 11.89, 127.78, 69, 84, 13821792
0.26, 11.72, 11.11, 130.23, 69, 84, 13833620
0.25, 10.42, 12.03, 125.31, 69, 84, 13845452
0.25, 11.07, 11.98, 132.54, 69, 84, 13857288
0.25, 10.74, 11.92, 128.07, 69, 84, 13869108
0.25, 11.07, 12.30, 136.13, 69, 84, 13880932
0.25, 11.39, 12.25, 139.51, 70, 84, 13892764
0.25, 10.42, 11.30, 117.72, 70, 84, 13904588
0.25, 11.72, 12.19, 142.87, 70, 84, 13916424
0.25, 11.07, 12.27, 135.83, 70, 84, 13928248
0.25, 11.72, 12.57, 147.29, 70, 84, 13940076
0.26, 11.07, 11.68, 129.26, 70, 84, 13951908
0.26, 11.39, 11.71, 133.37, 70, 84, 13963732
0.26, 11.07, 11.92, 131.95, 70, 84, 13975564
0.26, 11.39, 11.73, 133.68, 70, 84, 13987388
0.26, 11.39, 12.22, 139.21, 70, 84, 13999224
0.25, 12.37, 12.16, 150.47, 70, 84, 14011044
0.26, 11.39, 11.92, 135.83, 70, 84, 14022880
0.26, 11.39, 11.98, 136.44, 70, 84, 14034704
0.26, 12.04, 11.14, 134.17, 70, 84, 14046540
0.26, 11.07, 12.33, 136.42, 70, 84, 14058360
0.26, 11.39, 11.87, 135.21, 70, 84, 14070192
0.26, 11.39, 11.76, 133.98, 70, 84, 14082020
0.26, 11.39, 12.03, 137.06, 71, 84, 14093844
0.26, 11.07, 11.89, 131.65, 71, 84, 14105676
0.26, 10.74, 12.84, 137.92, 71, 84, 14117500
0.26, 11.72, 11.92, 139.71, 71, 84, 14129332
0.26, 11.72, 11.95, 140.02, 71, 84, 14141152
0.26, 11.39, 11.84, 134.90, 71, 84, 14152984
0.26, 12.04, 11.71, 140.99, 71, 84, 14164808
0.26, 12.37, 11.46, 141.80, 71, 84, 14176632
0.26, 12.04, 12.00, 144.56, 71, 84, 14188460
0.27, 12.04, 11.92, 143.59, 71, 84, 14200288
0.27, 12.04, 11.92, 143.59, 71, 84, 14212120
0.26, 12.04, 11.98, 144.24, 71, 84, 14223940
0.26, 11.72, 12.00, 140.66, 71, 84, 14235776
0.26, 11.07, 12.19, 134.93, 71, 84, 14247596
0.26, 11.72, 11.76, 137.81, 71, 84, 14259432
0.26, 12.04, 12.03, 144.89, 71, 84, 14271248
0.27, 12.37, 12.46, 154.14, 71, 84, 14283084
0.26, 11.72, 11.63, 136.23, 72, 84, 14294904
0.26, 12.04, 12.03, 144.89, 72, 84, 14306728
0.26, 11.72, 11.57, 135.60, 72, 84, 14318568
0.26, 12.04, 11.63, 140.01, 72, 84, 14330384
0.27, 12.37, 11.65, 144.13, 72, 84, 14342220
0.27, 11.39, 11.76, 133.98, 72, 84, 14354040
0.27, 12.04, 11.73, 141.31, 72, 84, 14365872
0.27, 12.37, 11.81, 146.13, 72, 84, 14377696
0.27, 12.37, 12.00, 148.47, 72, 84, 14389528
0.27, 12.04, 11.76, 141.64, 72, 84, 14401352
0.27, 12.70, 12.43, 157.86, 72, 84, 14413176
0.27, 12.37, 11.89, 147.14, 72, 84, 14425000
0.27, 10.74, 11.57, 124.30, 72, 84, 14436832
0.27, 12.37, 12.00, 148.47, 72, 84, 14448668
0.27, 12.70, 12.03, 152.72, 72, 84, 14460488
0.27, 12.37, 11.89, 147.14, 72, 84, 14472324
0.27, 12.37, 11.54, 142.80, 72, 84, 14484148
0.27, 12.70, 12.16, 154.43, 73, 84, 14495980
0.27, 12.37, 11.44, 141.46, 73, 84, 14507808
0.27, 12.04, 11.92, 143.59, 73, 84, 14519632
0.27, 12.04, 11.68, 140.66, 73, 84, 14531460
0.28, 12.70, 11.60, 147.24, 73, 84, 14543284
0.28, 12.70, 11.79, 149.64, 73, 84, 14555124
0.28, 12.37, 11.84, 146.47, 73, 84, 14566944
0.28, 12.70, 11.89, 151.01, 73, 84, 14578780
0.28, 13.67, 11.65, 159.30, 73, 84, 14590604
0.27, 12.70, 11.54, 146.56, 73, 84, 14602440
0.27, 13.02, 11.98, 155.93, 73, 84, 14614260
0.28, 13.35, 11.14, 148.67, 73, 84, 14626092
0.28, 12.70, 11.73, 148.95, 73, 84, 14637920
0.28, 13.02, 11.30, 147.15, 73, 84, 14649748
0.28, 12.70, 11.95, 151.69, 73, 84, 14661580
0.28, 12.37, 11.41, 141.13, 73, 84, 14673400
0.28, 12.70, 11.52, 146.21, 73, 84, 14685236
0.28, 13.02, 12.00, 156.28, 74, 84, 14697056
0.28, 12.70, 12.11, 153.75, 74, 84, 14708888
0.28, 13.35, 12.08, 161.27, 74, 84, 14720708
0.28, 13.02, 11.60, 151.02, 74, 84, 14732540
0.28, 13.02, 11.71, 152.42, 74, 84, 14744364
0.28, 14.00, 10.98, 153.66, 74, 84, 14756192
0.29, 13.02, 11.73, 152.77, 74, 85, 14768020
0.29, 12.70, 11.68, 148.27, 74, 84, 14779848
0.28, 12.70, 11.57, 146.90, 74, 84, 14791680
0.28, 13.35, 12.14, 161.99, 74, 84, 14803504
0.28, 13.67, 11.81, 161.52, 74, 84, 14815340
0.28, 12.70, 12.52, 158.88, 74, 84, 14827164
0.29, 13.35, 11.81, 157.67, 74, 84, 14839016
0.28, 13.02, 11.46, 149.26, 74, 84, 14850820
0.28, 13.35, 12.08, 161.27, 74, 84, 14862656
0.29, 13.35, 11.65, 155.51, 74, 84, 14874476
0.29, 13.67, 11.98, 163.73, 74, 84, 14886308
0.29, 13.67, 11.09, 151.56, 75, 84, 14898136
0.28, 12.70, 11.68, 148.27, 75, 85, 14909960
0.28, 13.02, 11.49, 149.61, 75, 84, 14921792
0.29, 13.35, 11.87, 158.39, 75, 84, 14933612
0.29, 13.67, 11.95, 163.36, 75, 84, 14945448
0.29, 14.00, 11.46, 160.45, 75, 84, 14957280
0.28, 13.35, 11.54, 154.07, 75, 84, 14969096
0.29, 14.00, 12.14, 169.89, 75, 84, 14980924
0.30, 14.00, 12.38, 173.29, 75, 84, 14992752
0.29, 13.35, 11.44, 152.63, 75, 84, 15004576
0.29, 13.67, 12.08, 165.20, 75, 84, 15016404
0.29, 13.35, 11.73, 156.59, 75, 84, 15028236
0.29, 14.32, 12.14, 173.84, 75, 84, 15040060
0.29, 13.67, 11.81, 161.52, 75, 84, 15051892
0.29, 13.35, 12.49, 166.67, 75, 84, 15063712
0.29, 13.67, 11.73, 160.41, 75, 84, 15075548
0.30, 14.00, 11.87, 166.12, 75, 84, 15087372
0.29, 14.00, 11.73, 164.23, 76, 84, 15099220
0.29, 14.32, 12.06, 172.69, 76, 85, 15111024
0.29, 14.32, 11.25, 161.10, 76, 84, 15122852
0.29, 13.67, 11.65, 159.30, 76, 84, 15134684
0.29, 13.67, 11.41, 155.99, 76, 84, 15146508
0.30, 13.67, 10.65, 145.66, 76, 84, 15158340
0.30, 14.65, 11.98, 175.42, 76, 84, 15170164
0.30, 13.67, 11.71, 160.04, 76, 84, 15181996
0.30, 14.32, 11.92, 170.75, 76, 84, 15193816
0.30, 14.00, 12.11, 169.52, 76, 84, 15205652
0.30, 14.32, 11.49, 164.57, 76, 84, 15217484
0.30, 13.02, 11.65, 151.72, 76, 84, 15229300
0.30, 14.32, 11.46, 164.19, 76, 84, 15241128
0.30, 14.00, 11.68, 163.47, 76, 84, 15252956
0.30, 14.00, 11.87, 166.12, 76, 84, 15264784
0.30, 15.30, 10.76, 164.65, 76, 84, 15276608
0.30, 14.65, 11.73, 171.87, 76, 84, 15288440
0.30, 15.30, 11.63, 177.86, 77, 84, 15300260
0.30, 14.97, 11.89, 178.11, 77, 84, 15312096
0.30, 14.32, 11.63, 166.50, 77, 84, 15323920
0.30, 13.35, 12.41, 165.59, 77, 84, 15335756
0.30, 14.65, 11.41, 167.13, 77, 84, 15347576
0.30, 14.65, 11.33, 165.94, 77, 84, 15359420
0.30, 14.97, 11.63, 174.07, 77, 84, 15371240
0.30, 14.32, 11.41, 163.41, 77, 84, 15383060
0.30, 14.32, 11.33, 162.25, 77, 84, 15394900
0.31, 14.97, 11.41, 170.84, 77, 84, 15406720
0.31, 14.00, 11.98, 167.63, 77, 84, 15418552
0.30, 14.97, 12.19, 182.55, 77, 84, 15430376
0.31, 14.97, 12.00, 179.73, 77, 84, 15442212
0.31, 14.97, 11.44, 171.25, 77, 84, 15454032
0.31, 15.30, 11.92, 182.40, 77, 84, 15465860
0.31, 14.32, 11.87, 169.98, 77, 84, 15477692
0.31, 14.65, 12.14, 177.80, 77, 84, 15489516
0.31, 14.65, 11.57, 169.50, 78, 84, 15501352
0.31, 15.30, 11.95, 182.81, 78, 84, 15513172
0.31, 14.97, 11.46, 171.65, 78, 84, 15525012
0.31, 15.30, 11.41, 174.56, 78, 84, 15536832
0.31, 14.97, 11.79, 176.50, 78, 84, 15548664
0.31, 15.63, 11.87, 185.43, 78, 84, 15560488
0.31, 15.63, 11.98, 187.12, 78, 84, 15572316
0.31, 15.30, 11.57, 177.03, 78, 84, 15584144
0.32, 15.63, 12.00, 187.54, 78, 84, 15595976
0.32, 15.63, 12.00, 187.54, 78, 84, 15607812
0.32, 15.30, 11.25, 172.08, 78, 84, 15619636
0.32, 15.63, 11.65, 182.06, 78, 84, 15631468
0.32, 14.65, 11.73, 171.87, 78, 84, 15643288
0.32, 15.63, 11.52, 179.96, 78, 84, 15655120
0.32, 14.65, 11.54, 169.10, 78, 84, 15666944
0.32, 14.65, 10.52, 154.09, 78, 84, 15678776
0.32, 15.30, 11.63, 177.86, 78, 85, 15690604
0.32, 15.63, 11.76, 183.75, 79, 84, 15702428
0.32, 15.30, 11.17, 170.84, 79, 84, 15714260
0.32, 16.28, 12.52, 203.70, 79, 84, 15726080
0.32, 15.63, 12.25, 191.33, 79, 84, 15737916
0.32, 15.95, 11.49, 183.27, 79, 84, 15749736
0.33, 16.60, 11.92, 197.92, 79, 84, 15761572
0.33, 15.63, 11.95, 186.70, 79, 84, 15773392
0.32, 15.63, 11.38, 177.85, 79, 84, 15785224
0.32, 14.97, 12.54, 187.80, 79, 84, 15797044
0.32, 15.95, 10.73, 171.23, 79, 84, 15808868
0.32, 16.28, 11.54, 187.89, 79, 84, 15820696
0.33, 15.30, 11.17, 170.84, 79, 84, 15832524
0.33, 15.95, 11.87, 189.30, 79, 84, 15844360
0.33, 15.30, 11.52, 176.21, 79, 84, 15856176
0.32, 16.28, 11.87, 193.16, 79, 84, 15868012
0.33, 16.60, 11.17, 185.38, 79, 84, 15879836
0.32, 15.30, 11.38, 174.14, 79, 84, 15891668
0.33, 16.60, 11.87, 197.02, 80, 84, 15903488
0.33, 16.28, 11.17, 181.75, 80, 84, 15915320
0.33, 15.95, 11.33, 180.69, 80, 84, 15927140
0.33, 16.60, 11.87, 197.02, 80, 84, 15938972
0.33, 16.60, 11.89, 197.47, 80, 84, 15950804
0.34, 16.93, 12.11, 205.00, 80, 84, 15962628
0.34, 16.93, 11.79, 199.52, 80, 84, 15974456
0.33, 16.28, 11.33, 184.38, 80, 84, 15986280
0.34, 16.93, 11.36, 192.21, 80, 84, 15998116
0.34, 15.95, 11.76, 187.58, 80, 84, 16009936
0.34, 16.60, 11.14, 184.93, 80, 84, 16021768
0.33, 16.28, 11.41, 185.70, 80, 84, 16033592
0.33, 16.93, 10.95, 185.36, 80, 84, 16045416
0.33, 15.63, 11.57, 180.80, 80, 84, 16057240
0.33, 16.60, 11.92, 197.92, 80, 84, 16069072
0.33, 16.28, 11.92, 194.04, 80, 84, 16080904
0.34, 16.60, 11.03, 183.14, 80, 84, 16092724
0.33, 16.60, 11.79, 195.68, 81, 84, 16104556
0.33, 17.25, 11.73, 202.42, 81, 84, 16116384
0.34, 16.93, 11.79, 199.52, 81, 84, 16128216
0.34, 17.25, 11.60, 200.10, 81, 84, 16140040
0.34, 15.95, 11.49, 183.27, 81, 84, 16151876
0.34, 16.93, 11.33, 191.76, 81, 84, 16163700
0.34, 17.25, 11.98, 206.61, 81, 84, 16175528
0.34, 16.93, 11.68, 197.69, 81, 84, 16187360
0.34, 16.93, 11.46, 194.04, 81, 84, 16199204
0.34, 17.25, 12.06, 208.01, 81, 84, 16211020
0.34, 16.60, 11.27, 187.17, 81, 84, 16222844
0.34, 16.93, 11.25, 190.39, 81, 84, 16234676
0.34, 16.93, 11.19, 189.47, 81, 84, 16246500
0.34, 17.25, 11.44, 197.30, 81, 84, 16258336
0.34, 17.25, 11.68, 201.49, 81, 84, 16270156
0.34, 17.58, 11.25, 197.71, 81, 84, 16281980
0.34, 17.25, 11.98, 206.61, 81, 84, 16293808
0.34, 16.93, 11.14, 188.56, 82, 84, 16305636
0.34, 16.93, 11.81, 199.97, 82, 84, 16317488
0.34, 17.25, 11.52, 198.70, 82, 85, 16329292
0.34, 17.90, 11.84, 211.99, 82, 84, 16341128
0.35, 18.55, 11.14, 206.69, 82, 84, 16352948
0.35, 16.93, 11.49, 194.49, 82, 84, 16364780
0.35, 17.58, 11.06, 194.39, 82, 84, 16376604
0.35, 16.28, 12.00, 195.36, 82, 84, 16388436
0.35, 17.25, 12.16, 209.87, 82, 84, 16400264
0.35, 17.90, 12.08, 216.34, 82, 84, 16412092
0.35, 17.25, 11.36, 195.91, 82, 84, 16423928
0.35, 17.58, 11.73, 206.24, 82, 84, 16435748
0.35, 17.25, 11.65, 201.03, 82, 84, 16447588
0.35, 16.93, 12.38, 209.56, 82, 84, 16459428
0.36, 17.58, 11.17, 196.29, 82, 84, 16471244
0.35, 17.58, 11.65, 204.82, 82, 84, 16483068
0.35, 16.60, 11.98, 198.81, 82, 84, 16494904
0.35, 17.25, 11.44, 197.30, 83, 84, 16506724
0.35, 18.55, 11.09, 205.69, 83, 84, 16518552
0.35, 17.90, 11.84, 211.99, 83, 84, 16530388
0.36, 18.55, 11.63, 215.70, 83, 84, 16542212
0.35, 18.23, 11.33, 206.51, 83, 84, 16554048
0.35, 17.58, 11.19, 196.76, 83, 84, 16565872
0.35, 19.21, 12.11, 232.59, 83, 84, 16577724
0.36, 18.55, 11.89, 220.70, 83, 84, 16589532
0.36, 18.23, 11.17, 203.56, 83, 84, 16601364
0.36, 17.58, 11.19, 196.76, 83, 84, 16613192
0.36, 18.23, 11.79, 214.86, 83, 84, 16625016
0.36, 17.58, 10.60, 186.33, 83, 84, 16636848
0.36, 17.90, 11.71, 209.58, 83, 84, 16648676
0.36, 18.23, 11.46, 208.96, 83, 84, 16660508
0.36, 18.55, 11.44, 212.20, 83, 84, 16672332
0.36, 18.55, 11.81, 219.20, 83, 84, 16684168
0.36, 17.90, 12.52, 224.07, 83, 84, 16695992
0.35, 18.88, 11.79, 222.54, 84, 84, 16707828
0.35, 18.55, 11.17, 207.19, 84, 84, 16719664
0.36, 16.93, 11.52, 194.95, 84, 84, 16731476
0.36, 18.88, 11.44, 215.92, 84, 84, 16743304
0.36, 18.55, 11.46, 212.70, 84, 84, 16755128
0.36, 19.53, 11.84, 231.27, 84, 84, 16766960
0.36, 17.58, 11.89, 209.09, 84, 84, 16778784
0.37, 19.21, 11.76, 225.86, 84, 84, 16790616
0.37, 18.88, 11.27, 212.86, 84, 84, 16802440
0.37, 19.21, 12.30, 236.22, 84, 84, 16814272
0.37, 19.21, 11.41, 219.12, 84, 84, 16826096
0.37, 18.55, 11.76, 218.20, 84, 84, 16837932
0.37, 19.21, 11.36, 218.09, 84, 84, 16849756
0.37, 18.88, 12.33, 232.72, 84, 84, 16861584
0.37, 18.55, 11.68, 216.70, 84, 84, 16873420
0.37, 18.88, 10.87, 205.22, 84, 84, 16885236
0.37, 18.55, 11.79, 218.70, 84, 84, 16897072
0.37, 18.88, 11.57, 218.46, 85, 84, 16908892
0.37, 18.55, 11.46, 212.70, 85, 84, 16920724
0.37, 19.21, 11.73, 225.34, 85, 84, 16932548
0.37, 18.88, 11.25, 212.35, 85, 84, 16944384
0.37, 19.21, 11.71, 224.82, 85, 84, 16956200
0.37, 19.86, 11.46, 227.62, 85, 84, 16968028
0.37, 19.21, 11.71, 224.82, 85, 84, 16979860
0.38, 19.53, 11.06, 215.99, 85, 84, 16991684
0.38, 18.88, 11.68, 220.50, 85, 84, 17003520
0.38, 19.86, 11.84, 235.12, 85, 84, 17015340
0.37, 19.21, 11.27, 216.53, 85, 84, 17027172
0.37, 19.21, 11.54, 221.71, 85, 84, 17038996
0.38, 19.53, 12.19, 238.11, 85, 84, 17050828
0.38, 19.86, 11.54, 229.23, 85, 84, 17062652
0.38, 19.86, 11.11, 220.66, 85, 84, 17074484
0.38, 19.21, 12.03, 231.04, 85, 84, 17086308
0.37, 19.53, 11.79, 230.21, 85, 84, 17098140
0.37, 19.86, 11.36, 225.48, 86, 84, 17109976
0.38, 18.88, 11.33, 213.88, 86, 84, 17121796
0.38, 20.18, 12.11, 244.42, 86, 84, 17133632
0.38, 20.51, 11.54, 236.74, 86, 84, 17145456
0.38, 20.18, 11.33, 228.63, 86, 84, 17157292
0.38, 20.51, 11.60, 237.85, 86, 85, 17169112
0.38, 19.53, 11.46, 223.89, 86, 84, 17180948
0.38, 20.51, 10.87, 222.92, 86, 84, 17192772
0.39, 19.86, 12.00, 238.33, 86, 84, 17204600
0.38, 20.18, 11.60, 234.07, 86, 84, 17216432
0.38, 20.83, 11.71, 243.87, 86, 84, 17228260
0.38, 20.18, 11.71, 236.25, 86, 84, 17240096
0.39, 19.86, 11.65, 231.37, 86, 84, 17251916
0.39, 19.86, 11.19, 222.27, 86, 84, 17263752
0.39, 19.53, 11.30, 220.73, 86, 84, 17275576
0.38, 20.18, 11.25, 227.00, 86, 84, 17287404
0.39, 20.18, 11.57, 233.53, 86, 84, 17299228
0.39, 19.21, 11.25, 216.01, 87, 84, 17311056
0.39, 19.53, 11.57, 226.00, 87, 84, 17322880
0.39, 19.86, 11.14, 221.19, 87, 84, 17334712
0.39, 21.16, 11.41, 241.41, 87, 84, 17346548
0.39, 20.83, 11.44, 238.25, 87, 84, 17358368
0.39, 20.51, 11.63, 238.40, 87, 84, 17370204
0.39, 20.83, 11.36, 236.57, 87, 84, 17382028
0.39, 20.83, 11.92, 248.37, 87, 84, 17393864
0.39, 21.16, 11.71, 247.68, 87, 84, 17405684
0.39, 20.51, 11.54, 236.74, 87, 84, 17417520
0.39, 20.83, 12.00, 250.05, 87, 84, 17429344
0.39, 20.18, 11.33, 228.63, 87, 84, 17441172
0.39, 21.16, 11.14, 235.70, 87, 84, 17453008
0.39, 21.48, 11.46, 246.28, 87, 84, 17464832
0.39, 21.16, 11.81, 249.97, 87, 84, 17476668
0.40, 21.16, 11.14, 235.70, 87, 85, 17488492
0.39, 21.16, 11.38, 240.84, 87, 84, 17500324
0.39, 20.51, 11.03, 226.23, 88, 84, 17512148
0.39, 21.48, 11.76, 252.65, 88, 84, 17523984
0.39, 21.48, 11.65, 250.34, 88, 84, 17535808
0.39, 21.16, 11.89, 251.68, 88, 84, 17547636
0.39, 21.16, 11.33, 239.69, 88, 84, 17559468
0.40, 21.16, 10.95, 231.70, 88, 84, 17571296
0.40, 21.16, 11.25, 237.98, 88, 84, 17583132
0.40, 20.83, 11.60, 241.63, 88, 84, 17594956
0.39, 21.48, 11.81, 253.81, 88, 84, 17606788
0.40, 20.51, 12.14, 248.91, 88, 84, 17618608
0.39, 21.16, 11.49, 243.12, 88, 84, 17630444
0.40, 21.81, 11.38, 248.25, 88, 84, 17642260
0.40, 20.83, 11.36, 236.57, 88, 84, 17654092
0.40, 20.83, 11.17, 232.64, 88, 84, 17665920
0.40, 21.16, 11.95, 252.82, 88, 84, 17677764
0.40, 21.48, 12.27, 263.66, 88, 84, 17689588
0.40, 22.14, 11.71, 259.12, 88, 84, 17701408
0.40, 21.16, 11.09, 234.56, 89, 84, 17713244
0.40, 21.48, 11.27, 242.22, 89, 84, 17725064
0.40, 21.81, 12.19, 265.89, 89, 84, 17736900
0.40, 21.81, 10.98, 239.42, 89, 84, 17748724
0.40, 22.79, 10.90, 248.30, 89, 84, 17760560
0.40, 21.48, 11.19, 240.48, 89, 84, 17772384
0.41, 21.16, 11.44, 241.98, 89, 84, 17784212
0.41, 21.48, 11.49, 246.86, 89, 84, 17796048
0.41, 22.14, 11.33, 250.76, 89, 84, 17807868
0.40, 21.48, 11.30, 242.80, 89, 84, 17819724
0.40, 21.48, 11.30, 242.80, 89, 84, 17831528
0.40, 21.81, 11.44, 249.42, 89, 84, 17843364
0.40, 22.46, 10.95, 245.96, 89, 84, 17855184
0.40, 22.46, 11.57, 259.90, 89, 84, 17867020
0.41, 21.81, 11.71, 255.31, 89, 84, 17878844
0.41, 23.11, 10.92, 252.47, 89, 84, 17890672
0.41, 22.46, 11.30, 253.84, 89, 84, 17902504
0.41, 21.48, 11.52, 247.44, 90, 84, 17914336
0.41, 22.14, 11.71, 259.12, 90, 84, 17926168
0.41, 22.14, 11.27, 249.56, 90, 84, 17938008
0.41, 22.79, 12.35, 281.49, 90, 84, 17949828
0.41, 22.46, 12.03, 270.20, 90, 84, 17961644
0.41, 22.14, 11.41, 252.55, 90, 84, 17973480
0.42, 22.14, 11.03, 244.19, 90, 84, 17985304
0.41, 21.81, 12.16, 265.31, 90, 84, 17997136
0.41, 23.11, 11.09, 256.21, 90, 85, 18008956
0.41, 22.79, 11.54, 263.05, 90, 84, 18020784
0.41, 22.14, 11.22, 248.37, 90, 84, 18032616
0.42, 22.79, 12.62, 287.63, 90, 84, 18044440
0.42, 23.11, 11.22, 259.33, 90, 84, 18056272
0.42, 22.79, 11.36, 258.75, 90, 84, 18068092
0.42, 22.79, 12.06, 274.73, 90, 84, 18079944
0.42, 22.79, 11.09, 252.60, 90, 85, 18091748
0.41, 23.76, 11.54, 274.32, 90, 84, 18103580
0.42, 23.44, 11.19, 262.35, 91, 84, 18115400
0.41, 21.81, 11.19, 244.13, 91, 84, 18127228
0.42, 22.46, 12.30, 276.25, 91, 84, 18139056
0.42, 22.14, 11.19, 247.77, 91, 85, 18150884
0.42, 23.11, 12.00, 277.40, 91, 84, 18162720
0.42, 23.44, 11.00, 257.92, 91, 84, 18174540
0.42, 22.79, 10.68, 243.38, 91, 84, 18186376
0.42, 22.46, 11.44, 256.87, 91, 84, 18198196
0.42, 23.76, 11.03, 262.14, 91, 84, 18210032
0.42, 22.79, 11.03, 251.37, 91, 84, 18221848
0.42, 22.46, 11.38, 255.66, 91, 84, 18233680
0.42, 24.41, 11.60, 283.16, 91, 84, 18245504
0.42, 23.44, 11.41, 267.40, 91, 84, 18257328
0.43, 23.11, 10.98, 253.72, 91, 84, 18269164
0.42, 22.79, 11.44, 260.59, 91, 84, 18280988
0.42, 23.44, 11.81, 276.89, 91, 84, 18292820
0.42, 23.76, 11.54, 274.32, 91, 84, 18304636
0.42, 23.44, 11.27, 264.24, 92, 84, 18316472
0.43, 23.11, 10.82, 249.98, 92, 84, 18328292
0.43, 23.76, 11.36, 269.84, 92, 84, 18340128
0.42, 22.79, 10.98, 250.14, 92, 84, 18351952
0.42, 24.09, 10.71, 257.94, 92, 84, 18363776
0.42, 23.44, 11.25, 263.61, 92, 84, 18375612
0.42, 24.41, 11.54, 281.84, 92, 84, 18387436
0.43, 23.76, 10.95, 260.22, 92, 84, 18399272
0.43, 22.79, 10.90, 248.30, 92, 84, 18411092
0.43, 23.44, 11.44, 268.04, 92, 84, 18422924
0.43, 23.44, 12.03, 281.94, 92, 84, 18434744
0.43, 23.44, 11.11, 260.45, 92, 84, 18446576
0.43, 23.44, 11.19, 262.35, 92, 84, 18458396
0.43, 24.09, 10.98, 264.44, 92, 84, 18470228
0.43, 23.11, 11.30, 261.20, 92, 84, 18482052
0.43, 23.76, 11.22, 266.63, 92, 84, 18493880
0.42, 24.09, 10.90, 262.49, 92, 84, 18505716
0.42, 23.44, 11.44, 268.04, 93, 84, 18517536
0.43, 23.76, 10.95, 260.22, 93, 84, 18529372
0.43, 23.76, 11.68, 277.53, 93, 84, 18541192
0.42, 24.09, 11.33, 272.88, 93, 84, 18553024
0.42, 23.76, 11.41, 271.12, 93, 84, 18564848
0.43, 23.76, 11.54, 274.32, 93, 84, 18576680
0.43, 24.09, 10.79, 259.89, 93, 84, 18588500
0.42, 23.76, 11.76, 279.45, 93, 84, 18600328
0.43, 23.44, 11.27, 264.24, 93, 84, 18612160
0.43, 24.09, 11.46, 276.13, 93, 84, 18623984
0.43, 23.76, 11.71, 278.17, 93, 84, 18635816
0.43, 24.74, 11.63, 287.60, 93, 84, 18647640
0.43, 25.39, 11.54, 293.11, 93, 84, 18659472
0.44, 24.41, 11.14, 271.96, 93, 84, 18671296
0.43, 23.76, 11.19, 265.99, 93, 84, 18683132
0.43, 24.09, 11.44, 275.48, 93, 84, 18694956
0.43, 25.07, 11.30, 283.27, 93, 84, 18706788
0.43, 25.07, 11.95, 299.49, 94, 84, 18718616
0.43, 24.41, 12.00, 293.03, 94, 84, 18730444
0.43, 24.09, 11.95, 287.83, 94, 84, 18742280
0.43, 24.09, 11.49, 276.78, 94, 84, 18754100
0.43, 24.41, 11.36, 277.23, 94, 84, 18765936
0.43, 24.41, 11.73, 286.45, 94, 84, 18777760
0.44, 24.74, 11.33, 280.26, 94, 84, 18789592
0.44, 24.41, 10.95, 267.35, 94, 84, 18801416
0.43, 25.39, 10.47, 265.72, 94, 84, 18813252
0.44, 24.09, 11.22, 270.28, 94, 84, 18825068
0.44, 24.41, 11.30, 275.91, 94, 84, 18836900
0.44, 24.74, 10.90, 269.58, 94, 84, 18848732
0.43, 24.41, 11.44, 279.20, 94, 84, 18860552
0.43, 25.39, 11.87, 301.33, 94, 84, 18872384
0.43, 25.07, 11.84, 296.79, 94, 84, 18884208
0.43, 23.76, 11.14, 264.71, 94, 84, 18896044
0.44, 24.74, 12.16, 300.94, 94, 84, 18907864
0.44, 25.07, 11.06, 277.18, 95, 84, 18919696
0.44, 24.41, 11.65, 284.47, 95, 84, 18931520
0.44, 25.72, 11.81, 303.81, 95, 84, 18943352
0.44, 24.74, 11.33, 280.26, 95, 84, 18955180
0.44, 25.07, 11.52, 288.68, 95, 84, 18967012
0.43, 24.74, 11.17, 276.25, 95, 84, 18978844
0.43, 25.07, 11.36, 284.62, 95, 85, 18990668
0.44, 24.41, 11.36, 277.23, 95, 84, 19002500
0.44, 24.74, 10.68, 264.24, 95, 84, 19014324
0.44, 25.07, 10.82, 271.10, 95, 84, 19026156
0.44, 24.74, 11.14, 275.59, 95, 84, 19037996
0.44, 25.07, 11.22, 281.24, 95, 84, 19049808
0.44, 25.39, 11.17, 283.52, 95, 84, 19061636
0.44, 24.74, 12.08, 298.94, 95, 84, 19073464
0.44, 24.74, 10.47, 258.90, 95, 84, 19085300
0.44, 24.74, 11.38, 281.59, 95, 84, 19097116
0.44, 25.72, 11.33, 291.32, 95, 84, 19108948
0.44, 25.39, 11.00, 279.41, 96, 84, 19120768
0.44, 25.07, 11.92, 298.82, 96, 84, 19132608
0.44, 25.07, 10.90, 273.13, 96, 84, 19144428
0.44, 25.07, 11.76, 294.76, 96, 84, 19156260
0.44, 25.07, 10.71, 268.40, 96, 84, 19168080
0.44, 26.04, 11.09, 288.69, 96, 84, 19179928
0.44, 25.07, 11.63, 291.38, 96, 84, 19191740
0.44, 25.39, 11.17, 283.52, 96, 84, 19203560
0.44, 26.37, 10.76, 283.76, 96, 84, 19215400
0.45, 25.72, 11.30, 290.63, 96, 84, 19227220
0.45, 26.04, 10.73, 279.56, 96, 84, 19239056
0.45, 24.74, 11.19, 276.92, 96, 84, 19250880
0.45, 25.39, 11.30, 286.95, 96, 84, 19262716
0.45, 25.39, 10.90, 276.68, 96, 84, 19274536
0.45, 25.39, 11.71, 297.22, 96, 84, 19286368
0.45, 25.72, 11.25, 289.24, 96, 84, 19298208
0.45, 25.39, 11.19, 284.21, 96, 84, 19310024
0.44, 25.39, 11.22, 284.89, 97, 84, 19321856
0.44, 24.74, 11.25, 278.26, 97, 84, 19333676
0.45, 26.69, 11.11, 296.62, 97, 84, 19345512
0.45, 27.02, 10.47, 282.75, 97, 84, 19357332
0.45, 26.04, 10.79, 280.96, 97, 84, 19369164
0.45, 25.72, 10.84, 278.84, 97, 84, 19380988
0.45, 25.72, 11.54, 296.87, 97, 84, 19392820
0.45, 26.04, 11.71, 304.84, 97, 84, 19404640
0.45, 26.69, 11.14, 297.34, 97, 84, 19416468
0.44, 25.39, 11.44, 290.37, 97, 84, 19428300
0.44, 26.37, 11.87, 312.92, 97, 84, 19440140
0.46, 26.04, 11.19, 291.50, 97, 84, 19451956
0.45, 26.37, 11.09, 292.30, 97, 84, 19463776
0.45, 26.37, 11.09, 292.30, 97, 84, 19475608
0.45, 26.04, 11.41, 297.12, 97, 84, 19487428
0.45, 26.69, 10.84, 289.42, 97, 84, 19499264
0.45, 26.04, 11.17, 290.79, 97, 84, 19511084
0.45, 26.04, 12.03, 313.27, 98, 84, 19522912
0.45, 26.37, 11.76, 310.07, 98, 84, 19534736
0.45, 25.72, 11.17, 287.16, 98, 84, 19546564
0.45, 27.02, 11.19, 302.43, 98, 84, 19558396
0.45, 26.69, 10.87, 290.14, 98, 84, 19570220
0.46, 26.69, 11.41, 304.54, 98, 84, 19582052
0.46, 26.69, 10.79, 287.98, 98, 84, 19593872
0.46, 26.69, 10.87, 290.14, 98, 84, 19605708
0.46, 27.02, 11.71, 316.27, 98, 84, 19617528
0.45, 26.04, 11.44, 297.82, 98, 84, 19629364
0.45, 26.69, 11.17, 298.06, 98, 84, 19641180
0.45, 26.37, 11.76, 310.07, 98, 84, 19653008
0.45, 26.69, 11.19, 298.78, 98, 84, 19664844
0.46, 26.69, 11.14, 297.34, 98, 84, 19676664
0.46, 27.02, 10.92, 295.14, 98, 84, 19688496
0.46, 26.37, 11.49, 302.96, 98, 84, 19700336
0.46, 26.04, 11.95, 311.16, 98, 84, 19712148
0.45, 27.02, 11.57, 312.63, 99, 84, 19723972
0.45, 27.67, 11.11, 307.48, 99, 84, 19735808
0.46, 26.69, 11.92, 318.22, 99, 84, 19747628
0.46, 26.69, 11.38, 303.82, 99, 84, 19759456
0.46, 26.69, 11.38, 303.82, 99, 84, 19771288
0.46, 27.34, 11.27, 308.28, 99, 84, 19783116
0.45, 26.69, 11.63, 310.30, 99, 84, 19794952
0.46, 27.02, 11.33, 306.07, 99, 84, 19806772
0.47, 27.02, 10.95, 295.87, 99, 84, 19818608
0.46, 27.02, 11.00, 297.33, 99, 84, 19830432
0.46, 27.34, 11.06, 302.38, 99, 84, 19842268
0.47, 27.67, 10.82, 299.27, 99, 84, 19854092
0.46, 27.34, 10.84, 296.48, 99, 84, 19865928
0.46, 27.67, 11.19, 309.71, 99, 84, 19877748
0.47, 27.34, 11.11, 303.86, 99, 84, 19889576
0.46, 27.67, 11.14, 308.22, 99, 84, 19901412
0.46, 27.34, 10.95, 299.43, 99, 84, 19913232
0.47, 27.02, 11.30, 305.34, 100, 84, 19925072
0.46, 27.99, 11.00, 308.07, 100, 84, 19936892
0.46, 27.99, 11.09, 310.34, 100, 84, 19948732
0.46, 28.32, 11.14, 315.47, 100, 84, 19960552
0.47, 27.99, 10.92, 305.81, 100, 84, 19972388
0.46, 28.32, 10.90, 308.60, 100, 84, 19984212
0.47, 27.99, 11.38, 318.64, 100, 84, 19996040
0.47, 27.67, 11.19, 309.71, 100, 84, 20007876
0.47, 28.32, 11.36, 321.59, 100, 84, 20019696
0.48, 28.65, 11.54, 330.69, 100, 84, 20031532
0.48, 27.34, 10.98, 300.17, 100, 84, 20043356
0.47, 28.32, 11.46, 324.64, 100, 84, 20055188
0.47, 27.99, 11.17, 312.60, 100, 84, 20067008
0.46, 28.65, 11.36, 325.28, 100, 84, 20078840
0.47, 28.65, 11.06, 316.78, 100, 84, 20090664
0.47, 27.67, 11.49, 317.92, 100, 84, 20102492
0.47, 27.67, 11.27, 311.95, 100, 84, 20114316
0.47, 28.32, 11.17, 316.24, 100, 84, 20126144
0.48, 28.32, 11.33, 320.82, 100, 84, 20137984
0.48, 28.32, 11.14, 315.47, 100, 84, 20149804
0.47, 27.67, 11.14, 308.22, 100, 84, 20161636
0.47, 27.99, 11.25, 314.87, 100, 84, 20173456
0.47, 27.99, 11.60, 324.68, 100, 84, 20185288
0.47, 27.67, 11.30, 312.70, 100, 84, 20197112
0.47, 28.97, 11.68, 338.36, 100, 84, 20208944
0.47, 27.99, 11.60, 324.68, 100, 84, 20220768
0.47, 28.65, 11.03, 316.01, 100, 84, 20232592
0.47, 28.65, 10.47, 299.78, 100, 84, 20244424
0.47, 28.32, 11.19, 317.00, 100, 84, 20256248
0.47, 28.65, 11.30, 323.74, 100, 84, 20268080
0.47, 27.99, 11.27, 315.62, 100, 84, 20279904
0.47, 27.67, 11.11, 307.48, 100, 84, 20291736
0.48, 28.32, 11.06, 313.18, 100, 84, 20303556
0.47, 27.99, 11.09, 310.34, 100, 84, 20315392
0.46, 28.65, 10.92, 312.92, 100, 84, 20327212
0.47, 28.32, 11.06, 313.18, 100, 84, 20339040
0.48, 27.67, 11.25, 311.21, 100, 85, 20350864
0.47, 28.65, 10.90, 312.15, 100, 84, 20362696
0.47, 28.65, 11.17, 319.87, 100, 84, 20374528
0.47, 27.99, 11.06, 309.58, 100, 84, 20386344
0.48, 27.99, 11.71, 327.70, 100, 84, 20398196
0.47, 28.97, 11.38, 329.76, 100, 84, 20410004
0.47, 27.99, 11.03, 308.83, 100, 84, 20421836
0.47, 28.32, 10.84, 307.07, 100, 84, 20433656
0.47, 28.32, 11.36, 321.59, 100, 84, 20445492
0.46, 27.99, 11.27, 315.62, 100, 84, 20457316
0.47, 28.97, 10.73, 311.01, 100, 84, 20469144
0.47, 28.97, 11.44, 331.32, 100, 84, 20480976
0.47, 27.99, 11.38, 318.64, 100, 84, 20492800
0.47, 29.30, 10.84, 317.66, 100, 84, 20504640
0.48, 29.30, 10.87, 318.45, 100, 84, 20516460
0.47, 28.65, 10.92, 312.92, 100, 84, 20528296
0.47, 28.32, 11.89, 336.86, 100, 84, 20540120
0.46, 28.32, 11.17, 316.24, 100, 84, 20551956
0.46, 28.97, 10.95, 317.26, 100, 84, 20563772
0.47, 28.97, 11.30, 327.42, 100, 84, 20575604
0.47, 27.67, 11.00, 304.49, 100, 84, 20587428
0.47, 27.67, 11.19, 309.71, 100, 84, 20599260
0.47, 28.32, 10.84, 307.07, 100, 84, 20611088
0.47, 27.67, 11.09, 306.73, 100, 84, 20622908
0.47, 27.67, 10.71, 296.28, 100, 84, 20634744
0.47, 28.32, 11.36, 321.59, 100, 84, 20646568
0.47, 29.30, 10.95, 320.82, 100, 84, 20658416
0.47, 28.65, 11.09, 317.56, 100, 84, 20670220
0.46, 28.32, 11.65, 329.99, 100, 84, 20682056
0.47, 27.67, 11.38, 314.94, 100, 84, 20693876
0.47, 28.32, 10.79, 305.54, 100, 84, 20705708
0.46, 28.32, 11.17, 316.24, 100, 84, 20717544
0.47, 27.99, 11.44, 320.15, 100, 84, 20729364
0.47, 27.99, 11.52, 322.42, 100, 84, 20741204
0.47, 28.32, 11.09, 313.95, 100, 84, 20753024
0.47, 28.32, 10.98, 310.89, 100, 84, 20764860
0.47, 27.99, 11.30, 316.38, 100, 84, 20776684
0.47, 28.97, 11.09, 321.16, 100, 84, 20788520
0.47, 27.67, 11.79, 326.13, 100, 84, 20800360
0.47, 28.65, 11.81, 338.42, 100, 84, 20812168
0.47, 28.65, 11.22, 321.42, 100, 84, 20824008
0.47, 27.99, 11.03, 308.83, 100, 84, 20835832
0.47, 27.99, 11.36, 317.89, 100, 84, 20847664
0.47, 28.65, 10.82, 309.83, 100, 84, 20859488
0.47, 27.67, 10.98, 303.74, 100, 84, 20871324
0.47, 28.32, 11.30, 320.06, 100, 84, 20883144
0.46, 27.67, 10.90, 301.51, 100, 84, 20894976
0.47, 28.65, 11.03, 316.01, 100, 84, 20906800
0.47, 28.32, 11.52, 326.17, 100, 84, 20918640
STOP
0.48, 28.32, 10.84, 307.07, 0, 84, 20930456
0.48, 31.58, 11.92, 376.43, 0, 84, 20942284
0.47, 25.07, 11.27, 282.59, 0, 84, 20954116
0.41, 21.81, 11.19, 244.13, 0, 84, 20965936
0.26, 19.86, 12.43, 246.90, 0, 84, 20977772
0.14, 17.90, 12.22, 218.75, 0, 84, 20989588
0.06, 16.28, 12.25, 199.31, 0, 84, 21001424
0.03, 14.32, 12.16, 174.23, 0, 84, 21013248
0.00, 13.02, 12.19, 158.74, 0, 84, 21025080
-0.01, 11.72, 12.16, 142.55, 0, 84, 21036900
-0.02, 10.42, 12.16, 126.71, 0, 84, 21048728
-0.02, 9.44, 12.16, 114.83, 0, 84, 21060560
-0.02, 8.79, 12.16, 106.91, 0, 84, 21072384
-0.02, 7.81, 12.19, 95.25, 0, 84, 21084216
-0.01, 7.16, 12.19, 87.31, 0, 84, 21096036
-0.01, 6.51, 12.19, 79.37, 0, 84, 21107876
-0.01, 5.86, 12.19, 71.43, 0, 84, 21119696
-0.01, 5.21, 12.19, 63.50, 0, 84, 21131532
-0.01, 4.88, 12.19, 59.53, 0, 84, 21143356
-0.02, 4.23, 12.19, 51.59, 0, 84, 21155184
-0.02, 3.91, 12.19, 47.62, 0, 84, 21167016
-0.02, 3.58, 12.19, 43.65, 0, 84, 21178844
-0.02, 3.26, 12.19, 39.69, 0, 84, 21190676
-0.02, 2.93, 12.19, 35.72, 0, 84, 21202504
-0.02, 2.60, 12.19, 31.75, 0, 84, 21214336
-0.02, 2.60, 12.19, 31.75, 0, 84, 21226164
-0.02, 2.28, 12.19, 27.78, 0, 84, 21237996
-0.01, 1.95, 12.19, 23.81, 0, 84, 21249820
-0.02, 1.95, 12.19, 23.81, 0, 84, 21261648
-0.02, 1.63, 12.19, 19.84, 0, 84, 21273476
-0.02, 1.63, 12.19, 19.84, 0, 84, 21285308
-0.02, 1.30, 12.19, 15.87, 0, 84, 21297136
-0.02, 1.30, 12.19, 15.87, 0, 84, 21308960
-0.02, 0.98, 12.19, 11.91, 0, 84, 21320792
-0.02, 0.98, 12.19, 11.91, 0, 84, 21332612
-0.02, 0.98, 12.19, 11.91, 0, 84, 21344448
-0.02, 0.98, 12.19, 11.91, 0, 84, 21356268
-0.02, 0.65, 12.19, 7.94, 0, 84, 21368104
-0.02, 0.65, 12.19, 7.94, 0, 84, 21379924
-0.02, 0.65, 12.19, 7.94, 0, 84, 21391752
-0.02, 0.65, 12.19, 7.94, 0, 84, 21403584
