START
0.00, -0.33, 12.49, -4.07, 1, 19, 512
0.00, -0.00, 12.49, -0.00, 1, 122, 8716
0.00, -0.00, 12.49, -0.00, 1, 84, 20548
0.00, -0.00, 12.49, -0.00, 1, 84, 32380
0.00, -0.00, 12.49, -0.00, 1, 84, 44196
0.00, -0.00, 12.49, -0.00, 1, 84, 56016
0.00, -0.00, 12.49, -0.00, 1, 84, 67848
-0.00, -0.00, 12.49, -0.00, 1, 84, 79668
0.00, -0.00, 12.49, -0.00, 1, 84, 91496
0.00, -0.00, 12.49, -0.00, 1, 85, 103320
0.00, -0.00, 12.49, -0.00, 1, 84, 115144
0.00, -0.00, 12.49, -0.00, 1, 84, 126976
0.00, -0.00, 12.46, -0.00, 1, 84, 138796
0.00, -0.00, 12.49, -0.00, 1, 84, 150624
0.00, -0.00, 12.49, -0.00, 1, 84, 162444
0.00, -0.00, 12.46, -0.00, 1, 84, 174276
0.00, -0.00, 12.46, -0.00, 1, 84, 186096
0.00, -0.00, 12.49, -0.00, 1, 84, 197928
0.00, -0.00, 12.46, -0.00, 1, 84, 209748
0.00, -0.00, 12.43, -0.00, 2, 84, 221572
0.00, -0.00, 12.49, -0.00, 2, 84, 233420
0.00, -0.00, 12.49, -0.00, 2, 85, 245216
0.00, -0.00, 12.46, -0.00, 2, 84, 257048
0.00, -0.00, 12.46, -0.00, 2, 84, 268864
0.00, -0.00, 12.46, -0.00, 2, 84, 280696
0.00, -0.00, 12.46, -0.00, 2, 84, 292528
0.00, -0.00, 12.46, -0.00, 2, 84, 304344
0.00, -0.00, 12.46, -0.00, 2, 84, 316160
0.00, -0.00, 12.49, -0.00, 2, 84, 327996
0.00, -0.00, 12.49, -0.00, 2, 85, 339808
0.00, -0.00, 12.49, -0.00, 2, 84, 351636
0.00, -0.00, 12.49, -0.00, 2, 84, 363464
0.00, -0.00, 12.49, -0.00, 2, 84, 375284
0.00, -0.00, 12.49, -0.00, 2, 84, 387112
0.00, -0.00, 12.49, -0.00, 2, 84, 398936
0.00, -0.00, 12.49, -0.00, 2, 84, 410764
0.00, -0.00, 12.49, -0.00, 3, 84, 422584
0.00, -0.00, 12.49, -0.00, 3, 84, 434420
0.00, -0.00, 12.46, -0.00, 3, 84, 446240
0.00, -0.00, 12.46, -0.00, 3, 84, 458060
0.00, -0.00, 12.46, -0.00, 3, 84, 469884
0.00, -0.00, 12.46, -0.00, 3, 84, 481708
0.00, -0.00, 12.49, -0.00, 3, 84, 493556
0.00, -0.00, 12.49, -0.00, 3, 85, 505360
0.00, -0.00, 12.46, -0.00, 3, 84, 517184
0.00, -0.00, 12.46, -0.00, 3, 84, 529004
0.00, -0.00, 12.46, -0.00, 3, 84, 540832
0.00, -0.00, 12.46, -0.00, 3, 84, 552648
0.00, -0.00, 12.46, -0.00, 3, 85, 564480
0.00, -0.00, 12.49, -0.00, 3, 84, 576300
0.00, -0.00, 12.49, -0.00, 3, 84, 588120
0.00, -0.00, 12.46, -0.00, 3, 84, 599948
0.00, -0.00, 12.49, -0.00, 3, 84, 611772
0.00, -0.00, 12.46, -0.00, 4, 84, 623604
0.00, -0.00, 12.46, -0.00, 4, 84, 635424
0.00, -0.00, 12.46, -0.00, 4, 84, 647256
0.00, -0.00, 12.52, -0.00, 4, 84, 659072
0.00, -0.00, 12.43, -0.00, 4, 84, 670908
0.01, -0.00, 12.49, -0.00, 4, 84, 682724
0.01, -0.00, 12.49, -0.00, 4, 84, 694560
0.01, -0.00, 12.46, -0.00, 4, 84, 706376
0.01, -0.00, 12.49, -0.00, 4, 84, 718200
0.01, -0.00, 12.49, -0.00, 4, 84, 730028
0.01, -0.00, 12.49, -0.00, 4, 84, 741852
0.01, -0.00, 12.46, -0.00, 4, 84, 753704
0.01, -0.00, 12.46, -0.00, 4, 85, 765504
0.01, -0.00, 12.46, -0.00, 4, 84, 777332
0.01, -0.00, 12.46, -0.00, 4, 84, 789152
0.01, -0.00, 12.46, -0.00, 4, 84, 800988
0.01, -0.00, 12.46, -0.00, 4, 84, 812804
0.01, -0.00, 12.49, -0.00, 5, 84, 824636
0.01, 0.33, 12.46, 4.06, 5, 84, 836456
0.01, -0.00, 12.43, -0.00, 5, 84, 848284
0.01, -0.00, 12.49, -0.00, 5, 84, 860112
0.01, -0.00, 12.43, -0.00, 5, 84, 871932
0.01, -0.00, 12.49, -0.00, 5, 84, 883760
0.01, -0.00, 12.46, -0.00, 5, 84, 895580
0.01, -0.00, 12.43, -0.00, 5, 84, 907412
0.01, -0.00, 12.49, -0.00, 5, 84, 919228
0.01, -0.00, 12.49, -0.00, 5, 84, 931060
0.01, -0.00, 12.52, -0.00, 5, 84, 942880
0.01, -0.00, 12.46, -0.00, 5, 84, 954700
0.01, 0.33, 12.43, 4.05, 5, 84, 966520
0.01, -0.00, 12.46, -0.00, 5, 84, 978348
0.01, -0.00, 12.46, -0.00, 5, 84, 990180
0.01, -0.00, 12.46, -0.00, 5, 84, 1002000
0.01, -0.00, 12.46, -0.00, 5, 84, 1013832
0.01, -0.00, 12.49, -0.00, 6, 84, 1025648
0.01, 0.33, 12.43, 4.05, 6, 84, 1037476
0.01, -0.00, 12.49, -0.00, 6, 84, 1049300
0.01, 0.33, 12.43, 4.05, 6, 84, 1061128
0.01, -0.00, 12.43, -0.00, 6, 84, 1072952
0.01, 0.33, 12.49, 4.07, 6, 84, 1084776
0.01, 0.33, 12.46, 4.06, 6, 84, 1096604
0.01, -0.00, 12.49, -0.00, 6, 84, 1108428
0.01, -0.00, 12.46, -0.00, 6, 84, 1120256
0.01, 0.33, 12.43, 4.05, 6, 84, 1132076
0.01, 0.33, 12.49, 4.07, 6, 84, 1143908
0.01, 0.33, 12.52, 4.07, 6, 84, 1155732
0.01, 0.33, 12.46, 4.06, 6, 84, 1167560
0.01, -0.00, 12.49, -0.00, 6, 84, 1179380
0.01, 0.33, 12.46, 4.06, 6, 84, 1191212
0.01, 0.33, 12.46, 4.06, 6, 84, 1203032
0.01, -0.00, 12.49, -0.00, 6, 84, 1214856
0.01, -0.00, 12.46, -0.00, 7, 84, 1226688
0.01, 0.33, 12.43, 4.05, 7, 84, 1238504
0.01, 0.33, 12.49, 4.07, 7, 84, 1250336
0.01, 0.33, 12.49, 4.07, 7, 84, 1262156
0.01, 0.33, 12.49, 4.07, 7, 84, 1273988
0.02, 0.33, 12.46, 4.06, 7, 84, 1285808
0.02, 0.33, 12.46, 4.06, 7, 84, 1297636
0.02, 0.33, 12.46, 4.06, 7, 84, 1309452
0.02, -0.00, 12.49, -0.00, 7, 84, 1321284
0.02, 0.33, 12.49, 4.07, 7, 84, 1333100
0.02, 0.33, 12.46, 4.06, 7, 84, 1344924
0.02, 0.33, 12.46, 4.06, 7, 84, 1356752
0.02, 0.33, 12.49, 4.07, 7, 84, 1368572
0.02, -0.00, 12.49, -0.00, 7, 84, 1380400
0.02, 0.33, 12.46, 4.06, 7, 84, 1392220
0.02, 0.33, 12.46, 4.06, 7, 84, 1404048
0.02, 0.33, 12.43, 4.05, 7, 84, 1415868
0.02, 0.33, 12.49, 4.07, 8, 84, 1427700
0.02, 0.33, 12.43, 4.05, 8, 84, 1439516
0.02, 0.33, 12.49, 4.07, 8, 84, 1451340
0.02, 0.33, 12.46, 4.06, 8, 85, 1463164
0.02, 0.33, 12.43, 4.05, 8, 84, 1474988
0.02, 0.33, 12.46, 4.06, 8, 84, 1486816
0.02, 0.33, 12.46, 4.06, 8, 84, 1498636
0.02, 0.33, 12.46, 4.06, 8, 84, 1510468
0.02, 0.33, 12.54, 4.08, 8, 84, 1522284
0.02, 0.33, 12.46, 4.06, 8, 84, 1534112
0.02, 0.33, 12.49, 4.07, 8, 84, 1545932
0.02, 0.33, 12.49, 4.07, 8, 84, 1557764
0.02, 0.33, 12.41, 4.04, 8, 84, 1569576
0.02, 0.33, 12.52, 4.07, 8, 84, 1581404
0.02, 0.33, 12.41, 4.04, 8, 84, 1593232
0.02, 0.33, 12.43, 4.05, 8, 85, 1605056
0.02, 0.33, 12.46, 4.06, 8, 84, 1616888
0.02, 0.33, 12.49, 4.07, 9, 84, 1628704
0.02, 0.33, 12.46, 4.06, 9, 84, 1640536
0.02, 0.33, 12.43, 4.05, 9, 84, 1652352
0.02, 0.33, 12.43, 4.05, 9, 84, 1664184
0.02, 0.33, 12.46, 4.06, 9, 84, 1676000
0.02, 0.33, 12.49, 4.07, 9, 84, 1687832
0.02, 0.33, 12.46, 4.06, 9, 84, 1699648
0.02, 0.33, 12.43, 4.05, 9, 84, 1711468
0.03, 0.33, 12.43, 4.05, 9, 85, 1723292
0.02, 0.65, 12.43, 8.10, 9, 84, 1735120
0.03, 0.33, 12.46, 4.06, 9, 84, 1746948
0.03, 0.33, 12.46, 4.06, 9, 84, 1758768
0.03, 0.33, 12.52, 4.07, 9, 84, 1770596
0.03, 0.33, 12.49, 4.07, 9, 84, 1782416
0.03, 0.33, 12.46, 4.06, 9, 84, 1794244
0.03, 0.33, 12.43, 4.05, 9, 84, 1806060
0.03, 0.33, 12.43, 4.05, 9, 84, 1817888
0.03, 0.33, 12.49, 4.07, 10, 84, 1829708
0.03, -0.00, 12.54, -0.00, 10, 84, 1841532
0.03, 0.33, 12.52, 4.07, 10, 84, 1853356
0.03, 0.33, 12.52, 4.07, 10, 84, 1865180
0.03, 0.33, 12.41, 4.04, 10, 84, 1877012
0.03, 0.33, 12.43, 4.05, 10, 84, 1888832
0.03, 0.33, 12.46, 4.06, 10, 84, 1900664
0.03, 0.33, 12.46, 4.06, 10, 84, 1912496
0.03, 0.33, 12.52, 4.07, 10, 84, 1924312
0.03, 0.33, 12.49, 4.07, 10, 84, 1936132
0.03, 0.33, 12.35, 4.02, 10, 84, 1947960
0.03, 0.33, 12.46, 4.06, 10, 84, 1959776
0.03, 0.33, 12.33, 4.01, 10, 84, 1971600
0.03, 0.33, 12.46, 4.06, 10, 84, 1983432
0.03, 0.33, 12.49, 4.07, 10, 84, 1995244
0.03, 0.33, 12.49, 4.07, 10, 84, 2007076
0.03, 0.33, 12.43, 4.05, 10, 84, 2018896
0.03, 0.33, 12.43, 4.05, 11, 84, 2030724
0.03, 0.33, 12.46, 4.06, 11, 84, 2042540
0.03, 0.33, 12.52, 4.07, 11, 84, 2054372
0.03, 0.33, 12.43, 4.05, 11, 84, 2066192
0.03, 0.33, 12.46, 4.06, 11, 84, 2078024
0.03, 0.33, 12.46, 4.06, 11, 84, 2089840
0.03, 0.33, 12.52, 4.07, 11, 84, 2101668
0.03, 0.33, 12.41, 4.04, 11, 84, 2113500
0.03, 0.33, 12.41, 4.04, 11, 84, 2125320
0.03, 0.65, 12.49, 8.13, 11, 84, 2137148
0.04, 0.33, 12.49, 4.07, 11, 84, 2148964
0.04, 0.33, 12.41, 4.04, 11, 84, 2160800
0.04, 0.33, 12.46, 4.06, 11, 84, 2172632
0.04, 0.33, 12.41, 4.04, 11, 84, 2184452
0.04, 0.33, 12.46, 4.06, 11, 84, 2196268
0.04, 0.33, 12.33, 4.01, 11, 84, 2208092
0.04, 0.65, 12.46, 8.11, 11, 84, 2219916
0.04, 0.33, 12.46, 4.06, 12, 84, 2231744
0.04, 0.65, 12.49, 8.13, 12, 84, 2243576
0.04, 0.65, 12.52, 8.15, 12, 84, 2255392
0.04, 0.65, 12.49, 8.13, 12, 84, 2267224
0.04, 0.65, 12.43, 8.10, 12, 84, 2279048
0.04, 0.65, 12.41, 8.08, 12, 84, 2290876
0.04, 0.65, 12.49, 8.13, 12, 84, 2302696
0.04, 0.65, 12.52, 8.15, 12, 84, 2314524
0.04, 0.65, 12.46, 8.11, 12, 84, 2326348
0.04, 0.33, 12.54, 4.08, 12, 84, 2338168
0.04, 0.65, 12.52, 8.15, 12, 84, 2349996
0.04, 0.33, 12.49, 4.07, 12, 84, 2361820
0.04, 0.65, 12.41, 8.08, 12, 84, 2373652
0.04, 0.65, 12.49, 8.13, 12, 84, 2385472
0.04, 0.65, 12.49, 8.13, 12, 84, 2397300
0.04, 0.65, 12.49, 8.13, 12, 84, 2409124
0.04, 0.33, 12.49, 4.07, 12, 84, 2420952
0.04, 0.33, 12.49, 4.07, 13, 84, 2432784
0.04, 0.33, 12.52, 4.07, 13, 84, 2444600
0.04, 0.33, 12.46, 4.06, 13, 84, 2456424
0.04, 0.65, 12.41, 8.08, 13, 84, 2468244
0.04, 0.65, 12.46, 8.11, 13, 84, 2480076
0.04, 0.65, 12.54, 8.17, 13, 84, 2491896
0.04, 0.65, 12.43, 8.10, 13, 84, 2503724
0.05, 0.65, 12.49, 8.13, 13, 84, 2515548
0.05, 0.65, 12.43, 8.10, 13, 84, 2527380
0.05, 0.65, 12.35, 8.04, 13, 84, 2539196
0.05, 0.65, 12.49, 8.13, 13, 84, 2551024
0.05, 0.65, 12.46, 8.11, 13, 84, 2562844
0.05, 0.65, 12.41, 8.08, 13, 84, 2574664
0.05, 0.65, 12.43, 8.10, 13, 84, 2586488
0.05, 0.65, 12.52, 8.15, 13, 84, 2598316
0.05, 0.33, 12.46, 4.06, 13, 84, 2610144
0.05, 0.65, 12.41, 8.08, 13, 84, 2621964
0.05, 0.65, 12.43, 8.10, 14, 84, 2633808
0.05, 0.65, 12.41, 8.08, 14, 85, 2645604
0.05, 0.65, 12.43, 8.10, 14, 84, 2657436
0.05, 0.98, 12.27, 11.98, 14, 84, 2669252
0.05, 0.65, 12.52, 8.15, 14, 84, 2681084
0.05, 0.65, 12.41, 8.08, 14, 84, 2692920
0.05, 0.33, 12.52, 4.07, 14, 84, 2704728
0.05, 0.65, 12.43, 8.10, 14, 84, 2716556
0.05, 0.65, 12.49, 8.13, 14, 84, 2728380
0.05, 0.65, 12.43, 8.10, 14, 84, 2740212
0.05, 0.98, 12.41, 12.12, 14, 84, 2752032
0.05, 0.65, 12.46, 8.11, 14, 84, 2763860
0.05, 0.65, 12.41, 8.08, 14, 84, 2775680
0.05, 0.65, 12.41, 8.08, 14, 84, 2787512
0.05, 0.65, 12.52, 8.15, 14, 84, 2799332
0.05, 0.65, 12.38, 8.06, 14, 84, 2811164
0.05, 0.65, 12.35, 8.04, 14, 84, 2822984
0.05, 0.33, 12.54, 4.08, 15, 84, 2834812
0.05, 0.65, 12.52, 8.15, 15, 84, 2846632
0.05, 0.65, 12.41, 8.08, 15, 84, 2858460
0.05, 0.65, 12.43, 8.10, 15, 84, 2870292
0.05, 0.65, 12.46, 8.11, 15, 84, 2882112
0.06, 0.65, 12.52, 8.15, 15, 84, 2893964
0.06, 0.65, 12.43, 8.10, 15, 84, 2905764
0.06, 0.65, 12.43, 8.10, 15, 84, 2917596
0.06, 0.65, 12.41, 8.08, 15, 84, 2929412
0.06, 0.98, 12.38, 12.09, 15, 84, 2941244
0.06, 0.65, 12.49, 8.13, 15, 84, 2953076
0.06, 0.65, 12.46, 8.11, 15, 84, 2964884
0.06, 0.65, 12.52, 8.15, 15, 84, 2976716
0.06, 0.98, 12.46, 12.17, 15, 84, 2988532
0.06, 0.98, 12.52, 12.22, 15, 84, 3000360
0.06, 0.65, 12.52, 8.15, 15, 84, 3012176
0.06, 0.65, 12.52, 8.15, 15, 84, 3024008
0.06, 0.33, 12.46, 4.06, 16, 84, 3035824
0.06, 0.65, 12.54, 8.17, 16, 84, 3047656
0.06, 0.65, 12.41, 8.08, 16, 84, 3059476
0.06, 0.65, 12.60, 8.20, 16, 84, 3071304
0.06, 0.65, 12.38, 8.06, 16, 84, 3083120
0.06, 0.65, 12.35, 8.04, 16, 84, 3094944
0.06, 0.65, 12.46, 8.11, 16, 84, 3106776
0.06, 0.65, 12.52, 8.15, 16, 84, 3118588
0.06, 0.98, 12.41, 12.12, 16, 84, 3130420
0.06, 0.65, 12.35, 8.04, 16, 84, 3142240
0.07, 0.98, 12.52, 12.22, 16, 84, 3154084
0.06, 0.98, 12.38, 12.09, 16, 84, 3165884
0.06, 0.65, 12.46, 8.11, 16, 84, 3177712
0.06, 0.65, 12.41, 8.08, 16, 84, 3189532
0.07, 0.98, 12.27, 11.98, 16, 84, 3201356
0.07, 0.98, 12.49, 12.20, 16, 84, 3213180
0.07, 0.65, 12.38, 8.06, 16, 84, 3225008
0.07, 0.98, 12.46, 12.17, 17, 84, 3236840
0.07, 0.98, 12.52, 12.22, 17, 84, 3248660
0.07, 0.65, 12.38, 8.06, 17, 84, 3260488
0.07, 0.65, 12.46, 8.11, 17, 84, 3272308
0.07, 0.65, 12.35, 8.04, 17, 84, 3284136
0.07, 0.98, 12.49, 12.20, 17, 84, 3295952
0.07, 0.98, 12.54, 12.25, 17, 84, 3307784
0.07, 0.98, 12.41, 12.12, 17, 84, 3319600
0.07, 0.98, 12.35, 12.06, 17, 84, 3331424
0.07, 0.65, 12.38, 8.06, 17, 84, 3343248
0.07, 0.98, 12.52, 12.22, 17, 84, 3355072
0.07, 0.98, 12.46, 12.17, 17, 84, 3366900
0.07, 0.98, 12.52, 12.22, 17, 84, 3378716
0.07, 0.98, 12.41, 12.12, 17, 84, 3390548
0.07, 1.30, 12.27, 15.98, 17, 84, 3402368
0.07, 0.98, 12.49, 12.20, 17, 84, 3414216
0.07, 0.98, 12.49, 12.20, 17, 85, 3426016
0.07, 0.98, 12.33, 12.04, 18, 84, 3437844
0.07, 0.98, 12.43, 12.14, 18, 84, 3449664
0.07, 0.98, 12.14, 11.85, 18, 84, 3461484
0.07, 0.65, 12.43, 8.10, 18, 84, 3473308
0.08, 0.98, 12.41, 12.12, 18, 85, 3485140
0.08, 0.98, 12.35, 12.06, 18, 84, 3496968
0.08, 0.98, 12.46, 12.17, 18, 84, 3508788
0.08, 0.98, 12.38, 12.09, 18, 84, 3520620
0.08, 0.65, 12.22, 7.95, 18, 84, 3532436
0.08, 1.30, 12.52, 16.30, 18, 84, 3544264
0.08, 0.98, 12.41, 12.12, 18, 84, 3556088
0.08, 0.65, 12.62, 8.22, 18, 84, 3567920
0.08, 0.98, 12.38, 12.09, 18, 84, 3579740
0.08, 0.98, 12.43, 12.14, 18, 84, 3591564
0.08, 0.98, 12.33, 12.04, 18, 84, 3603396
0.08, 0.98, 12.35, 12.06, 18, 84, 3615216
0.08, 0.98, 12.52, 12.22, 18, 84, 3627048
0.08, 1.30, 12.49, 16.26, 19, 84, 3638864
0.08, 0.98, 12.35, 12.06, 19, 84, 3650696
0.08, 0.98, 12.73, 12.43, 19, 84, 3662512
0.08, 0.98, 12.35, 12.06, 19, 84, 3674364
0.08, 1.30, 12.54, 16.33, 19, 85, 3686160
0.08, 1.30, 12.46, 16.23, 19, 84, 3697992
0.08, 0.98, 12.38, 12.09, 19, 84, 3709808
0.08, 0.98, 12.35, 12.06, 19, 84, 3721632
0.09, 0.98, 12.33, 12.04, 19, 84, 3733460
0.09, 0.98, 12.38, 12.09, 19, 84, 3745280
0.09, 1.30, 12.41, 16.16, 19, 84, 3757108
0.09, 0.98, 12.33, 12.04, 19, 84, 3768928
0.09, 0.98, 12.49, 12.20, 19, 84, 3780756
0.09, 1.30, 12.49, 16.26, 19, 84, 3792576
0.09, 0.98, 12.35, 12.06, 19, 84, 3804404
0.09, 0.98, 12.38, 12.09, 19, 84, 3816224
0.09, 0.65, 12.60, 8.20, 19, 84, 3828048
0.09, 1.30, 12.43, 16.19, 20, 84, 3839868
0.09, 1.30, 12.54, 16.33, 20, 84, 3851696
0.09, 1.30, 12.35, 16.08, 20, 84, 3863524
0.09, 0.98, 12.33, 12.04, 20, 84, 3875344
0.09, 1.30, 12.52, 16.30, 20, 84, 3887172
0.09, 1.30, 12.52, 16.30, 20, 84, 3898988
0.09, 0.98, 12.33, 12.04, 20, 84, 3910820
0.09, 1.30, 12.60, 16.40, 20, 84, 3922636
0.09, 1.30, 12.49, 16.26, 20, 84, 3934468
0.09, 1.30, 12.46, 16.23, 20, 84, 3946288
0.09, 1.30, 12.52, 16.30, 20, 84, 3958108
0.09, 1.30, 12.46, 16.23, 20, 84, 3969932
0.09, 1.30, 12.46, 16.23, 20, 84, 3981752
0.09, 0.98, 12.38, 12.09, 20, 84, 3993584
0.09, 1.30, 12.52, 16.30, 20, 84, 4005400
0.09, 1.30, 12.46, 16.23, 20, 84, 4017232
0.09, 0.98, 12.43, 12.14, 20, 84, 4029048
0.09, 1.30, 12.35, 16.08, 21, 84, 4040880
0.09, 0.98, 12.35, 12.06, 21, 84, 4052696
0.10, 1.30, 12.49, 16.26, 21, 84, 4064528
0.10, 1.30, 12.43, 16.19, 21, 84, 4076344
0.10, 1.63, 12.38, 20.15, 21, 84, 4088164
0.10, 1.30, 12.43, 16.19, 21, 84, 4099988
0.10, 1.30, 12.35, 16.08, 21, 84, 4111812
0.10, 1.30, 12.49, 16.26, 21, 84, 4123648
0.10, 1.30, 12.52, 16.30, 21, 84, 4135464
0.10, 1.30, 12.35, 16.08, 21, 84, 4147296
0.10, 1.30, 12.70, 16.54, 21, 84, 4159116
0.10, 1.30, 12.35, 16.08, 21, 84, 4170948
0.10, 1.30, 12.46, 16.23, 21, 84, 4182768
0.10, 1.30, 12.46, 16.23, 21, 84, 4194600
0.10, 1.30, 12.35, 16.08, 21, 84, 4206412
0.10, 1.30, 12.49, 16.26, 21, 84, 4218236
0.10, 0.98, 12.30, 12.01, 21, 84, 4230060
0.10, 1.30, 12.46, 16.23, 22, 84, 4241888
0.10, 1.30, 12.46, 16.23, 22, 84, 4253712
0.10, 1.63, 12.41, 20.19, 22, 84, 4265532
0.10, 1.30, 12.38, 16.12, 22, 84, 4277360
0.11, 0.98, 12.46, 12.17, 22, 84, 4289180
0.11, 1.30, 12.33, 16.05, 22, 84, 4301008
0.11, 1.63, 12.43, 20.24, 22, 84, 4312828
0.11, 1.95, 12.43, 24.29, 22, 84, 4324652
0.11, 1.30, 12.43, 16.19, 22, 84, 4336472
0.11, 0.98, 12.68, 12.38, 22, 84, 4348296
0.11, 1.30, 12.57, 16.37, 22, 84, 4360128
0.11, 1.63, 12.46, 20.28, 22, 84, 4371948
0.11, 1.30, 12.52, 16.30, 22, 84, 4383776
0.11, 1.30, 12.38, 16.12, 22, 84, 4395592
0.11, 1.30, 12.33, 16.05, 22, 84, 4407424
0.11, 1.95, 12.14, 23.71, 22, 84, 4419240
0.11, 1.30, 12.57, 16.37, 22, 84, 4431072
0.11, 1.30, 12.43, 16.19, 23, 84, 4442888
0.11, 1.30, 12.06, 15.70, 23, 84, 4454720
0.11, 1.63, 12.30, 20.02, 23, 84, 4466540
0.11, 1.63, 12.41, 20.19, 23, 84, 4478364
0.11, 1.30, 12.33, 16.05, 23, 84, 4490196
0.11, 1.95, 12.43, 24.29, 23, 84, 4502016
0.11, 1.63, 12.73, 20.72, 23, 84, 4513844
0.11, 1.63, 12.57, 20.46, 23, 85, 4525668
0.12, 1.63, 12.33, 20.06, 23, 84, 4537500
0.12, 1.95, 12.08, 23.60, 23, 84, 4549316
0.12, 1.63, 12.54, 20.41, 23, 84, 4561148
0.12, 1.63, 12.30, 20.02, 23, 84, 4572980
0.12, 1.30, 12.43, 16.19, 23, 84, 4584788
0.12, 1.63, 12.46, 20.28, 23, 84, 4596612
0.12, 1.30, 12.30, 16.01, 23, 84, 4608436
0.12, 1.63, 12.54, 20.41, 23, 84, 4620268
0.12, 1.63, 12.41, 20.19, 23, 84, 4632084
0.12, 1.30, 12.33, 16.05, 24, 84, 4643920
0.12, 1.63, 12.43, 20.24, 24, 84, 4655736
0.12, 1.63, 12.49, 20.33, 24, 84, 4667568
0.12, 1.63, 12.49, 20.33, 24, 84, 4679388
0.12, 1.63, 12.33, 20.06, 24, 84, 4691220
0.12, 2.28, 12.52, 28.52, 24, 84, 4703040
0.12, 1.30, 12.54, 16.33, 24, 84, 4714868
0.12, 1.63, 12.43, 20.24, 24, 84, 4726688
0.12, 1.63, 12.25, 19.93, 24, 84, 4738512
0.12, 1.63, 12.49, 20.33, 24, 84, 4750348
0.12, 1.63, 12.49, 20.33, 24, 84, 4762164
0.12, 2.28, 12.41, 28.27, 24, 84, 4773996
0.12, 1.63, 12.38, 20.15, 24, 84, 4785820
0.12, 1.63, 12.52, 20.37, 24, 84, 4797648
0.12, 1.63, 12.49, 20.33, 24, 84, 4809468
0.12, 1.63, 12.62, 20.55, 24, 84, 4821300
0.12, 1.63, 12.38, 20.15, 24, 84, 4833136
0.12, 1.63, 12.49, 20.33, 25, 84, 4844948
0.12, 1.63, 12.38, 20.15, 25, 84, 4856776
0.12, 1.63, 12.27, 19.97, 25, 84, 4868596
0.13, 1.63, 12.46, 20.28, 25, 84, 4880428
0.13, 1.95, 12.49, 24.39, 25, 84, 4892244
0.13, 1.63, 12.33, 20.06, 25, 84, 4904076
0.13, 1.95, 12.73, 24.86, 25, 84, 4915896
0.13, 1.95, 12.43, 24.29, 25, 84, 4927728
0.13, 1.63, 12.41, 20.19, 25, 84, 4939548
0.13, 2.28, 12.35, 28.15, 25, 84, 4951376
0.13, 1.63, 12.30, 20.02, 25, 84, 4963200
0.13, 1.95, 12.43, 24.29, 25, 84, 4975020
0.13, 1.63, 12.33, 20.06, 25, 84, 4986856
0.13, 1.63, 12.33, 20.06, 25, 84, 4998676
0.13, 1.95, 12.43, 24.29, 25, 84, 5010504
0.13, 1.95, 12.35, 24.13, 25, 84, 5022320
0.13, 1.63, 12.49, 20.33, 25, 84, 5034152
0.13, 1.63, 12.38, 20.15, 26, 84, 5045968
0.13, 1.63, 12.27, 19.97, 26, 84, 5057800
0.13, 1.63, 12.35, 20.11, 26, 84, 5069616
0.13, 1.63, 12.46, 20.28, 26, 84, 5081440
0.13, 1.95, 12.33, 24.07, 26, 84, 5093280
0.13, 1.95, 12.46, 24.34, 26, 85, 5105084
0.14, 1.95, 12.30, 24.02, 26, 84, 5116916
0.14, 1.95, 12.38, 24.18, 26, 84, 5128732
0.14, 1.95, 12.49, 24.39, 26, 84, 5140568
0.14, 1.63, 12.35, 20.11, 26, 84, 5152384
0.14, 1.95, 12.43, 24.29, 26, 84, 5164216
0.14, 1.95, 12.25, 23.92, 26, 84, 5176036
0.14, 1.95, 12.43, 24.29, 26, 84, 5187868
0.14, 1.95, 12.46, 24.34, 26, 84, 5199688
0.14, 1.63, 12.46, 20.28, 26, 84, 5211512
0.14, 1.95, 12.30, 24.02, 26, 84, 5223340
0.14, 1.95, 12.49, 24.39, 26, 84, 5235164
0.14, 1.95, 12.25, 23.92, 27, 84, 5246996
0.14, 1.95, 12.46, 24.34, 27, 84, 5258808
0.14, 1.95, 12.46, 24.34, 27, 84, 5270644
0.14, 1.63, 12.43, 20.24, 27, 84, 5282460
0.14, 1.95, 12.49, 24.39, 27, 84, 5294296
0.14, 1.95, 12.46, 24.34, 27, 84, 5306112
0.14, 1.95, 12.30, 24.02, 27, 84, 5317944
0.14, 1.95, 12.35, 24.13, 27, 84, 5329760
0.14, 2.28, 12.49, 28.46, 27, 84, 5341592
0.15, 1.95, 12.27, 23.97, 27, 84, 5353436
0.15, 1.95, 12.38, 24.18, 27, 85, 5365236
0.15, 2.28, 12.49, 28.46, 27, 84, 5377072
0.15, 1.95, 12.33, 24.07, 27, 84, 5388888
0.15, 1.95, 12.35, 24.13, 27, 84, 5400720
0.15, 1.30, 11.95, 15.56, 27, 84, 5412536
0.15, 1.95, 12.46, 24.34, 27, 84, 5424368
0.15, 2.28, 12.52, 28.52, 27, 84, 5436192
0.15, 2.60, 12.30, 32.03, 28, 84, 5448012
0.15, 1.95, 12.22, 23.86, 28, 84, 5459840
0.15, 2.28, 12.30, 28.03, 28, 84, 5471664
0.15, 2.28, 12.41, 28.27, 28, 84, 5483496
0.15, 2.28, 12.25, 27.90, 28, 84, 5495316
0.15, 2.28, 12.30, 28.03, 28, 84, 5507144
0.15, 2.28, 12.65, 28.82, 28, 84, 5518964
0.15, 1.95, 12.25, 23.92, 28, 84, 5530796
0.15, 1.95, 12.43, 24.29, 28, 84, 5542616
0.15, 1.95, 12.49, 24.39, 28, 84, 5554468
0.15, 2.28, 12.38, 28.21, 28, 85, 5566264
0.15, 2.93, 12.35, 36.19, 28, 84, 5578092
0.15, 2.28, 12.22, 27.84, 28, 84, 5589916
0.15, 2.28, 12.38, 28.21, 28, 84, 5601740
0.15, 2.28, 12.43, 28.33, 28, 84, 5613568
0.15, 2.28, 12.27, 27.96, 28, 85, 5625384
0.16, 2.28, 12.41, 28.27, 28, 84, 5637216
0.15, 1.63, 12.38, 20.15, 29, 84, 5649028
0.16, 2.28, 12.76, 29.07, 29, 84, 5660860
0.16, 2.28, 12.25, 27.90, 29, 84, 5672680
0.16, 2.28, 12.25, 27.90, 29, 84, 5684512
0.16, 2.28, 12.41, 28.27, 29, 84, 5696328
0.16, 2.28, 12.06, 27.47, 29, 84, 5708160
0.16, 2.28, 12.49, 28.46, 29, 84, 5719992
0.16, 2.28, 12.35, 28.15, 29, 84, 5731808
0.16, 2.28, 12.25, 27.90, 29, 84, 5743636
0.16, 2.28, 12.49, 28.46, 29, 84, 5755452
0.16, 2.28, 12.43, 28.33, 29, 84, 5767284
0.16, 1.95, 12.35, 24.13, 29, 84, 5779104
0.16, 2.28, 12.43, 28.33, 29, 84, 5790932
0.16, 2.28, 12.52, 28.52, 29, 84, 5802748
0.16, 2.28, 12.60, 28.70, 29, 84, 5814600
0.16, 2.28, 12.30, 28.03, 29, 85, 5826396
0.16, 1.95, 12.81, 25.02, 29, 84, 5838220
0.16, 2.28, 12.52, 28.52, 30, 84, 5850052
0.16, 2.28, 12.46, 28.39, 30, 84, 5861868
0.16, 2.28, 12.22, 27.84, 30, 84, 5873700
0.16, 2.28, 12.33, 28.09, 30, 84, 5885516
0.16, 2.28, 12.60, 28.70, 30, 84, 5897348
0.17, 2.28, 12.84, 29.25, 30, 84, 5909164
0.17, 2.28, 12.33, 28.09, 30, 84, 5920996
0.17, 2.60, 12.46, 32.45, 30, 84, 5932812
0.17, 2.93, 12.33, 36.11, 30, 84, 5944644
0.17, 2.60, 12.43, 32.38, 30, 84, 5956464
0.17, 2.60, 12.46, 32.45, 30, 84, 5968292
0.17, 2.28, 12.35, 28.15, 30, 84, 5980120
0.17, 2.28, 12.33, 28.09, 30, 84, 5991940
0.17, 2.60, 12.54, 32.66, 30, 84, 6003776
0.17, 2.93, 12.11, 35.48, 30, 84, 6015592
0.17, 2.28, 12.33, 28.09, 30, 84, 6027424
0.17, 2.60, 12.84, 33.43, 30, 84, 6039244
0.17, 2.60, 12.38, 32.24, 31, 84, 6051076
0.17, 2.60, 12.46, 32.45, 31, 84, 6062892
0.17, 2.93, 12.43, 36.43, 31, 84, 6074736
0.17, 2.60, 12.38, 32.24, 31, 84, 6086548
0.17, 2.60, 12.49, 32.52, 31, 84, 6098372
0.17, 2.28, 12.25, 27.90, 31, 84, 6110204
0.17, 2.60, 12.38, 32.24, 31, 84, 6122024
0.17, 2.60, 12.49, 32.52, 31, 84, 6133856
0.17, 2.93, 12.03, 35.24, 31, 84, 6145672
0.18, 2.60, 12.30, 32.03, 31, 84, 6157508
0.18, 2.60, 12.27, 31.96, 31, 84, 6169324
0.18, 2.60, 12.22, 31.82, 31, 84, 6181148
0.18, 1.95, 12.22, 23.86, 31, 84, 6192972
0.18, 2.60, 11.89, 30.98, 31, 84, 6204792
0.18, 2.60, 12.60, 32.80, 31, 84, 6216616
0.18, 2.60, 12.33, 32.10, 31, 84, 6228440
0.18, 2.60, 12.41, 32.31, 31, 84, 6240272
0.18, 2.93, 12.46, 36.51, 32, 84, 6252088
0.18, 2.60, 12.27, 31.96, 32, 84, 6263916
0.18, 2.93, 12.06, 35.32, 32, 84, 6275740
0.18, 2.93, 12.41, 36.35, 32, 84, 6287568
0.18, 2.93, 12.43, 36.43, 32, 84, 6299388
0.18, 1.95, 12.38, 24.18, 32, 84, 6311216
0.18, 2.60, 12.38, 32.24, 32, 84, 6323040
0.18, 2.60, 12.35, 32.17, 32, 84, 6334880
0.18, 2.60, 12.46, 32.45, 32, 84, 6346692
0.18, 2.60, 12.46, 32.45, 32, 84, 6358508
0.18, 2.93, 12.49, 36.59, 32, 84, 6370336
0.18, 2.93, 12.38, 36.27, 32, 84, 6382156
0.18, 3.26, 12.97, 42.23, 32, 84, 6393988
0.18, 1.95, 12.43, 24.29, 32, 85, 6405804
0.18, 2.93, 12.49, 36.59, 32, 84, 6417636
0.18, 2.93, 12.33, 36.11, 32, 84, 6429452
0.18, 2.93, 12.65, 37.06, 32, 84, 6441280
0.18, 2.60, 12.25, 31.89, 33, 84, 6453096
0.18, 2.60, 12.43, 32.38, 33, 84, 6464920
0.18, 2.60, 12.35, 32.17, 33, 84, 6476752
0.19, 2.60, 11.81, 30.77, 33, 84, 6488568
0.19, 2.93, 12.25, 35.88, 33, 84, 6500400
0.19, 2.93, 12.43, 36.43, 33, 84, 6512220
0.19, 2.93, 12.49, 36.59, 33, 84, 6524048
0.19, 2.93, 12.46, 36.51, 33, 84, 6535868
0.19, 2.93, 12.46, 36.51, 33, 84, 6547700
0.19, 2.93, 12.11, 35.48, 33, 84, 6559516
0.19, 3.58, 12.38, 44.33, 33, 84, 6571344
0.19, 2.93, 12.22, 35.80, 33, 84, 6583172
0.19, 2.93, 12.38, 36.27, 33, 84, 6595016
0.19, 2.93, 12.41, 36.35, 33, 84, 6606828
0.19, 2.93, 12.35, 36.19, 33, 84, 6618648
0.19, 2.60, 12.33, 32.10, 33, 84, 6630480
0.19, 3.26, 12.11, 39.42, 33, 84, 6642296
0.19, 3.58, 12.30, 44.04, 34, 84, 6654128
0.19, 2.93, 12.52, 36.67, 34, 85, 6665948
0.19, 2.93, 12.33, 36.11, 34, 84, 6677780
0.19, 2.28, 12.41, 28.27, 34, 84, 6689600
0.19, 3.58, 12.27, 43.94, 34, 84, 6701424
0.19, 2.93, 12.38, 36.27, 34, 84, 6713248
0.19, 3.26, 12.41, 40.39, 34, 84, 6725072
0.19, 2.93, 12.41, 36.35, 34, 84, 6736900
0.19, 2.93, 12.43, 36.43, 34, 84, 6748720
0.19, 3.26, 12.41, 40.39, 34, 84, 6760548
0.19, 3.58, 11.84, 42.40, 34, 84, 6772364
0.20, 2.93, 12.46, 36.51, 34, 84, 6784196
0.20, 3.26, 12.54, 40.83, 34, 84, 6796016
0.20, 2.93, 12.19, 35.72, 34, 84, 6807848
0.20, 3.26, 12.35, 40.21, 34, 84, 6819664
0.20, 2.93, 11.87, 34.77, 34, 84, 6831488
0.20, 2.93, 12.19, 35.72, 34, 84, 6843320
0.20, 2.93, 12.35, 36.19, 35, 84, 6855144
0.20, 3.26, 12.43, 40.48, 35, 84, 6866972
0.20, 3.26, 12.27, 39.95, 35, 84, 6878792
0.20, 3.26, 12.33, 40.12, 35, 84, 6890624
0.20, 3.91, 11.87, 46.36, 35, 84, 6902440
0.20, 3.26, 12.22, 39.77, 35, 84, 6914272
0.20, 3.26, 12.43, 40.48, 35, 84, 6926092
0.20, 3.26, 12.06, 39.25, 35, 84, 6937924
0.20, 3.26, 12.46, 40.56, 35, 84, 6949740
0.20, 2.93, 12.35, 36.19, 35, 84, 6961568
0.20, 3.26, 12.30, 40.04, 35, 84, 6973412
0.20, 3.91, 12.73, 49.73, 35, 85, 6985212
0.20, 3.26, 12.46, 40.56, 35, 84, 6997044
0.20, 3.26, 12.41, 40.39, 35, 84, 7008860
0.20, 2.93, 12.38, 36.27, 35, 84, 7020692
0.20, 3.91, 11.84, 46.25, 35, 84, 7032516
0.20, 3.26, 12.25, 39.86, 35, 85, 7044344
0.20, 3.26, 12.35, 40.21, 36, 84, 7056164
0.20, 3.26, 11.92, 38.81, 36, 84, 7067988
0.20, 3.58, 12.46, 44.62, 36, 84, 7079816
0.20, 3.26, 12.25, 39.86, 36, 84, 7091640
0.21, 3.26, 12.27, 39.95, 36, 84, 7103472
0.21, 3.26, 12.43, 40.48, 36, 84, 7115292
0.21, 3.26, 12.33, 40.12, 36, 84, 7127120
0.21, 2.60, 12.22, 31.82, 36, 84, 7138944
0.21, 3.26, 12.25, 39.86, 36, 84, 7150772
0.21, 3.26, 12.46, 40.56, 36, 84, 7162592
0.21, 3.26, 12.43, 40.48, 36, 84, 7174424
0.21, 3.26, 12.35, 40.21, 36, 84, 7186240
0.21, 3.26, 11.89, 38.72, 36, 84, 7198064
0.21, 3.26, 12.22, 39.77, 36, 84, 7209888
0.21, 3.26, 12.41, 40.39, 36, 84, 7221712
0.21, 3.26, 12.41, 40.39, 36, 84, 7233560
0.21, 3.26, 12.35, 40.21, 36, 85, 7245356
0.21, 3.26, 12.25, 39.86, 37, 84, 7257188
0.21, 3.26, 12.27, 39.95, 37, 84, 7269008
0.21, 3.26, 12.30, 40.04, 37, 84, 7280836
0.21, 3.26, 12.33, 40.12, 37, 84, 7292656
0.21, 3.58, 12.38, 44.33, 37, 84, 7304488
0.21, 3.58, 12.43, 44.52, 37, 84, 7316308
0.21, 2.93, 12.35, 36.19, 37, 84, 7328136
0.22, 3.58, 12.38, 44.33, 37, 84, 7339964
0.22, 3.58, 12.35, 44.23, 37, 84, 7351784
0.22, 3.26, 12.35, 40.21, 37, 84, 7363616
0.22, 3.58, 12.30, 44.04, 37, 84, 7375436
0.22, 3.58, 12.43, 44.52, 37, 84, 7387268
0.22, 2.93, 12.35, 36.19, 37, 84, 7399088
0.22, 3.26, 12.43, 40.48, 37, 84, 7410920
0.22, 3.58, 12.19, 43.65, 37, 84, 7422740
0.22, 4.56, 12.16, 55.44, 37, 84, 7434572
0.22, 3.58, 12.35, 44.23, 37, 85, 7446388
0.22, 3.58, 12.49, 44.72, 38, 84, 7458216
0.22, 3.26, 12.19, 39.69, 38, 84, 7470048
0.22, 3.58, 12.35, 44.23, 38, 84, 7481864
0.22, 3.58, 12.38, 44.33, 38, 84, 7493712
0.22, 3.58, 12.11, 43.36, 38, 84, 7505516
0.22, 3.58, 12.41, 44.43, 38, 84, 7517348
0.22, 2.60, 12.52, 32.59, 38, 84, 7529168
0.22, 3.58, 12.46, 44.62, 38, 84, 7541000
0.22, 3.58, 12.22, 43.75, 38, 84, 7552820
0.22, 2.60, 12.76, 33.22, 38, 84, 7564644
0.22, 3.58, 12.27, 43.94, 38, 84, 7576472
0.22, 3.58, 12.35, 44.23, 38, 84, 7588292
0.22, 3.26, 12.27, 39.95, 38, 84, 7600124
0.22, 3.58, 12.30, 44.04, 38, 84, 7611940
0.22, 3.58, 12.33, 44.14, 38, 84, 7623772
0.22, 3.58, 12.84, 45.97, 38, 84, 7635588
0.22, 3.58, 12.41, 44.43, 38, 84, 7647420
0.22, 3.91, 12.43, 48.57, 39, 84, 7659240
0.22, 3.58, 12.30, 44.04, 39, 84, 7671068
0.22, 3.58, 12.30, 44.04, 39, 84, 7682884
0.23, 4.56, 12.14, 55.31, 39, 84, 7694704
0.23, 3.91, 12.16, 47.52, 39, 84, 7706532
0.23, 3.91, 12.22, 47.73, 39, 84, 7718356
0.23, 3.58, 12.30, 44.04, 39, 84, 7730188
0.23, 3.58, 12.41, 44.43, 39, 84, 7742008
0.23, 3.58, 12.16, 43.56, 39, 84, 7753852
0.23, 3.91, 12.65, 49.41, 39, 85, 7765660
0.23, 3.58, 12.11, 43.36, 39, 84, 7777492
0.23, 3.58, 12.35, 44.23, 39, 84, 7789308
0.23, 3.91, 12.54, 48.99, 39, 84, 7801140
0.23, 2.93, 12.73, 37.30, 39, 84, 7812960
0.23, 3.58, 12.22, 43.75, 39, 84, 7824784
0.23, 3.58, 12.11, 43.36, 39, 84, 7836616
0.23, 3.91, 12.35, 48.25, 39, 84, 7848440
0.23, 3.58, 12.19, 43.65, 40, 84, 7860268
0.23, 3.58, 12.41, 44.43, 40, 84, 7872088
0.23, 3.91, 12.38, 48.36, 40, 84, 7883920
0.23, 4.88, 11.76, 57.42, 40, 84, 7895736
0.24, 3.91, 12.38, 48.36, 40, 84, 7907564
0.24, 3.58, 12.35, 44.23, 40, 84, 7919384
0.24, 3.91, 11.65, 45.52, 40, 84, 7931212
0.24, 3.91, 12.22, 47.73, 40, 84, 7943032
0.24, 3.91, 12.27, 47.94, 40, 84, 7954856
0.24, 3.91, 12.54, 48.99, 40, 84, 7966688
0.24, 3.58, 12.33, 44.14, 40, 84, 7978508
0.24, 3.91, 12.43, 48.57, 40, 84, 7990340
0.24, 3.26, 12.35, 40.21, 40, 84, 8002160
0.24, 3.91, 12.46, 48.68, 40, 84, 8014004
0.24, 3.58, 12.08, 43.27, 40, 85, 8025804
0.24, 3.91, 12.22, 47.73, 40, 84, 8037636
0.24, 3.91, 12.14, 47.41, 40, 84, 8049456
0.24, 3.26, 12.87, 41.88, 41, 84, 8061280
0.24, 4.23, 12.33, 52.16, 41, 84, 8073100
0.24, 4.23, 12.49, 52.85, 41, 84, 8084924
0.24, 4.23, 12.19, 51.59, 41, 84, 8096752
0.24, 4.23, 12.30, 52.05, 41, 84, 8108572
0.24, 4.23, 12.38, 52.39, 41, 84, 8120404
0.25, 3.91, 12.22, 47.73, 41, 84, 8132228
0.25, 3.91, 12.30, 48.04, 41, 84, 8144056
0.25, 3.91, 12.30, 48.04, 41, 84, 8155876
0.25, 4.23, 12.52, 52.96, 41, 84, 8167712
0.25, 4.23, 12.41, 52.50, 41, 84, 8179528
0.25, 3.26, 12.41, 40.39, 41, 84, 8191356
0.25, 4.23, 12.41, 52.50, 41, 84, 8203180
0.25, 3.91, 12.06, 47.10, 41, 84, 8215004
0.25, 4.23, 12.30, 52.05, 41, 84, 8226836
0.25, 4.23, 12.54, 53.08, 41, 84, 8238652
0.25, 3.91, 12.49, 48.78, 41, 84, 8250480
0.25, 3.91, 12.60, 49.20, 42, 84, 8262300
0.25, 4.23, 12.49, 52.85, 42, 84, 8274132
0.25, 4.23, 12.08, 51.13, 42, 85, 8285948
0.25, 4.56, 12.52, 57.03, 42, 84, 8297776
0.25, 4.23, 12.38, 52.39, 42, 84, 8309596
0.25, 4.88, 12.57, 61.37, 42, 84, 8321416
0.25, 4.23, 12.03, 50.91, 42, 84, 8333244
0.25, 4.23, 12.38, 52.39, 42, 84, 8345064
0.25, 4.23, 12.35, 52.28, 42, 84, 8356892
0.26, 4.23, 12.30, 52.05, 42, 84, 8368712
0.26, 4.56, 12.43, 56.67, 42, 84, 8380544
0.26, 4.88, 11.84, 57.82, 42, 84, 8392360
0.26, 4.56, 12.38, 56.42, 42, 84, 8404196
0.26, 4.56, 12.25, 55.81, 42, 84, 8416012
0.26, 4.23, 12.22, 51.71, 42, 84, 8427844
0.26, 3.91, 12.22, 47.73, 42, 84, 8439668
0.26, 4.23, 12.19, 51.59, 42, 84, 8451488
0.26, 4.23, 12.16, 51.48, 43, 84, 8463324
0.26, 4.56, 12.49, 56.91, 43, 84, 8475160
0.26, 4.56, 12.30, 56.05, 43, 84, 8486972
0.26, 4.23, 12.14, 51.36, 43, 84, 8498788
0.26, 4.56, 12.52, 57.03, 43, 84, 8510616
0.26, 4.88, 11.68, 57.03, 43, 84, 8522432
0.26, 4.23, 12.16, 51.48, 43, 84, 8534264
0.26, 4.56, 12.33, 56.17, 43, 84, 8546084
0.26, 4.23, 12.68, 53.65, 43, 84, 8557904
0.26, 4.56, 12.11, 55.19, 43, 84, 8569732
0.26, 4.23, 12.33, 52.16, 43, 84, 8581552
0.26, 3.58, 12.16, 43.56, 43, 84, 8593380
0.26, 4.56, 12.22, 55.68, 43, 85, 8605200
0.26, 4.56, 12.27, 55.93, 43, 84, 8617028
0.26, 4.88, 12.43, 60.71, 43, 84, 8628844
0.26, 4.88, 12.30, 60.06, 43, 84, 8640676
0.26, 4.56, 12.87, 58.63, 43, 84, 8652492
0.26, 4.88, 12.22, 59.66, 44, 84, 8664320
0.26, 4.23, 12.19, 51.59, 44, 84, 8676136
0.26, 4.88, 12.41, 60.58, 44, 84, 8687964
0.26, 4.56, 12.35, 56.30, 44, 84, 8699784
0.27, 4.88, 12.49, 60.98, 44, 84, 8711608
0.27, 4.56, 12.25, 55.81, 44, 84, 8723440
0.27, 4.56, 12.19, 55.56, 44, 84, 8735276
0.27, 4.88, 12.33, 60.19, 44, 84, 8747084
0.27, 3.91, 12.27, 47.94, 44, 84, 8758904
0.27, 4.23, 12.14, 51.36, 44, 84, 8770732
0.27, 4.56, 12.30, 56.05, 44, 84, 8782548
0.27, 4.56, 12.46, 56.79, 44, 84, 8794380
0.27, 4.88, 11.98, 58.47, 44, 84, 8806200
0.27, 4.23, 12.89, 54.56, 44, 84, 8818024
0.27, 4.88, 12.57, 61.37, 44, 84, 8829848
0.27, 4.88, 12.08, 59.00, 44, 84, 8841676
0.27, 4.56, 12.27, 55.93, 44, 84, 8853508
0.27, 4.88, 12.57, 61.37, 45, 84, 8865324
0.27, 4.56, 12.06, 54.95, 45, 84, 8877156
0.27, 4.88, 12.65, 61.77, 45, 84, 8888972
0.27, 4.88, 12.27, 59.92, 45, 84, 8900804
0.28, 4.56, 12.27, 55.93, 45, 84, 8912620
0.28, 4.88, 12.16, 59.40, 45, 84, 8924448
0.28, 4.56, 12.38, 56.42, 45, 84, 8936268
0.28, 5.53, 12.49, 69.11, 45, 84, 8948092
0.28, 4.88, 12.00, 58.61, 45, 84, 8959912
0.28, 4.88, 12.46, 60.85, 45, 84, 8971736
0.28, 4.88, 12.14, 59.27, 45, 84, 8983568
0.28, 5.21, 12.52, 65.18, 45, 84, 8995404
0.28, 5.21, 12.35, 64.34, 45, 84, 9007212
0.28, 4.88, 12.00, 58.61, 45, 84, 9019032
0.28, 4.88, 12.03, 58.74, 45, 84, 9030864
0.28, 4.56, 12.08, 55.07, 45, 84, 9042680
0.28, 4.56, 11.87, 54.08, 45, 84, 9054508
0.28, 5.21, 12.27, 63.92, 46, 84, 9066328
0.28, 4.56, 11.84, 53.96, 46, 84, 9078148
0.28, 4.88, 12.06, 58.87, 46, 84, 9089980
0.28, 4.88, 12.03, 58.74, 46, 84, 9101796
0.28, 5.21, 12.41, 64.62, 46, 84, 9113628
0.28, 5.53, 12.30, 68.06, 46, 84, 9125444
0.28, 5.21, 12.43, 64.76, 46, 84, 9137272
0.29, 4.56, 12.11, 55.19, 46, 84, 9149092
0.29, 4.88, 12.25, 59.79, 46, 84, 9160920
0.29, 4.88, 12.33, 60.19, 46, 84, 9172740
0.29, 5.21, 12.46, 64.90, 46, 84, 9184572
0.29, 5.21, 12.38, 64.48, 46, 84, 9196388
0.29, 4.88, 12.30, 60.06, 46, 84, 9208212
0.29, 5.21, 12.19, 63.50, 46, 84, 9220044
0.29, 5.21, 11.76, 61.25, 46, 84, 9231864
0.29, 5.21, 12.49, 65.04, 46, 84, 9243692
0.29, 4.88, 12.22, 59.66, 46, 84, 9255536
0.29, 5.21, 12.46, 64.90, 47, 84, 9267344
0.29, 5.21, 12.95, 67.43, 47, 84, 9279164
0.29, 5.21, 12.06, 62.79, 47, 84, 9290996
0.29, 4.88, 12.03, 58.74, 47, 84, 9302820
0.29, 5.53, 13.05, 72.24, 47, 84, 9314644
0.29, 5.21, 12.00, 62.51, 47, 85, 9326464
0.30, 5.21, 12.43, 64.76, 47, 84, 9338288
0.30, 5.53, 12.33, 68.21, 47, 84, 9350120
0.30, 5.53, 12.11, 67.02, 47, 84, 9361940
0.30, 5.21, 12.43, 64.76, 47, 84, 9373772
0.30, 5.21, 12.00, 62.51, 47, 84, 9385592
0.30, 5.21, 12.08, 62.94, 47, 84, 9397424
0.30, 5.53, 12.68, 70.15, 47, 84, 9409244
0.30, 5.21, 11.98, 62.37, 47, 84, 9421076
0.30, 5.21, 12.16, 63.36, 47, 84, 9432896
0.30, 5.53, 11.65, 64.48, 47, 84, 9444720
0.30, 5.21, 12.19, 63.50, 47, 84, 9456540
0.30, 5.53, 12.41, 68.66, 48, 84, 9468364
0.30, 5.21, 12.00, 62.51, 48, 84, 9480196
0.30, 5.53, 12.25, 67.76, 48, 84, 9492012
0.30, 5.53, 12.38, 68.51, 48, 84, 9503848
0.30, 5.21, 13.00, 67.71, 48, 84, 9515684
0.30, 5.53, 12.16, 67.32, 48, 84, 9527496
0.30, 5.21, 12.03, 62.65, 48, 84, 9539316
0.30, 5.21, 11.89, 61.95, 48, 84, 9551148
0.31, 5.53, 12.33, 68.21, 48, 84, 9562964
0.31, 5.86, 11.63, 68.12, 48, 84, 9574788
0.31, 5.86, 12.11, 70.96, 48, 84, 9586620
0.31, 5.53, 12.03, 66.57, 48, 84, 9598436
0.31, 5.53, 12.03, 66.57, 48, 84, 9610264
0.31, 5.86, 12.35, 72.38, 48, 84, 9622084
0.31, 5.86, 12.06, 70.64, 48, 84, 9633928
0.31, 5.21, 12.16, 63.36, 48, 84, 9645732
0.31, 5.86, 12.14, 71.12, 48, 84, 9657564
0.31, 5.53, 12.27, 67.91, 49, 84, 9669380
0.31, 5.21, 12.97, 67.57, 49, 84, 9681212
0.31, 5.86, 12.06, 70.64, 49, 84, 9693028
0.31, 5.86, 12.35, 72.38, 49, 84, 9704852
0.31, 5.53, 12.16, 67.32, 49, 84, 9716684
0.31, 5.86, 12.43, 72.86, 49, 84, 9728500
0.31, 5.53, 12.03, 66.57, 49, 84, 9740332
0.31, 5.53, 12.14, 67.17, 49, 84, 9752148
0.31, 5.86, 12.38, 72.54, 49, 84, 9763980
0.31, 4.88, 12.16, 59.40, 49, 84, 9775816
0.31, 5.86, 12.30, 72.07, 49, 84, 9787628
0.32, 5.86, 12.35, 72.38, 49, 84, 9799448
0.32, 6.84, 12.38, 84.63, 49, 84, 9811276
0.32, 5.86, 12.38, 72.54, 49, 84, 9823096
0.32, 5.86, 12.11, 70.96, 49, 84, 9834920
0.32, 5.53, 12.11, 67.02, 49, 84, 9846752
0.32, 5.86, 12.06, 70.64, 49, 85, 9858568
0.32, 5.86, 12.30, 72.07, 50, 84, 9870400
0.32, 6.84, 12.00, 82.05, 50, 84, 9882224
0.32, 6.18, 12.49, 77.24, 50, 84, 9894068
0.32, 6.18, 13.00, 80.41, 50, 84, 9905872
0.32, 5.53, 12.03, 66.57, 50, 84, 9917704
0.32, 6.18, 12.43, 76.90, 50, 84, 9929520
0.32, 6.51, 12.62, 82.18, 50, 84, 9941348
0.32, 6.18, 11.52, 71.23, 50, 84, 9953172
0.32, 5.86, 12.41, 72.70, 50, 85, 9965000
0.32, 6.18, 12.06, 74.57, 50, 84, 9976828
0.32, 5.86, 12.08, 70.80, 50, 84, 9988644
0.33, 6.18, 12.49, 77.24, 50, 84, 10000480
0.33, 6.84, 12.19, 83.34, 50, 84, 10012300
0.33, 5.86, 12.30, 72.07, 50, 84, 10024128
0.32, 6.18, 12.03, 74.40, 50, 84, 10035948
0.33, 5.86, 12.33, 72.22, 50, 84, 10047780
0.32, 6.18, 12.30, 76.07, 50, 84, 10059600
0.33, 6.18, 12.33, 76.24, 51, 84, 10071424
0.33, 6.51, 11.98, 77.97, 51, 84, 10083256
0.33, 6.18, 12.60, 77.90, 51, 84, 10095076
0.33, 6.18, 11.95, 73.90, 51, 84, 10106908
0.33, 6.18, 12.06, 74.57, 51, 84, 10118724
0.33, 6.18, 12.54, 77.57, 51, 84, 10130556
0.33, 7.16, 11.89, 85.18, 51, 84, 10142372
0.33, 6.51, 12.25, 79.72, 51, 84, 10154220
0.33, 6.18, 12.35, 76.40, 51, 85, 10166020
0.33, 6.51, 11.76, 76.56, 51, 84, 10177852
0.33, 6.18, 12.16, 75.24, 51, 84, 10189668
0.33, 6.18, 12.14, 75.07, 51, 84, 10201492
0.33, 6.51, 12.57, 81.83, 51, 84, 10213320
0.33, 6.51, 12.27, 79.90, 51, 84, 10225140
0.33, 6.84, 12.19, 83.34, 51, 84, 10236968
0.33, 5.86, 12.03, 70.49, 51, 84, 10248788
0.33, 6.18, 12.30, 76.07, 51, 84, 10260620
0.33, 5.53, 12.33, 68.21, 52, 84, 10272436
0.33, 6.51, 12.43, 80.95, 52, 84, 10284264
0.33, 6.18, 12.38, 76.57, 52, 84, 10296080
0.34, 5.86, 12.76, 74.75, 52, 84, 10307916
0.34, 6.18, 12.00, 74.23, 52, 84, 10319732
0.34, 6.51, 12.25, 79.72, 52, 84, 10331552
0.34, 6.84, 12.38, 84.63, 52, 84, 10343380
0.34, 7.16, 11.76, 84.22, 52, 84, 10355200
0.34, 6.51, 12.43, 80.95, 52, 84, 10367036
0.34, 6.51, 11.73, 76.39, 52, 84, 10378852
0.34, 6.18, 12.27, 75.90, 52, 84, 10390688
0.34, 6.84, 12.76, 87.21, 52, 84, 10402504
0.34, 6.51, 12.52, 81.48, 52, 84, 10414344
0.34, 6.18, 12.08, 74.74, 52, 84, 10426152
0.34, 6.84, 11.41, 77.99, 52, 84, 10437976
0.34, 6.84, 12.30, 84.08, 52, 84, 10449800
0.34, 6.51, 12.57, 81.83, 52, 84, 10461620
0.35, 5.86, 11.44, 67.01, 53, 84, 10473448
0.35, 6.18, 12.25, 75.74, 53, 85, 10485272
0.34, 6.84, 12.54, 85.74, 53, 84, 10497100
0.35, 6.18, 12.03, 74.40, 53, 84, 10508920
0.35, 6.51, 12.30, 80.07, 53, 84, 10520752
0.35, 6.51, 12.06, 78.49, 53, 84, 10532568
0.35, 6.84, 12.43, 85.00, 53, 84, 10544404
0.35, 6.84, 12.25, 83.71, 53, 84, 10556224
0.35, 6.51, 11.68, 76.03, 53, 84, 10568048
0.35, 6.84, 12.27, 83.89, 53, 84, 10579868
0.35, 6.84, 12.06, 82.42, 53, 84, 10591696
0.35, 6.84, 12.43, 85.00, 53, 84, 10603524
0.35, 5.53, 12.60, 69.70, 53, 84, 10615340
0.35, 6.84, 12.14, 82.97, 53, 84, 10627172
0.35, 5.86, 12.03, 70.49, 53, 84, 10638988
0.36, 6.84, 12.06, 82.42, 53, 84, 10650820
0.35, 6.51, 12.27, 79.90, 53, 84, 10662640
0.35, 6.84, 11.60, 79.28, 54, 84, 10674488
0.36, 6.84, 12.41, 84.81, 54, 85, 10686292
0.36, 5.86, 11.98, 70.17, 54, 84, 10698116
0.36, 7.16, 12.25, 87.69, 54, 84, 10709948
0.36, 7.16, 11.89, 85.18, 54, 84, 10721764
0.36, 6.84, 12.22, 83.52, 54, 84, 10733592
0.36, 7.16, 12.35, 88.47, 54, 84, 10745416
0.36, 6.84, 11.87, 81.13, 54, 84, 10757248
0.36, 6.84, 12.49, 85.37, 54, 84, 10769064
0.37, 7.16, 12.25, 87.69, 54, 84, 10780896
0.37, 7.16, 12.06, 86.34, 54, 84, 10792712
0.37, 7.49, 12.60, 94.31, 54, 84, 10804544
0.37, 7.16, 12.54, 89.82, 54, 84, 10816360
0.37, 7.16, 12.14, 86.92, 54, 84, 10828188
0.37, 7.49, 12.16, 91.08, 54, 84, 10840016
0.37, 7.16, 11.92, 85.38, 54, 84, 10851832
0.37, 7.16, 12.16, 87.12, 54, 84, 10863660
0.37, 7.16, 11.89, 85.18, 55, 84, 10875480
0.37, 7.16, 12.49, 89.43, 55, 84, 10887312
0.37, 7.49, 12.87, 96.33, 55, 84, 10899132
0.37, 7.49, 11.89, 89.06, 55, 84, 10910968
0.37, 7.16, 11.95, 85.57, 55, 84, 10922788
0.37, 8.14, 12.43, 101.19, 55, 84, 10934612
0.37, 7.81, 12.33, 96.30, 55, 85, 10946440
0.37, 7.49, 12.22, 91.48, 55, 84, 10958268
0.38, 7.49, 12.33, 92.29, 55, 84, 10970096
0.38, 7.49, 12.33, 92.29, 55, 84, 10981916
0.38, 7.49, 12.22, 91.48, 55, 84, 10993748
0.38, 7.81, 12.89, 100.72, 55, 84, 11005572
0.38, 7.49, 11.52, 86.23, 55, 84, 11017404
0.38, 7.49, 12.00, 89.86, 55, 84, 11029220
0.38, 7.49, 12.46, 93.30, 55, 84, 11041052
0.38, 7.49, 12.30, 92.08, 55, 84, 11052872
0.38, 8.14, 12.46, 101.41, 55, 84, 11064700
0.38, 7.49, 12.25, 91.68, 56, 84, 11076524
0.38, 7.81, 12.57, 98.20, 56, 84, 11088348
0.38, 7.81, 12.14, 94.82, 56, 84, 11100180
0.38, 7.49, 12.11, 90.67, 56, 84, 11111996
0.38, 7.49, 12.38, 92.69, 56, 84, 11123828
0.38, 8.46, 11.73, 99.30, 56, 84, 11135644
0.38, 7.49, 12.03, 90.07, 56, 84, 11147472
0.38, 7.49, 12.16, 91.08, 56, 84, 11159292
0.38, 7.49, 11.63, 87.04, 56, 84, 11171124
0.38, 7.49, 12.06, 90.27, 56, 84, 11182940
0.39, 7.16, 11.54, 82.67, 56, 84, 11194764
0.38, 7.49, 12.19, 91.28, 56, 84, 11206596
0.39, 7.81, 11.95, 93.35, 56, 84, 11218416
0.39, 7.81, 12.27, 95.88, 56, 84, 11230244
0.39, 7.49, 12.14, 90.87, 56, 84, 11242064
0.39, 8.79, 12.62, 110.94, 56, 84, 11253896
0.39, 7.16, 12.08, 86.54, 56, 84, 11265708
0.39, 7.81, 12.30, 96.09, 57, 84, 11277544
0.39, 7.49, 11.81, 88.45, 57, 84, 11289356
0.39, 8.14, 12.60, 102.51, 57, 84, 11301188
0.39, 7.49, 12.06, 90.27, 57, 84, 11313008
0.39, 7.81, 12.00, 93.77, 57, 84, 11324836
0.39, 8.14, 12.27, 99.87, 57, 84, 11336668
0.39, 8.14, 12.43, 101.19, 57, 84, 11348488
0.39, 8.14, 12.08, 98.34, 57, 84, 11360320
0.39, 8.14, 12.89, 104.92, 57, 84, 11372140
0.39, 7.81, 11.87, 92.72, 57, 84, 11383972
0.39, 8.14, 11.87, 96.58, 57, 84, 11395812
0.40, 8.14, 12.33, 100.31, 57, 84, 11407624
0.39, 7.81, 12.41, 96.93, 57, 84, 11419444
0.40, 8.46, 12.46, 105.47, 57, 84, 11431268
0.40, 8.14, 11.95, 97.24, 57, 84, 11443096
0.39, 8.14, 12.08, 98.34, 57, 84, 11454924
0.40, 8.14, 12.27, 99.87, 57, 84, 11466756
0.39, 8.14, 11.92, 97.02, 58, 84, 11478572
0.40, 7.81, 12.16, 95.03, 58, 84, 11490404
0.40, 8.14, 12.65, 102.95, 58, 84, 11502224
0.40, 8.14, 12.30, 100.09, 58, 84, 11514060
0.40, 8.46, 12.25, 103.64, 58, 84, 11525876
0.40, 8.79, 12.60, 110.71, 58, 84, 11537708
0.40, 8.14, 12.25, 99.65, 58, 84, 11549524
0.40, 8.79, 12.52, 110.00, 58, 84, 11561352
0.40, 8.46, 12.14, 102.73, 58, 84, 11573184
0.40, 8.14, 12.19, 99.21, 58, 84, 11585008
0.40, 8.46, 12.25, 103.64, 58, 84, 11596836
0.40, 8.46, 11.92, 100.90, 58, 84, 11608656
0.40, 8.14, 12.33, 100.31, 58, 84, 11620484
0.40, 8.79, 12.73, 111.89, 58, 84, 11632304
0.40, 8.14, 11.87, 96.58, 58, 84, 11644136
0.40, 8.46, 11.87, 100.44, 58, 84, 11655972
0.40, 8.79, 12.35, 108.57, 58, 84, 11667784
0.40, 8.14, 11.95, 97.24, 59, 84, 11679600
0.40, 8.46, 12.35, 104.55, 59, 84, 11691424
0.40, 8.14, 11.79, 95.92, 59, 84, 11703256
0.41, 8.46, 11.95, 101.13, 59, 84, 11715076
0.41, 8.46, 12.33, 104.32, 59, 84, 11726908
0.41, 8.46, 12.25, 103.64, 59, 84, 11738724
0.41, 8.79, 12.16, 106.91, 59, 84, 11750560
0.41, 9.11, 12.78, 116.53, 59, 84, 11762380
0.41, 8.46, 12.41, 105.01, 59, 84, 11774208
0.41, 8.46, 12.03, 101.81, 59, 84, 11786032
0.41, 8.79, 11.36, 99.80, 59, 84, 11797856
0.41, 8.79, 12.03, 105.73, 59, 84, 11809680
0.41, 8.79, 12.25, 107.63, 59, 84, 11821504
0.41, 8.46, 11.89, 100.67, 59, 84, 11833336
0.41, 8.46, 12.14, 102.73, 59, 85, 11845152
0.41, 8.79, 12.30, 108.10, 59, 84, 11856984
0.41, 8.14, 11.63, 94.60, 59, 84, 11868804
0.41, 8.79, 12.68, 111.42, 60, 84, 11880632
0.41, 8.79, 11.79, 103.60, 60, 84, 11892452
0.41, 8.79, 11.89, 104.54, 60, 84, 11904280
0.42, 8.79, 12.22, 107.39, 60, 84, 11916116
0.42, 7.81, 11.89, 92.93, 60, 84, 11927920
0.42, 8.79, 12.16, 106.91, 60, 84, 11939748
0.42, 8.79, 12.08, 106.20, 60, 84, 11951572
0.42, 9.11, 12.27, 111.86, 60, 84, 11963400
0.42, 8.79, 12.14, 106.68, 60, 84, 11975220
0.42, 8.46, 11.87, 100.44, 60, 84, 11987048
0.42, 8.79, 13.05, 114.74, 60, 84, 11998868
0.42, 9.11, 12.25, 111.61, 60, 84, 12010692
0.42, 9.11, 12.03, 109.64, 60, 84, 12022512
0.42, 8.79, 12.46, 109.52, 60, 84, 12034360
0.42, 8.79, 11.98, 105.25, 60, 85, 12046160
0.42, 9.44, 11.71, 110.51, 60, 84, 12057984
0.42, 9.11, 12.22, 111.37, 60, 84, 12069812
0.42, 9.11, 12.11, 110.38, 61, 84, 12081628
0.42, 8.79, 11.92, 104.78, 61, 84, 12093464
0.42, 9.44, 12.30, 116.11, 61, 85, 12105280
0.43, 9.11, 11.87, 108.17, 61, 84, 12117108
0.43, 8.46, 11.71, 99.07, 61, 84, 12128928
0.43, 8.79, 12.25, 107.63, 61, 84, 12140756
0.43, 9.11, 12.19, 111.12, 61, 84, 12152576
0.43, 7.81, 12.27, 95.88, 61, 84, 12164404
0.43, 9.11, 12.16, 110.87, 61, 84, 12176240
0.43, 7.81, 12.27, 95.88, 61, 84, 12188044
0.43, 9.44, 12.22, 115.34, 61, 84, 12199880
0.43, 9.44, 12.38, 116.87, 61, 84, 12211696
0.43, 9.44, 12.16, 114.83, 61, 84, 12223532
0.43, 8.79, 13.32, 117.11, 61, 84, 12235352
0.43, 9.44, 12.03, 113.56, 61, 84, 12247184
0.43, 8.46, 11.89, 100.67, 61, 84, 12259000
0.43, 9.77, 12.25, 119.58, 61, 84, 12270832
0.43, 9.44, 12.16, 114.83, 62, 84, 12282652
0.43, 8.79, 11.52, 101.22, 62, 84, 12294492
0.43, 9.44, 12.08, 114.07, 62, 85, 12306304
0.44, 9.44, 12.00, 113.31, 62, 84, 12318128
0.44, 9.44, 12.38, 116.87, 62, 84, 12329960
0.44, 9.77, 12.16, 118.79, 62, 84, 12341776
0.44, 9.11, 11.81, 107.68, 62, 84, 12353608
0.44, 10.42, 11.87, 123.62, 62, 84, 12365424
0.44, 9.77, 12.25, 119.58, 62, 84, 12377256
0.44, 9.77, 13.03, 127.22, 62, 84, 12389072
0.44, 9.44, 11.73, 110.76, 62, 84, 12400900
0.44, 9.44, 12.06, 113.82, 62, 84, 12412720
0.44, 10.09, 11.25, 113.50, 62, 84, 12424544
0.44, 9.77, 12.22, 119.32, 62, 84, 12436388
0.44, 9.44, 12.08, 114.07, 62, 84, 12448196
0.44, 9.77, 11.84, 115.63, 62, 84, 12460024
0.44, 9.77, 12.06, 117.74, 62, 84, 12471844
0.44, 9.44, 12.08, 114.07, 63, 84, 12483676
0.44, 9.44, 11.57, 109.23, 63, 84, 12495496
0.44, 9.77, 12.65, 123.53, 63, 84, 12507324
0.45, 9.77, 11.89, 116.16, 63, 84, 12519140
0.45, 9.77, 12.08, 118.00, 63, 84, 12530972
0.45, 10.42, 12.46, 129.80, 63, 84, 12542788
0.45, 10.74, 12.27, 131.83, 63, 84, 12554628
0.45, 9.77, 12.06, 117.74, 63, 84, 12566436
0.45, 9.77, 11.89, 116.16, 63, 84, 12578260
0.45, 10.09, 12.06, 121.66, 63, 84, 12590088
0.45, 10.42, 12.25, 127.56, 63, 84, 12601908
0.45, 10.09, 11.76, 118.67, 63, 84, 12613740
0.45, 9.44, 12.41, 117.13, 63, 84, 12625556
0.45, 10.42, 12.43, 129.52, 63, 84, 12637388
0.45, 9.77, 11.95, 116.69, 63, 84, 12649208
0.45, 10.42, 12.49, 130.08, 63, 84, 12661040
0.45, 9.77, 11.87, 115.90, 63, 84, 12672860
0.45, 8.79, 12.54, 110.23, 64, 84, 12684684
0.45, 10.09, 12.11, 122.21, 64, 84, 12696516
0.45, 10.09, 12.19, 123.03, 64, 84, 12708336
0.45, 10.09, 11.84, 119.49, 64, 84, 12720164
0.46, 10.09, 11.95, 120.58, 64, 84, 12731984
0.46, 10.42, 12.16, 126.71, 64, 84, 12743812
0.46, 10.09, 13.14, 132.55, 64, 84, 12755628
0.46, 10.09, 11.89, 120.03, 64, 84, 12767460
0.46, 10.09, 12.11, 122.21, 64, 84, 12779276
0.46, 10.74, 11.41, 122.56, 64, 84, 12791104
0.46, 10.09, 11.92, 120.30, 64, 84, 12802924
0.46, 10.42, 11.81, 123.06, 64, 84, 12814764
0.46, 10.42, 12.41, 129.24, 64, 84, 12826576
0.47, 10.74, 12.14, 130.38, 64, 84, 12838396
0.47, 10.74, 12.06, 129.51, 64, 84, 12850224
0.47, 10.42, 12.03, 125.31, 64, 84, 12862044
0.47, 11.07, 12.65, 140.01, 64, 84, 12873872
0.46, 10.74, 11.63, 124.88, 65, 84, 12885688
0.47, 10.09, 12.14, 122.48, 65, 84, 12897520
0.47, 10.09, 11.79, 118.94, 65, 84, 12909340
0.47, 9.44, 11.98, 113.05, 65, 84, 12921160
0.47, 10.42, 11.79, 122.78, 65, 84, 12932984
0.47, 10.42, 11.79, 122.78, 65, 84, 12944808
0.47, 10.42, 12.14, 126.43, 65, 84, 12956640
0.47, 10.42, 12.19, 126.99, 65, 84, 12968452
0.47, 10.74, 12.08, 129.80, 65, 84, 12980284
0.48, 10.74, 12.06, 129.51, 65, 84, 12992104
0.48, 10.74, 11.92, 128.07, 65, 84, 13003932
0.48, 10.74, 12.95, 139.08, 65, 84, 13015748
0.48, 10.42, 11.87, 123.62, 65, 84, 13027580
0.48, 10.74, 12.00, 128.93, 65, 84, 13039400
0.48, 11.39, 11.17, 127.22, 65, 84, 13051224
0.48, 10.42, 12.19, 126.99, 65, 84, 13063052
0.48, 10.42, 12.16, 126.71, 65, 84, 13074896
0.48, 10.74, 12.33, 132.41, 66, 84, 13086712
0.48, 10.74, 12.35, 132.70, 66, 84, 13098532
0.48, 10.74, 12.19, 130.96, 66, 84, 13110360
0.48, 12.37, 11.81, 146.13, 66, 84, 13122176
0.48, 10.74, 11.46, 123.14, 66, 84, 13134008
0.48, 11.07, 12.33, 136.42, 66, 84, 13145828
0.48, 10.74, 12.22, 131.25, 66, 84, 13157656
0.49, 10.74, 12.06, 129.51, 66, 84, 13169472
0.49, 11.72, 11.17, 130.86, 66, 84, 13181300
0.49, 11.07, 12.33, 136.42, 66, 84, 13193120
0.49, 11.39, 12.49, 142.28, 66, 84, 13204944
0.49, 10.74, 12.11, 130.09, 66, 84, 13216776
0.49, 11.07, 11.95, 132.24, 66, 84, 13228596
0.49, 11.72, 12.41, 145.40, 66, 84, 13240428
0.49, 10.74, 11.46, 123.14, 66, 84, 13252252
0.49, 11.39, 12.19, 138.90, 66, 84, 13264084
0.49, 12.70, 12.92, 164.02, 66, 84, 13275900
0.49, 9.77, 12.08, 118.00, 67, 84, 13287732
0.49, 11.07, 12.03, 133.14, 67, 84, 13299552
0.49, 10.09, 12.08, 121.94, 67, 84, 13311376
0.49, 11.07, 12.14, 134.33, 67, 84, 13323208
0.49, 11.07, 11.87, 131.35, 67, 84, 13335028
0.50, 11.39, 11.81, 134.60, 67, 84, 13346860
0.50, 12.04, 12.11, 145.86, 67, 84, 13358680
0.50, 11.72, 11.79, 138.13, 67, 84, 13370508
0.50, 10.74, 12.62, 135.60, 67, 84, 13382328
0.50, 11.72, 12.22, 143.18, 67, 84, 13394160
0.50, 11.72, 11.92, 139.71, 67, 84, 13405980
0.50, 12.70, 12.54, 159.23, 67, 84, 13417804
0.50, 11.72, 12.06, 141.29, 67, 84, 13429628
0.50, 11.39, 11.81, 134.60, 67, 84, 13441460
0.50, 11.72, 11.98, 140.34, 67, 84, 13453288
0.50, 11.72, 12.11, 141.92, 67, 84, 13465108
0.50, 11.72, 11.84, 138.76, 67, 84, 13476936
0.50, 13.02, 12.08, 157.34, 68, 84, 13488760
0.50, 11.72, 12.27, 143.82, 68, 84, 13500592
0.50, 11.39, 12.46, 141.97, 68, 84, 13512412
0.50, 11.72, 11.63, 136.23, 68, 84, 13524240
0.51, 11.07, 12.06, 133.44, 68, 84, 13536056
0.51, 12.70, 12.46, 158.20, 68, 84, 13547884
0.51, 11.39, 12.11, 137.98, 68, 84, 13559712
0.51, 12.04, 12.38, 149.11, 68, 84, 13571540
0.51, 12.37, 12.11, 149.80, 68, 84, 13583368
0.51, 11.39, 11.68, 133.06, 68, 84, 13595188
0.51, 11.72, 12.33, 144.45, 68, 84, 13607024
0.51, 13.02, 11.76, 153.12, 68, 84, 13618840
0.51, 12.04, 11.63, 140.01, 68, 84, 13630668
0.51, 12.04, 11.84, 142.61, 68, 84, 13642488
0.51, 14.32, 12.19, 174.62, 68, 84, 13654320
0.51, 12.37, 12.25, 151.47, 68, 85, 13666136
0.51, 11.39, 11.52, 131.22, 68, 84, 13677960
0.51, 11.72, 12.14, 142.24, 69, 84, 13689792
0.51, 12.04, 11.76, 141.64, 69, 84, 13701612
0.51, 12.04, 11.76, 141.64, 69, 84, 13713444
0.52, 12.04, 11.84, 142.61, 69, 84, 13725264
0.52, 12.37, 12.41, 153.47, 69, 84, 13737096
0.52, 11.39, 11.41, 129.99, 69, 84, 13748912
0.52, 12.04, 12.11, 145.86, 69, 84, 13760748
0.52, 12.37, 12.52, 154.81, 69, 84, 13772564
0.52, 10.74, 11.92, 128.07, 69, 84, 13784396
0.53, 13.02, 11.63, 151.37, 69, 84, 13796216
0.52, 12.70, 11.98, 152.03, 69, 84, 13808044
0.53, 12.70, 12.35, 156.83, 69, 84, 13819872
0.52, 12.37, 12.00, 148.47, 69, 84, 13831692
0.53, 12.37, 12.25, 151.47, 69, 84, 13843524
0.53, 12.04, 12.89, 155.28, 69, 84, 13855340
0.53, 12.70, 12.00, 152.38, 69, 85, 13867168
0.53, 12.04, 12.87, 154.96, 69, 84, 13878984
0.53, 12.70, 11.57, 146.90, 70, 84, 13890816
0.53, 12.70, 11.95, 151.69, 70, 84, 13902636
0.53, 13.02, 12.52, 162.96, 70, 84, 13914460
0.53, 12.70, 12.03, 152.72, 70, 84, 13926288
0.53, 13.02, 12.19, 158.74, 70, 84, 13938116
0.53, 12.37, 11.76, 145.47, 70, 84, 13949944
0.53, 12.70, 11.68, 148.27, 70, 84, 13961764
0.54, 13.02, 12.22, 159.09, 70, 84, 13973592
0.54, 13.35, 11.76, 156.95, 70, 84, 13985408
0.54, 12.70, 12.06, 153.06, 70, 84, 13997240
0.54, 12.70, 11.81, 149.98, 70, 84, 14009060
0.54, 13.02, 12.11, 157.69, 70, 84, 14020892
0.54, 12.70, 12.03, 152.72, 70, 84, 14032708
0.54, 13.02, 11.25, 146.45, 70, 84, 14044532
0.54, 13.02, 12.14, 158.04, 70, 84, 14056356
0.54, 13.02, 11.41, 148.56, 70, 84, 14068184
0.54, 12.70, 12.08, 153.40, 70, 84, 14080016
0.54, 13.02, 12.30, 160.15, 71, 84, 14091828
0.54, 13.35, 12.00, 160.19, 71, 84, 14103664
0.54, 12.37, 11.36, 140.46, 71, 84, 14115484
0.54, 13.35, 12.03, 160.55, 71, 84, 14127316
0.54, 13.35, 11.79, 157.31, 71, 84, 14139132
0.55, 13.35, 12.16, 162.35, 71, 84, 14150968
0.55, 13.67, 11.71, 160.04, 71, 84, 14162788
0.55, 13.02, 12.00, 156.28, 71, 84, 14174612
0.55, 13.02, 11.87, 154.53, 71, 84, 14186440
0.55, 13.02, 12.14, 158.04, 71, 84, 14198260
0.55, 13.67, 12.16, 166.31, 71, 84, 14210092
0.55, 13.67, 12.03, 164.47, 71, 84, 14221908
0.55, 13.35, 11.68, 155.87, 71, 84, 14233740
0.55, 15.30, 11.81, 180.75, 71, 84, 14245556
0.55, 13.35, 12.03, 160.55, 71, 84, 14257388
0.55, 13.67, 12.38, 169.26, 71, 84, 14269208
0.55, 14.00, 11.22, 157.06, 71, 84, 14281036
0.55, 13.67, 12.08, 165.20, 72, 84, 14292860
0.55, 13.35, 11.73, 156.59, 72, 84, 14304684
0.55, 14.00, 12.08, 169.14, 72, 84, 14316536
0.56, 14.32, 12.14, 173.84, 72, 85, 14328336
0.56, 13.35, 11.46, 152.99, 72, 84, 14340164
0.56, 13.02, 12.38, 161.20, 72, 84, 14351984
0.56, 14.00, 12.14, 169.89, 72, 84, 14363812
0.56, 13.67, 11.73, 160.41, 72, 84, 14375636
0.56, 14.00, 12.19, 170.65, 72, 84, 14387464
0.56, 14.00, 11.30, 158.19, 72, 84, 14399280
0.57, 14.65, 12.76, 186.88, 72, 84, 14411100
0.57, 13.35, 11.63, 155.15, 72, 84, 14422928
0.57, 14.00, 11.71, 163.85, 72, 84, 14434768
0.56, 13.67, 12.06, 164.84, 72, 84, 14446584
0.56, 14.00, 11.95, 167.25, 72, 84, 14458404
0.56, 14.32, 11.76, 168.44, 72, 84, 14470236
0.57, 14.97, 11.68, 174.88, 72, 84, 14482056
0.57, 13.67, 11.95, 163.36, 73, 84, 14493888
0.57, 14.32, 11.60, 166.12, 73, 85, 14505704
0.57, 14.32, 11.95, 171.14, 73, 84, 14517536
0.57, 14.00, 11.68, 163.47, 73, 84, 14529356
0.57, 15.63, 11.09, 173.21, 73, 84, 14541180
0.58, 14.32, 11.73, 168.05, 73, 84, 14553012
0.58, 14.32, 12.08, 173.07, 73, 84, 14564832
0.58, 14.65, 11.76, 172.26, 73, 84, 14576684
0.58, 14.32, 12.19, 174.62, 73, 85, 14588480
0.58, 14.65, 12.06, 176.61, 73, 84, 14600316
0.58, 13.67, 11.33, 154.88, 73, 84, 14612136
0.58, 14.32, 12.03, 172.30, 73, 84, 14623968
0.58, 14.65, 11.76, 172.26, 73, 84, 14635784
0.58, 13.02, 11.49, 149.61, 73, 84, 14647620
0.58, 14.65, 11.68, 171.08, 73, 84, 14659444
0.58, 14.65, 12.08, 177.00, 73, 84, 14671268
0.58, 14.65, 11.63, 170.29, 73, 84, 14683100
0.58, 14.32, 11.63, 166.50, 74, 84, 14694932
0.58, 14.65, 11.87, 173.84, 74, 84, 14706748
0.58, 14.65, 12.08, 177.00, 74, 84, 14718564
0.58, 14.97, 11.98, 179.32, 74, 84, 14730396
0.59, 14.32, 12.78, 183.12, 74, 84, 14742212
0.59, 14.32, 11.19, 160.32, 74, 84, 14754044
0.59, 14.65, 11.79, 172.66, 74, 84, 14765864
0.59, 15.63, 11.06, 172.79, 74, 84, 14777684
0.59, 15.30, 12.22, 186.94, 74, 84, 14789508
0.59, 14.97, 11.76, 176.09, 74, 84, 14801332
0.59, 14.97, 12.25, 183.36, 74, 84, 14813168
0.59, 15.30, 12.00, 183.63, 74, 84, 14824988
0.59, 14.97, 11.98, 179.32, 74, 84, 14836840
0.59, 14.00, 11.25, 157.43, 74, 84, 14848640
0.59, 15.30, 12.08, 184.87, 74, 84, 14860468
0.59, 15.30, 12.52, 191.47, 74, 84, 14872292
0.59, 15.63, 11.92, 186.28, 74, 84, 14884124
0.59, 17.25, 11.87, 204.75, 75, 84, 14895940
0.60, 14.65, 11.95, 175.03, 75, 84, 14907764
0.60, 15.30, 12.54, 191.89, 75, 84, 14919592
0.60, 15.30, 11.41, 174.56, 75, 84, 14931416
0.60, 15.95, 11.87, 189.30, 75, 84, 14943252
0.60, 14.97, 11.73, 175.69, 75, 84, 14955084
0.60, 15.30, 11.76, 179.92, 75, 84, 14966904
0.61, 14.65, 12.57, 184.12, 75, 84, 14978724
0.61, 15.63, 12.03, 187.96, 75, 84, 14990548
0.61, 15.95, 12.30, 196.18, 75, 84, 15002368
0.61, 17.58, 11.81, 207.66, 75, 84, 15014200
0.61, 15.63, 11.63, 181.64, 75, 85, 15026016
0.61, 16.60, 10.84, 180.01, 75, 84, 15037840
0.61, 15.63, 11.57, 180.80, 75, 84, 15049668
0.61, 15.30, 12.14, 185.70, 75, 84, 15061488
0.61, 15.63, 11.79, 184.17, 75, 84, 15073316
0.61, 15.95, 12.16, 194.03, 75, 84, 15085136
0.61, 15.95, 12.19, 194.46, 76, 84, 15096984
0.61, 14.97, 11.17, 167.21, 76, 84, 15108788
0.61, 16.28, 12.08, 196.67, 76, 84, 15120620
0.61, 15.95, 11.27, 179.83, 76, 84, 15132436
0.61, 16.60, 12.03, 199.71, 76, 84, 15144268
0.62, 16.93, 11.25, 190.39, 76, 84, 15156088
0.62, 16.28, 12.06, 196.23, 76, 84, 15167916
0.62, 16.28, 12.03, 195.79, 76, 84, 15179744
0.62, 15.95, 11.87, 189.30, 76, 84, 15191568
0.62, 15.63, 11.44, 178.69, 76, 84, 15203396
0.62, 16.93, 12.30, 208.19, 76, 84, 15215232
0.62, 15.63, 11.76, 183.75, 76, 84, 15227048
0.62, 15.95, 11.65, 185.86, 76, 84, 15238868
0.62, 15.95, 12.52, 199.62, 76, 84, 15250704
0.62, 16.28, 11.92, 194.04, 76, 84, 15262520
0.62, 18.23, 12.11, 220.76, 76, 84, 15274348
0.62, 15.95, 12.14, 193.60, 76, 85, 15286172
0.62, 15.63, 11.30, 176.58, 77, 84, 15298000
0.62, 15.95, 11.76, 187.58, 77, 84, 15309828
0.63, 16.60, 12.08, 200.61, 77, 84, 15321648
0.63, 16.93, 12.03, 203.63, 77, 84, 15333476
0.63, 15.63, 12.92, 201.87, 77, 84, 15345296
0.63, 16.93, 11.68, 197.69, 77, 84, 15357124
0.63, 16.28, 11.46, 186.58, 77, 84, 15368944
0.64, 16.28, 12.14, 197.55, 77, 84, 15380776
0.64, 16.60, 11.54, 191.65, 77, 84, 15392596
0.63, 17.25, 12.57, 216.85, 77, 84, 15404420
0.64, 16.93, 12.00, 203.17, 77, 84, 15416252
0.64, 16.60, 12.06, 200.16, 77, 84, 15428072
0.64, 17.25, 12.19, 210.33, 77, 84, 15439904
0.64, 17.25, 11.84, 204.28, 77, 84, 15451720
0.64, 16.93, 11.17, 189.02, 77, 84, 15463556
0.64, 16.60, 11.87, 197.02, 77, 84, 15475372
0.64, 16.60, 12.08, 200.61, 77, 84, 15487204
0.64, 16.93, 12.08, 204.54, 78, 84, 15499024
0.64, 15.95, 11.87, 189.30, 78, 84, 15510852
0.64, 17.25, 11.95, 206.15, 78, 84, 15522668
0.64, 16.60, 12.25, 203.29, 78, 84, 15534496
0.64, 16.93, 12.11, 205.00, 78, 84, 15546328
0.65, 16.93, 11.60, 196.32, 78, 84, 15558148
0.65, 17.25, 12.08, 208.47, 78, 84, 15569980
0.65, 17.25, 12.35, 213.13, 78, 84, 15581796
0.65, 17.25, 11.22, 193.58, 78, 84, 15593632
0.65, 16.93, 12.62, 213.67, 78, 84, 15605452
0.65, 17.90, 11.60, 207.65, 78, 84, 15617284
0.65, 17.90, 12.06, 215.86, 78, 84, 15629104
0.65, 18.55, 11.25, 208.69, 78, 84, 15640932
0.65, 17.58, 11.76, 206.72, 78, 84, 15652756
0.65, 17.58, 11.89, 209.09, 78, 84, 15664580
0.66, 17.90, 12.33, 220.69, 78, 84, 15676416
0.65, 17.90, 12.27, 219.72, 78, 84, 15688232
0.65, 17.25, 11.38, 196.37, 79, 84, 15700064
0.65, 16.60, 11.38, 188.96, 79, 84, 15711884
0.66, 18.55, 11.84, 219.70, 79, 84, 15723720
0.66, 17.90, 11.54, 206.68, 79, 84, 15735536
0.66, 17.25, 11.36, 195.91, 79, 84, 15747368
0.66, 18.23, 12.30, 224.21, 79, 84, 15759188
0.67, 17.90, 11.65, 208.61, 79, 84, 15771012
0.67, 18.23, 11.79, 214.86, 79, 84, 15782844
0.67, 17.58, 10.90, 191.54, 79, 84, 15794660
0.67, 18.23, 11.76, 214.37, 79, 84, 15806496
0.67, 18.23, 11.44, 208.47, 79, 84, 15818308
0.67, 17.58, 11.19, 196.76, 79, 84, 15830140
0.67, 17.58, 11.65, 204.82, 79, 84, 15841960
0.67, 18.88, 12.19, 230.18, 79, 84, 15853788
0.67, 17.58, 11.68, 205.29, 79, 84, 15865604
0.67, 17.25, 12.11, 208.94, 79, 84, 15877440
0.67, 18.88, 11.87, 224.07, 79, 84, 15889256
0.67, 18.23, 11.65, 212.41, 80, 84, 15901080
0.67, 18.55, 12.16, 225.71, 80, 84, 15912912
0.67, 18.88, 11.68, 220.50, 80, 84, 15924728
0.68, 17.25, 10.73, 185.21, 80, 84, 15936560
0.68, 18.23, 12.16, 221.75, 80, 85, 15948384
0.68, 18.88, 11.81, 223.05, 80, 84, 15960212
0.68, 19.21, 11.44, 219.64, 80, 84, 15972032
0.68, 18.55, 11.57, 214.70, 80, 84, 15983860
0.69, 18.88, 12.14, 229.16, 80, 84, 15995680
0.69, 17.25, 11.36, 195.91, 80, 84, 16007508
0.69, 18.55, 11.76, 218.20, 80, 84, 16019328
0.69, 19.53, 11.84, 231.27, 80, 84, 16031152
0.69, 18.55, 11.76, 218.20, 80, 84, 16042984
0.69, 20.51, 12.14, 248.91, 80, 84, 16054804
0.69, 19.21, 11.87, 227.93, 80, 84, 16066632
0.69, 18.55, 12.08, 224.21, 80, 84, 16078448
0.69, 18.88, 12.14, 229.16, 80, 84, 16090280
0.69, 19.86, 11.38, 226.01, 81, 84, 16102096
0.69, 19.53, 11.87, 231.79, 81, 84, 16113928
0.69, 19.21, 12.46, 239.33, 81, 84, 16125748
0.69, 17.25, 11.44, 197.30, 81, 84, 16137572
0.70, 18.88, 11.27, 212.86, 81, 84, 16149396
0.70, 18.88, 12.11, 228.65, 81, 84, 16161220
0.70, 19.53, 12.11, 236.53, 81, 84, 16173052
0.70, 19.53, 11.76, 229.68, 81, 84, 16184872
0.70, 19.21, 11.60, 222.75, 81, 84, 16196700
0.70, 20.18, 11.63, 234.62, 81, 84, 16208516
0.71, 18.55, 11.87, 220.20, 81, 84, 16220348
0.71, 18.88, 11.14, 210.32, 81, 84, 16232164
0.71, 18.55, 12.22, 226.71, 81, 84, 16243996
0.71, 18.88, 11.89, 224.57, 81, 84, 16255816
0.71, 19.86, 10.98, 217.98, 81, 84, 16267640
0.71, 19.86, 11.41, 226.55, 81, 84, 16279468
0.71, 19.53, 11.30, 220.73, 81, 84, 16291292
0.71, 18.88, 10.92, 206.24, 82, 84, 16303124
0.71, 19.53, 11.44, 223.36, 82, 84, 16314944
0.71, 19.21, 11.41, 219.12, 82, 84, 16326776
0.71, 20.18, 12.68, 255.85, 82, 84, 16338592
0.72, 19.53, 12.41, 242.33, 82, 84, 16350420
0.72, 20.18, 11.73, 236.80, 82, 84, 16362240
0.72, 20.51, 10.90, 223.47, 82, 84, 16374068
0.72, 19.86, 11.89, 236.19, 82, 85, 16385888
0.72, 19.53, 11.17, 218.10, 82, 84, 16397708
0.72, 20.51, 11.84, 242.83, 82, 84, 16409540
0.72, 21.16, 11.71, 247.68, 82, 84, 16421360
0.73, 19.21, 11.68, 224.30, 82, 84, 16433188
0.73, 19.86, 12.00, 238.33, 82, 84, 16445012
0.73, 19.86, 11.30, 224.41, 82, 84, 16456840
0.73, 19.86, 12.62, 250.65, 82, 84, 16468660
0.73, 19.86, 11.11, 220.66, 82, 84, 16480492
0.72, 20.18, 11.60, 234.07, 82, 84, 16492312
0.72, 20.18, 11.38, 229.72, 83, 84, 16504140
0.73, 19.21, 11.00, 211.35, 83, 84, 16515956
0.73, 21.16, 11.63, 245.97, 83, 85, 16527784
0.73, 20.83, 10.76, 224.21, 83, 84, 16539616
0.74, 20.83, 10.90, 227.02, 83, 84, 16551432
0.74, 20.51, 11.65, 238.96, 83, 84, 16563264
0.74, 20.18, 11.46, 231.35, 83, 84, 16575080
0.74, 20.18, 11.76, 237.34, 83, 84, 16586916
0.74, 20.18, 12.60, 254.22, 83, 84, 16598736
0.74, 20.83, 11.00, 229.26, 83, 84, 16610564
0.74, 20.51, 11.63, 238.40, 83, 84, 16622384
0.74, 21.48, 11.98, 257.29, 83, 84, 16634212
0.74, 21.48, 11.65, 250.34, 83, 85, 16646036
0.74, 20.83, 11.81, 246.12, 83, 84, 16657864
0.74, 20.83, 12.22, 254.55, 83, 84, 16669692
0.74, 21.48, 11.76, 252.65, 83, 84, 16681512
0.74, 21.16, 11.54, 244.26, 83, 84, 16693344
0.74, 20.51, 11.79, 241.72, 84, 84, 16705164
0.74, 21.16, 12.16, 257.39, 84, 84, 16717016
0.74, 21.48, 11.95, 256.71, 84, 85, 16728812
0.74, 21.48, 12.03, 258.45, 84, 84, 16740648
0.75, 20.83, 11.11, 231.51, 84, 84, 16752468
0.75, 21.81, 12.11, 264.13, 84, 84, 16764288
0.75, 20.83, 11.60, 241.63, 84, 84, 16776120
0.75, 21.48, 11.65, 250.34, 84, 85, 16787936
0.75, 22.14, 11.65, 257.92, 84, 84, 16799768
0.76, 21.16, 12.08, 255.67, 84, 84, 16811584
0.76, 22.14, 11.92, 263.89, 84, 84, 16823412
0.76, 21.48, 11.36, 243.96, 84, 84, 16835244
0.76, 21.48, 11.38, 244.54, 84, 84, 16847056
0.76, 21.48, 11.63, 249.76, 84, 84, 16858876
0.76, 23.11, 10.60, 244.99, 84, 84, 16870704
0.76, 21.48, 11.54, 248.02, 84, 84, 16882520
0.76, 22.14, 10.98, 243.00, 84, 84, 16894344
0.76, 21.48, 11.63, 249.76, 85, 84, 16906176
0.76, 21.48, 11.73, 252.07, 85, 84, 16917992
0.76, 20.83, 11.11, 231.51, 85, 84, 16929820
0.76, 22.14, 11.95, 264.49, 85, 84, 16941644
0.76, 22.14, 11.06, 244.79, 85, 84, 16953472
0.76, 22.79, 11.19, 255.06, 85, 84, 16965292
0.76, 21.48, 10.95, 235.27, 85, 84, 16977140
0.76, 22.14, 11.41, 252.55, 85, 85, 16988940
0.77, 21.48, 12.00, 257.87, 85, 84, 17000768
0.77, 21.16, 11.63, 245.97, 85, 84, 17012588
0.77, 21.81, 11.22, 244.72, 85, 84, 17024408
0.77, 21.81, 12.06, 262.95, 85, 84, 17036240
0.77, 21.16, 11.46, 242.55, 85, 84, 17048056
0.77, 22.79, 11.27, 256.90, 85, 84, 17059884
0.77, 21.16, 11.46, 242.55, 85, 84, 17071704
0.77, 22.46, 11.81, 265.35, 85, 84, 17083532
0.78, 22.14, 11.54, 255.53, 85, 84, 17095364
0.78, 21.81, 12.16, 265.31, 86, 84, 17107176
0.78, 21.81, 12.27, 267.66, 86, 84, 17118996
0.77, 22.14, 12.49, 276.43, 86, 84, 17130824
0.77, 22.46, 12.00, 269.59, 86, 84, 17142640
0.77, 22.46, 11.76, 264.14, 86, 84, 17154468
0.77, 21.81, 11.41, 248.83, 86, 84, 17166296
0.77, 21.81, 11.46, 250.01, 86, 84, 17178120
0.78, 21.81, 11.49, 250.60, 86, 84, 17189944
0.78, 22.79, 11.30, 257.52, 86, 84, 17201764
0.78, 23.11, 11.60, 268.05, 86, 84, 17213592
0.78, 22.79, 12.30, 280.26, 86, 84, 17225416
0.78, 22.46, 12.08, 271.41, 86, 84, 17237264
0.78, 21.81, 11.95, 260.60, 86, 85, 17249064
0.79, 22.14, 11.79, 260.91, 86, 84, 17260888
0.79, 23.11, 11.87, 274.29, 86, 84, 17272712
0.79, 22.14, 10.98, 243.00, 86, 84, 17284536
0.79, 23.44, 11.95, 280.05, 86, 84, 17296368
0.79, 22.14, 11.81, 261.50, 87, 84, 17308188
0.79, 22.79, 12.54, 285.79, 87, 84, 17320020
0.79, 23.44, 11.65, 273.09, 87, 84, 17331836
0.79, 22.46, 11.71, 262.93, 87, 84, 17343668
0.79, 23.44, 11.79, 276.25, 87, 84, 17355496
0.79, 23.11, 11.17, 258.08, 87, 84, 17367312
0.79, 23.76, 10.98, 260.86, 87, 84, 17379132
0.79, 23.76, 11.76, 279.45, 87, 84, 17390956
0.79, 22.46, 12.33, 276.86, 87, 84, 17402780
0.79, 22.79, 11.09, 252.60, 87, 84, 17414604
0.79, 23.44, 11.41, 267.40, 87, 84, 17426436
0.79, 22.79, 11.60, 264.28, 87, 84, 17438256
0.79, 22.79, 11.00, 250.76, 87, 84, 17450088
0.79, 22.46, 11.73, 263.53, 87, 84, 17461904
0.79, 22.46, 11.46, 257.47, 87, 84, 17473736
0.80, 22.79, 12.38, 282.10, 87, 84, 17485556
0.80, 21.81, 11.27, 245.89, 87, 84, 17497408
0.80, 23.44, 12.16, 285.10, 88, 85, 17509204
0.80, 24.41, 11.03, 269.33, 88, 84, 17521028
0.80, 23.11, 11.44, 264.31, 88, 84, 17532860
0.80, 22.79, 11.30, 257.52, 88, 84, 17544680
0.80, 22.79, 11.46, 261.21, 88, 84, 17556512
0.80, 25.07, 11.27, 282.59, 88, 84, 17568332
0.80, 23.76, 11.30, 268.55, 88, 84, 17580160
0.81, 23.11, 11.44, 264.31, 88, 84, 17591984
0.81, 23.44, 11.52, 269.93, 88, 84, 17603812
0.81, 23.76, 11.19, 265.99, 88, 84, 17615644
0.81, 24.41, 10.71, 261.42, 88, 84, 17627460
0.81, 23.44, 11.11, 260.45, 88, 84, 17639280
0.81, 23.76, 11.65, 276.89, 88, 84, 17651108
0.81, 23.76, 11.33, 269.19, 88, 84, 17662936
0.81, 25.72, 11.38, 292.71, 88, 84, 17674756
0.81, 24.09, 12.27, 295.62, 88, 84, 17686588
0.81, 24.09, 11.00, 265.09, 88, 84, 17698408
0.81, 23.76, 12.08, 287.14, 89, 84, 17710240
0.81, 25.07, 11.19, 280.57, 89, 84, 17722056
0.81, 24.09, 12.62, 304.07, 89, 84, 17733888
0.81, 24.09, 11.95, 287.83, 89, 84, 17745700
0.82, 25.39, 11.19, 284.21, 89, 84, 17757548
0.82, 25.07, 11.36, 284.62, 89, 85, 17769352
0.82, 24.09, 11.09, 267.04, 89, 84, 17781176
0.82, 24.74, 11.46, 283.59, 89, 84, 17793012
0.82, 24.09, 12.11, 291.72, 89, 84, 17804832
0.82, 23.76, 12.97, 308.29, 89, 84, 17816660
0.82, 23.44, 12.30, 288.27, 89, 84, 17828480
0.82, 24.09, 11.52, 277.43, 89, 84, 17840316
0.82, 24.09, 10.73, 258.59, 89, 84, 17852132
0.82, 24.09, 11.33, 272.88, 89, 84, 17863960
0.82, 25.07, 11.41, 285.97, 89, 84, 17875784
0.82, 24.41, 12.25, 298.96, 89, 84, 17887600
0.82, 24.41, 11.33, 276.57, 89, 84, 17899424
0.82, 24.74, 11.79, 291.60, 90, 84, 17911248
0.83, 24.09, 11.60, 279.38, 90, 84, 17923076
0.83, 24.09, 12.03, 289.78, 90, 84, 17934896
0.83, 24.41, 11.17, 272.62, 90, 84, 17946724
0.83, 25.07, 11.17, 279.89, 90, 84, 17958544
0.83, 24.74, 11.76, 290.93, 90, 84, 17970372
0.83, 25.07, 11.54, 289.35, 90, 84, 17982192
0.84, 25.07, 11.38, 285.30, 90, 84, 17994020
0.84, 25.39, 10.79, 273.94, 90, 84, 18005836
0.84, 25.39, 11.36, 288.32, 90, 84, 18017680
0.84, 24.41, 11.41, 278.55, 90, 84, 18029484
0.84, 25.07, 11.73, 294.09, 90, 84, 18041308
0.84, 25.39, 11.14, 282.84, 90, 84, 18053140
0.84, 24.74, 11.09, 274.25, 90, 84, 18064956
0.84, 25.39, 11.03, 280.10, 90, 84, 18076788
0.84, 24.74, 12.16, 300.94, 90, 84, 18088604
0.84, 25.07, 11.52, 288.68, 90, 84, 18100436
0.84, 24.74, 11.52, 284.93, 91, 84, 18112252
0.84, 26.04, 10.76, 280.26, 91, 84, 18124084
0.84, 25.07, 12.78, 320.45, 91, 84, 18135900
0.84, 25.72, 11.11, 285.77, 91, 84, 18147720
0.84, 25.07, 10.73, 269.07, 91, 84, 18159556
0.84, 26.04, 12.06, 313.97, 91, 85, 18171368
0.85, 25.39, 11.98, 304.07, 91, 84, 18183200
0.85, 25.07, 10.95, 274.48, 91, 84, 18195020
0.85, 26.37, 10.57, 278.78, 91, 84, 18206852
0.85, 25.39, 11.22, 284.89, 91, 84, 18218672
0.85, 25.72, 11.52, 296.18, 91, 84, 18230500
0.85, 25.72, 11.57, 297.56, 91, 84, 18242320
0.85, 25.72, 11.73, 301.72, 91, 84, 18254152
0.85, 25.39, 11.30, 286.95, 91, 84, 18265968
0.85, 25.72, 11.81, 303.81, 91, 84, 18277792
0.85, 26.04, 11.03, 287.28, 91, 84, 18289624
0.85, 26.04, 11.79, 306.95, 91, 84, 18301440
0.85, 25.07, 11.65, 292.06, 92, 84, 18313272
0.85, 25.72, 11.63, 298.95, 92, 84, 18325088
0.85, 25.39, 11.81, 299.96, 92, 84, 18336920
0.85, 27.02, 11.36, 306.80, 92, 84, 18348732
0.86, 26.69, 12.25, 326.86, 92, 84, 18360568
0.86, 26.04, 12.06, 313.97, 92, 84, 18372384
0.86, 27.34, 11.65, 318.61, 92, 84, 18384204
0.86, 26.37, 11.79, 310.79, 92, 84, 18396028
0.86, 26.37, 12.49, 329.28, 92, 84, 18407852
0.86, 26.04, 11.27, 293.60, 92, 84, 18419684
0.87, 26.69, 11.06, 295.18, 92, 84, 18431500
0.87, 26.37, 11.73, 309.36, 92, 84, 18443332
0.87, 25.72, 11.57, 297.56, 92, 84, 18455148
0.87, 26.37, 11.76, 310.07, 92, 84, 18466980
0.87, 27.34, 11.92, 325.98, 92, 84, 18478800
0.87, 26.37, 11.06, 291.58, 92, 84, 18490628
0.87, 27.02, 11.30, 305.34, 92, 84, 18502444
0.87, 26.69, 11.71, 312.46, 93, 84, 18514268
0.87, 26.69, 11.27, 300.94, 93, 84, 18526092
0.87, 26.04, 10.65, 277.45, 93, 84, 18537916
0.87, 27.34, 11.27, 308.28, 93, 84, 18549748
0.87, 26.04, 11.17, 290.79, 93, 84, 18561564
0.87, 27.02, 11.44, 308.99, 93, 84, 18573396
0.88, 27.02, 11.89, 321.37, 93, 84, 18585208
0.88, 27.67, 10.90, 301.51, 93, 84, 18597040
0.88, 26.37, 11.49, 302.96, 93, 84, 18608860
0.88, 26.04, 11.00, 286.58, 93, 84, 18620688
0.88, 27.67, 11.25, 311.21, 93, 84, 18632508
0.88, 26.04, 11.38, 296.41, 93, 84, 18644332
0.88, 27.34, 11.65, 318.61, 93, 84, 18656152
0.88, 27.99, 12.19, 341.30, 93, 84, 18667980
0.88, 27.67, 12.65, 350.01, 93, 84, 18679812
0.88, 27.34, 11.60, 317.13, 93, 84, 18691628
0.88, 26.69, 11.41, 304.54, 93, 84, 18703460
0.88, 28.65, 11.06, 316.78, 94, 84, 18715280
0.88, 27.34, 11.46, 313.45, 94, 85, 18727112
0.88, 27.99, 12.19, 341.30, 94, 84, 18738932
0.88, 27.02, 11.57, 312.63, 94, 84, 18750764
0.88, 27.99, 11.52, 322.42, 94, 84, 18762584
0.88, 27.67, 11.03, 305.24, 94, 84, 18774408
0.88, 26.37, 10.95, 288.74, 94, 84, 18786240
0.89, 28.65, 10.98, 314.46, 94, 84, 18798060
0.89, 27.02, 11.71, 316.27, 94, 84, 18809892
0.89, 27.67, 11.19, 309.71, 94, 84, 18821712
0.89, 27.67, 11.81, 326.88, 94, 84, 18833544
0.89, 27.34, 11.65, 318.61, 94, 84, 18845360
0.89, 28.32, 10.71, 303.25, 94, 84, 18857196
0.89, 28.97, 11.00, 318.82, 94, 85, 18869016
0.89, 27.67, 11.49, 317.92, 94, 84, 18880840
0.89, 28.32, 11.19, 317.00, 94, 84, 18892664
0.89, 27.67, 11.41, 315.69, 94, 84, 18904488
0.89, 27.67, 11.87, 328.37, 95, 84, 18916316
0.89, 27.34, 10.90, 297.96, 95, 84, 18928136
0.89, 28.32, 11.17, 316.24, 95, 84, 18939964
0.89, 28.32, 11.68, 330.75, 95, 84, 18951784
0.89, 27.67, 10.92, 302.25, 95, 84, 18963612
0.90, 28.65, 11.57, 331.46, 95, 84, 18975432
0.90, 28.32, 11.87, 336.10, 95, 84, 18987260
0.90, 28.65, 11.79, 337.64, 95, 84, 18999076
0.90, 28.97, 11.87, 343.83, 95, 84, 19010900
0.90, 28.97, 11.54, 334.45, 95, 84, 19022724
0.90, 28.97, 11.25, 325.85, 95, 84, 19034552
0.90, 28.65, 11.30, 323.74, 95, 84, 19046380
0.90, 28.97, 11.60, 336.01, 95, 84, 19058204
0.90, 27.99, 11.06, 309.58, 95, 84, 19070032
0.90, 28.65, 11.46, 328.37, 95, 84, 19081848
0.90, 28.97, 11.27, 326.63, 95, 84, 19093680
0.90, 28.97, 11.84, 343.04, 95, 84, 19105500
0.90, 27.99, 11.19, 313.36, 96, 84, 19117332
0.90, 28.97, 11.22, 325.07, 96, 84, 19129148
0.90, 27.99, 11.54, 323.17, 96, 84, 19140972
0.90, 28.65, 10.76, 308.28, 96, 84, 19152796
0.90, 28.97, 11.41, 330.54, 96, 84, 19164620
0.91, 28.32, 11.30, 320.06, 96, 84, 19176448
0.91, 28.65, 11.03, 316.01, 96, 84, 19188268
0.91, 29.30, 11.79, 345.32, 96, 84, 19200100
0.91, 29.95, 11.27, 337.64, 96, 84, 19211916
0.91, 28.97, 11.71, 339.14, 96, 84, 19223744
0.91, 28.97, 11.54, 334.45, 96, 84, 19235564
0.91, 29.62, 11.60, 343.56, 96, 84, 19247396
0.91, 28.65, 11.03, 316.01, 96, 84, 19259216
0.91, 29.30, 11.19, 327.93, 96, 84, 19271040
0.91, 27.99, 11.27, 315.62, 96, 84, 19282876
0.91, 28.97, 10.73, 311.01, 96, 84, 19294692
0.91, 30.27, 11.14, 337.23, 96, 84, 19306528
0.91, 28.65, 11.76, 336.87, 97, 84, 19318344
0.91, 30.27, 11.71, 354.38, 97, 84, 19330180
0.91, 28.97, 11.84, 343.04, 97, 84, 19341996
0.91, 29.62, 11.30, 334.77, 97, 84, 19353828
0.91, 29.62, 11.00, 325.98, 97, 84, 19365644
0.92, 29.30, 11.30, 331.09, 97, 84, 19377476
0.92, 29.30, 11.41, 334.25, 97, 84, 19389296
0.92, 29.30, 11.54, 338.21, 97, 84, 19401116
0.92, 29.62, 11.49, 340.37, 97, 84, 19412948
0.92, 29.62, 11.30, 334.77, 97, 84, 19424772
0.92, 29.95, 12.19, 365.11, 97, 84, 19436600
0.92, 30.27, 11.73, 355.20, 97, 85, 19448420
0.92, 28.65, 10.60, 303.65, 97, 84, 19460248
0.92, 29.30, 11.36, 332.67, 97, 84, 19472064
0.92, 29.30, 11.41, 334.25, 97, 84, 19483892
0.92, 29.62, 11.00, 325.98, 97, 84, 19495728
0.92, 28.97, 11.79, 341.48, 97, 84, 19507532
0.92, 30.27, 11.60, 351.11, 98, 84, 19519356
0.92, 30.60, 11.11, 340.03, 98, 84, 19531184
0.92, 29.62, 11.57, 342.76, 98, 84, 19543012
0.92, 29.30, 10.71, 313.71, 98, 84, 19554832
0.93, 30.27, 11.25, 340.50, 98, 84, 19566664
0.93, 29.30, 11.11, 325.56, 98, 84, 19578480
0.93, 29.95, 12.03, 360.26, 98, 84, 19590308
0.93, 30.60, 11.52, 352.41, 98, 84, 19602128
0.93, 31.58, 12.00, 378.99, 98, 84, 19613956
0.93, 30.60, 11.25, 344.16, 98, 84, 19625776
0.93, 29.62, 11.49, 340.37, 98, 84, 19637604
0.93, 29.95, 11.11, 332.80, 98, 84, 19649432
0.93, 30.27, 11.33, 342.95, 98, 84, 19661256
0.93, 29.30, 10.92, 320.03, 98, 84, 19673084
0.93, 29.95, 11.46, 343.30, 98, 84, 19684908
0.93, 30.27, 11.17, 338.05, 98, 84, 19696744
0.93, 29.62, 11.09, 328.38, 98, 84, 19708568
0.93, 31.25, 10.44, 326.19, 99, 84, 19720404
0.93, 29.62, 10.57, 313.20, 99, 84, 19732228
0.93, 30.27, 11.11, 336.41, 99, 84, 19744060
0.93, 30.92, 12.00, 371.17, 99, 84, 19755900
0.94, 29.95, 11.11, 332.80, 99, 85, 19767712
0.94, 30.92, 12.03, 372.01, 99, 84, 19779548
0.93, 31.25, 11.25, 351.48, 99, 84, 19791368
0.94, 30.92, 11.06, 341.98, 99, 84, 19803204
0.94, 29.95, 10.44, 312.60, 99, 84, 19815024
0.94, 30.27, 11.14, 337.23, 99, 84, 19826856
0.94, 30.92, 11.14, 344.48, 99, 84, 19838676
0.94, 30.60, 10.95, 335.08, 99, 84, 19850508
0.94, 30.60, 11.06, 338.38, 99, 84, 19862332
0.94, 30.27, 10.65, 322.53, 99, 84, 19874156
0.94, 30.60, 10.68, 326.83, 99, 84, 19885984
0.94, 30.27, 11.46, 347.03, 99, 84, 19897836
0.94, 30.92, 10.49, 324.47, 99, 84, 19909652
0.94, 30.27, 10.57, 320.08, 100, 84, 19921472
0.94, 30.60, 11.60, 354.89, 100, 84, 19933308
0.94, 32.88, 11.09, 364.47, 100, 84, 19945128
0.95, 31.25, 11.14, 348.11, 100, 84, 19956964
0.95, 30.92, 11.03, 341.15, 100, 84, 19968784
0.96, 31.25, 11.41, 356.54, 100, 84, 19980620
0.96, 31.58, 10.60, 334.70, 100, 84, 19992440
0.96, 30.92, 11.68, 361.17, 100, 84, 20004272
0.97, 32.23, 11.60, 373.76, 100, 84, 20016116
0.97, 31.90, 11.63, 370.85, 100, 84, 20027920
0.97, 30.92, 11.00, 340.31, 100, 84, 20039760
0.97, 32.23, 11.79, 379.85, 100, 84, 20051576
0.97, 31.25, 10.92, 341.37, 100, 84, 20063408
0.97, 32.23, 11.52, 371.16, 100, 84, 20075232
0.97, 31.58, 10.79, 340.66, 100, 84, 20087064
0.97, 32.23, 11.49, 370.29, 100, 84, 20098888
0.97, 32.23, 10.52, 339.00, 100, 84, 20110716
0.97, 31.58, 11.52, 363.66, 100, 84, 20122540
0.97, 31.58, 11.30, 356.85, 100, 84, 20134364
0.97, 32.23, 11.46, 369.42, 100, 84, 20146200
0.97, 32.23, 11.63, 374.63, 100, 84, 20158040
0.97, 32.88, 11.76, 386.64, 100, 84, 20169852
0.97, 31.90, 10.98, 350.20, 100, 84, 20181672
0.97, 33.53, 11.30, 378.92, 100, 84, 20193504
0.97, 31.90, 10.95, 349.34, 100, 84, 20205332
0.97, 32.88, 11.14, 366.24, 100, 84, 20217164
0.97, 32.55, 10.98, 357.35, 100, 85, 20228984
0.97, 32.23, 11.54, 372.03, 100, 84, 20240816
0.97, 32.23, 10.73, 345.95, 100, 84, 20252648
0.97, 32.88, 11.11, 365.35, 100, 84, 20264468
0.97, 32.23, 10.38, 334.65, 100, 84, 20276300
0.97, 32.23, 10.95, 352.90, 100, 84, 20288124
0.97, 32.55, 11.22, 365.25, 100, 84, 20299956
0.97, 32.55, 12.06, 392.47, 100, 84, 20311780
0.97, 31.58, 11.19, 353.44, 100, 84, 20323616
0.97, 31.58, 11.73, 370.47, 100, 84, 20335436
0.97, 32.55, 11.38, 370.52, 100, 84, 20347268
0.97, 32.55, 10.92, 355.59, 100, 84, 20359104
0.97, 31.25, 10.95, 342.21, 100, 84, 20370924
0.97, 32.23, 11.41, 367.68, 100, 84, 20382760
0.97, 31.90, 11.41, 363.97, 100, 84, 20394584
0.97, 31.25, 10.95, 342.21, 100, 84, 20406420
0.97, 32.55, 10.92, 355.59, 100, 84, 20418248
0.97, 31.90, 11.14, 355.36, 100, 84, 20430072
0.96, 32.23, 11.49, 370.29, 100, 84, 20441896
0.97, 33.85, 11.03, 373.47, 100, 84, 20453724
0.96, 31.90, 10.95, 349.34, 100, 84, 20465552
0.97, 31.58, 11.06, 349.18, 100, 84, 20477380
0.96, 31.90, 10.84, 345.90, 100, 84, 20489216
0.96, 31.25, 10.90, 340.52, 100, 84, 20501040
0.96, 31.25, 11.09, 346.42, 100, 84, 20512872
0.96, 31.25, 11.25, 351.48, 100, 84, 20524696
0.96, 31.90, 10.57, 337.29, 100, 84, 20536528
0.96, 31.25, 11.22, 350.64, 100, 84, 20548352
0.96, 31.90, 11.03, 351.92, 100, 84, 20560188
0.97, 32.23, 11.25, 362.46, 100, 84, 20572012
0.96, 31.58, 11.06, 349.18, 100, 84, 20583840
0.96, 31.25, 12.03, 375.92, 100, 84, 20595672
0.96, 32.23, 10.65, 343.34, 100, 84, 20607492
0.96, 30.92, 10.95, 338.64, 100, 84, 20619328
0.96, 32.23, 10.41, 335.52, 100, 84, 20631148
0.96, 31.90, 11.22, 357.94, 100, 84, 20642976
0.96, 31.90, 11.19, 357.08, 100, 84, 20654796
0.96, 31.58, 11.71, 369.62, 100, 84, 20666628
0.96, 31.90, 11.41, 363.97, 100, 84, 20678448
0.96, 32.23, 10.47, 337.26, 100, 84, 20690280
0.96, 32.55, 11.22, 365.25, 100, 84, 20702104
0.96, 32.23, 11.49, 370.29, 100, 84, 20713932
0.96, 31.25, 11.03, 344.74, 100, 84, 20725768
0.96, 31.58, 11.30, 356.85, 100, 84, 20737588
0.96, 32.23, 11.81, 380.72, 100, 84, 20749424
0.96, 30.92, 11.36, 351.16, 100, 84, 20761248
0.96, 30.92, 11.33, 350.32, 100, 84, 20773080
0.96, 31.58, 11.14, 351.74, 100, 84, 20784900
0.96, 33.20, 11.41, 378.82, 100, 84, 20796732
0.96, 31.90, 11.38, 363.11, 100, 84, 20808552
0.96, 32.23, 10.84, 349.43, 100, 84, 20820380
0.96, 32.55, 11.81, 384.56, 100, 84, 20832212
0.96, 32.23, 11.44, 368.55, 100, 84, 20844032
0.96, 32.23, 11.41, 367.68, 100, 84, 20855868
0.96, 31.58, 11.19, 353.44, 100, 84, 20867688
0.96, 32.23, 11.57, 372.90, 100, 84, 20879516
0.96, 31.90, 11.30, 360.52, 100, 84, 20891340
0.96, 32.23, 11.17, 359.86, 100, 84, 20903172
0.96, 32.88, 11.33, 372.45, 100, 84, 20915000
STOP
0.96, 31.90, 11.65, 371.71, 0, 84, 20926824
0.96, 32.55, 13.81, 449.54, 0, 84, 20938652
0.96, 27.34, 12.76, 348.85, 0, 84, 20950484
0.87, 24.09, 12.65, 304.72, 0, 84, 20962316
0.62, 23.11, 11.95, 276.16, 0, 84, 20974140
0.41, 20.18, 12.76, 257.48, 0, 84, 20985976
0.25, 18.23, 12.54, 228.63, 0, 84, 20997796
0.16, 16.60, 12.22, 202.84, 0, 84, 21009632
0.09, 14.97, 12.27, 183.77, 0, 84, 21021452
0.06, 13.35, 12.25, 163.43, 0, 84, 21033288
0.03, 12.04, 12.25, 147.49, 0, 84, 21045108
0.02, 10.74, 12.30, 132.12, 0, 84, 21056952
0.01, 9.77, 12.27, 119.85, 0, 84, 21068772
0.01, 8.79, 12.27, 107.86, 0, 84, 21080588
0.00, 8.14, 12.27, 99.87, 0, 84, 21092424
0.01, 7.16, 12.27, 87.89, 0, 84, 21104244
