START
0.01, -0.33, 12.35, -4.02, 1, 19, 512
0.01, -0.00, 12.33, -0.00, 1, 139, 7740
0.01, -0.00, 12.33, -0.00, 1, 84, 19572
0.01, -0.00, 12.33, -0.00, 1, 84, 31396
0.01, -0.00, 12.33, -0.00, 1, 84, 43228
0.01, -0.00, 12.33, -0.00, 1, 84, 55052
0.01, -0.00, 12.33, -0.00, 1, 84, 66888
0.01, -0.00, 12.33, -0.00, 1, 84, 78708
0.01, -0.00, 12.33, -0.00, 1, 84, 90536
0.01, -0.00, 12.33, -0.00, 1, 84, 102368
0.01, -0.00, 12.30, -0.00, 1, 84, 114188
0.01, -0.00, 12.33, -0.00, 1, 84, 126024
0.01, -0.00, 12.33, -0.00, 1, 84, 137848
0.01, -0.00, 12.33, -0.00, 1, 84, 149680
0.01, -0.00, 12.30, -0.00, 1, 84, 161500
0.01, -0.00, 12.33, -0.00, 1, 84, 173332
0.01, -0.00, 12.33, -0.00, 1, 84, 185148
0.01, -0.00, 12.33, -0.00, 1, 84, 196976
0.01, -0.00, 12.33, -0.00, 1, 84, 208804
0.01, -0.00, 12.33, -0.00, 2, 84, 220628
0.01, -0.00, 12.33, -0.00, 2, 84, 232464
0.01, -0.00, 12.33, -0.00, 2, 84, 244280
0.01, -0.00, 12.33, -0.00, 2, 84, 256112
0.01, -0.00, 12.33, -0.00, 2, 84, 267932
0.01, -0.00, 12.33, -0.00, 2, 84, 279768
0.01, -0.00, 12.33, -0.00, 2, 84, 291588
0.01, -0.00, 12.35, -0.00, 2, 84, 303424
0.01, -0.00, 12.33, -0.00, 2, 85, 315244
0.01, -0.00, 12.33, -0.00, 2, 84, 327076
0.01, -0.00, 12.33, -0.00, 2, 84, 338908
0.01, -0.00, 12.33, -0.00, 2, 84, 350732
0.01, -0.00, 12.33, -0.00, 2, 84, 362564
0.01, -0.00, 12.33, -0.00, 2, 84, 374388
0.01, -0.00, 12.33, -0.00, 2, 84, 386220
0.01, -0.00, 12.33, -0.00, 2, 84, 398036
0.01, -0.00, 12.33, -0.00, 2, 84, 409868
0.01, -0.00, 12.33, -0.00, 3, 84, 421692
0.01, -0.00, 12.33, -0.00, 3, 84, 433516
0.01, -0.00, 12.33, -0.00, 3, 84, 445344
0.01, -0.00, 12.30, -0.00, 3, 84, 457168
0.01, -0.00, 12.33, -0.00, 3, 84, 469000
0.01, -0.00, 12.30, -0.00, 3, 84, 480824
0.01, -0.00, 12.33, -0.00, 3, 84, 492652
0.01, -0.00, 12.30, -0.00, 3, 84, 504476
0.01, -0.00, 12.33, -0.00, 3, 84, 516308
0.01, -0.00, 12.33, -0.00, 3, 84, 528128
0.01, -0.00, 12.33, -0.00, 3, 84, 539960
0.01, -0.00, 12.33, -0.00, 3, 84, 551780
0.01, -0.00, 12.33, -0.00, 3, 84, 563608
0.01, -0.00, 12.33, -0.00, 3, 84, 575436
0.01, -0.00, 12.33, -0.00, 3, 84, 587260
0.01, -0.00, 12.33, -0.00, 3, 84, 599096
0.01, -0.00, 12.33, -0.00, 3, 84, 610916
0.01, -0.00, 12.33, -0.00, 4, 84, 622752
0.01, -0.00, 12.30, -0.00, 4, 84, 634576
0.01, -0.00, 12.30, -0.00, 4, 84, 646408
0.01, -0.00, 12.33, -0.00, 4, 84, 658232
0.01, -0.00, 12.35, -0.00, 4, 84, 670060
0.01, -0.00, 12.30, -0.00, 4, 84, 681884
0.01, -0.00, 12.30, -0.00, 4, 84, 693712
0.01, -0.00, 12.30, -0.00, 4, 84, 705548
0.01, -0.00, 12.33, -0.00, 4, 84, 717372
0.01, -0.00, 12.33, -0.00, 4, 84, 729204
0.01, -0.00, 12.30, -0.00, 4, 84, 741024
0.01, -0.00, 12.30, -0.00, 4, 84, 752860
0.01, -0.00, 12.33, -0.00, 4, 84, 764684
0.01, -0.00, 12.33, -0.00, 4, 84, 776516
0.01, -0.00, 12.30, -0.00, 4, 84, 788340
0.01, -0.00, 12.33, -0.00, 4, 84, 800168
0.01, -0.00, 12.35, -0.00, 4, 84, 812000
0.01, -0.00, 12.30, -0.00, 5, 84, 823836
0.01, -0.00, 12.30, -0.00, 5, 85, 835656
0.01, -0.00, 12.30, -0.00, 5, 84, 847476
0.01, -0.00, 12.33, -0.00, 5, 84, 859308
0.01, 0.33, 12.33, 4.01, 5, 84, 871132
0.01, 0.33, 12.30, 4.00, 5, 84, 882964
0.01, -0.00, 12.33, -0.00, 5, 84, 894784
0.01, 0.33, 12.33, 4.01, 5, 84, 906616
0.01, -0.00, 12.30, -0.00, 5, 84, 918444
0.01, 0.33, 12.30, 4.00, 5, 84, 930276
0.01, -0.00, 12.30, -0.00, 5, 84, 942108
0.01, -0.00, 12.33, -0.00, 5, 84, 953928
0.01, -0.00, 12.33, -0.00, 5, 84, 965760
0.01, -0.00, 12.33, -0.00, 5, 84, 977580
0.01, -0.00, 12.35, -0.00, 5, 84, 989416
0.01, -0.00, 12.30, -0.00, 5, 84, 1001240
0.01, -0.00, 12.35, -0.00, 5, 84, 1013068
0.01, 0.33, 12.33, 4.01, 6, 84, 1024916
0.01, 0.33, 12.30, 4.00, 6, 85, 1036720
0.01, 0.33, 12.33, 4.01, 6, 84, 1048556
0.01, 0.33, 12.30, 4.00, 6, 84, 1060376
0.01, 0.33, 12.33, 4.01, 6, 84, 1072208
0.01, -0.00, 12.33, -0.00, 6, 84, 1084044
0.01, -0.00, 12.33, -0.00, 6, 84, 1095860
0.01, -0.00, 12.35, -0.00, 6, 84, 1107684
0.01, -0.00, 12.35, -0.00, 6, 84, 1119516
0.02, -0.00, 12.33, -0.00, 6, 84, 1131336
0.01, -0.00, 12.35, -0.00, 6, 84, 1143160
0.02, 0.33, 12.35, 4.02, 6, 84, 1154988
0.01, -0.00, 12.33, -0.00, 6, 84, 1166812
0.02, -0.00, 12.33, -0.00, 6, 84, 1178648
0.01, -0.00, 12.33, -0.00, 6, 84, 1190468
0.01, 0.33, 12.33, 4.01, 6, 84, 1202300
0.01, -0.00, 12.27, -0.00, 6, 84, 1214116
0.01, -0.00, 12.35, -0.00, 7, 84, 1225952
0.02, -0.00, 12.35, -0.00, 7, 84, 1237776
0.01, 0.33, 12.25, 3.99, 7, 84, 1249612
0.02, 0.33, 12.30, 4.00, 7, 84, 1261432
0.02, 0.33, 12.30, 4.00, 7, 84, 1273260
0.02, 0.33, 12.30, 4.00, 7, 84, 1285112
0.02, 0.33, 12.35, 4.02, 7, 84, 1296912
0.02, 0.33, 12.35, 4.02, 7, 84, 1308744
0.02, 0.33, 12.30, 4.00, 7, 84, 1320564
0.02, -0.00, 12.35, -0.00, 7, 84, 1332396
0.02, 0.33, 12.35, 4.02, 7, 84, 1344232
0.02, 0.33, 12.33, 4.01, 7, 84, 1356048
0.02, 0.33, 12.35, 4.02, 7, 84, 1367872
0.02, -0.00, 12.33, -0.00, 7, 84, 1379696
0.02, 0.33, 12.35, 4.02, 7, 84, 1391524
0.02, 0.33, 12.27, 3.99, 7, 84, 1403352
0.02, 0.33, 12.33, 4.01, 7, 84, 1415184
0.02, 0.33, 12.35, 4.02, 8, 84, 1427004
0.02, 0.33, 12.35, 4.02, 8, 84, 1438836
0.02, 0.33, 12.41, 4.04, 8, 84, 1450660
0.02, 0.33, 12.30, 4.00, 8, 84, 1462492
0.02, 0.33, 12.35, 4.02, 8, 84, 1474312
0.02, 0.33, 12.35, 4.02, 8, 84, 1486148
0.02, 0.33, 12.35, 4.02, 8, 84, 1497968
0.02, 0.33, 12.33, 4.01, 8, 84, 1509796
0.02, 0.33, 12.38, 4.03, 8, 84, 1521632
0.02, 0.33, 12.33, 4.01, 8, 84, 1533448
0.02, 0.33, 12.33, 4.01, 8, 84, 1545300
0.02, 0.33, 12.38, 4.03, 8, 84, 1557100
0.02, 0.33, 12.30, 4.00, 8, 84, 1568932
0.02, 0.33, 12.41, 4.04, 8, 84, 1580748
0.02, 0.33, 12.30, 4.00, 8, 84, 1592584
0.02, 0.33, 12.35, 4.02, 8, 84, 1604400
0.02, 0.33, 12.25, 3.99, 8, 84, 1616232
0.02, 0.33, 12.35, 4.02, 9, 84, 1628052
0.02, 0.33, 12.33, 4.01, 9, 84, 1639880
0.02, 0.33, 12.35, 4.02, 9, 84, 1651716
0.02, 0.33, 12.35, 4.02, 9, 84, 1663536
0.02, 0.33, 12.35, 4.02, 9, 84, 1675368
0.02, 0.33, 12.43, 4.05, 9, 84, 1687188
0.02, 0.33, 12.27, 3.99, 9, 84, 1699020
0.02, 0.33, 12.25, 3.99, 9, 84, 1710840
0.02, 0.33, 12.22, 3.98, 9, 84, 1722668
0.02, 0.33, 12.33, 4.01, 9, 84, 1734488
0.02, 0.33, 12.35, 4.02, 9, 84, 1746320
0.02, 0.33, 12.35, 4.02, 9, 84, 1758156
0.02, 0.33, 12.33, 4.01, 9, 84, 1769976
0.02, 0.33, 12.30, 4.00, 9, 84, 1781808
0.02, 0.33, 12.27, 3.99, 9, 84, 1793632
0.02, 0.33, 12.30, 4.00, 9, 84, 1805484
0.02, 0.33, 12.33, 4.01, 9, 84, 1817288
0.02, 0.33, 12.35, 4.02, 10, 84, 1829120
0.02, 0.33, 12.27, 3.99, 10, 84, 1840940
0.02, 0.33, 12.30, 4.00, 10, 84, 1852768
0.02, 0.33, 12.35, 4.02, 10, 84, 1864592
0.02, 0.33, 12.27, 3.99, 10, 84, 1876420
0.02, 0.33, 12.27, 3.99, 10, 84, 1888256
0.02, 0.33, 12.35, 4.02, 10, 84, 1900076
0.02, 0.33, 12.30, 4.00, 10, 84, 1911916
0.02, 0.33, 12.25, 3.99, 10, 84, 1923736
0.02, 0.33, 12.27, 3.99, 10, 84, 1935568
0.02, 0.33, 12.35, 4.02, 10, 84, 1947388
0.02, 0.33, 12.33, 4.01, 10, 84, 1959220
0.02, 0.33, 12.33, 4.01, 10, 84, 1971040
0.02, 0.33, 12.35, 4.02, 10, 84, 1982864
0.02, 0.33, 12.33, 4.01, 10, 84, 1994700
0.02, 0.33, 12.35, 4.02, 10, 84, 2006520
0.02, 0.33, 12.33, 4.01, 10, 84, 2018352
0.02, 0.33, 12.27, 3.99, 11, 84, 2030172
0.02, 0.33, 12.27, 3.99, 11, 84, 2042004
0.02, 0.33, 12.30, 4.00, 11, 84, 2053824
0.02, 0.33, 12.35, 4.02, 11, 84, 2065660
0.02, 0.33, 12.33, 4.01, 11, 84, 2077476
0.02, 0.65, 12.30, 8.01, 11, 84, 2089304
0.02, 0.33, 12.33, 4.01, 11, 84, 2101128
0.02, 0.65, 12.33, 8.02, 11, 84, 2112956
0.02, 0.33, 12.33, 4.01, 11, 84, 2124788
0.02, 0.33, 12.33, 4.01, 11, 84, 2136604
0.02, 0.33, 12.30, 4.00, 11, 84, 2148440
0.02, 0.33, 12.30, 4.00, 11, 84, 2160260
0.02, 0.33, 12.35, 4.02, 11, 84, 2172092
0.03, 0.33, 12.35, 4.02, 11, 84, 2183912
0.02, 0.33, 12.33, 4.01, 11, 84, 2195744
0.02, 0.33, 12.30, 4.00, 11, 84, 2207564
0.02, 0.33, 12.30, 4.00, 11, 84, 2219392
0.02, 0.33, 12.38, 4.03, 12, 84, 2231224
0.02, 0.33, 12.27, 3.99, 12, 84, 2243044
0.03, 0.33, 12.27, 3.99, 12, 84, 2254876
0.03, 0.33, 12.27, 3.99, 12, 84, 2266696
0.03, 0.65, 12.38, 8.06, 12, 84, 2278528
0.03, 0.65, 12.30, 8.01, 12, 84, 2290348
0.03, 0.33, 12.35, 4.02, 12, 84, 2302180
0.03, 0.65, 12.35, 8.04, 12, 84, 2314000
0.03, 0.65, 12.30, 8.01, 12, 84, 2325832
0.03, 0.65, 12.27, 7.99, 12, 84, 2337652
0.03, 0.65, 12.30, 8.01, 12, 84, 2349480
0.03, 0.65, 12.33, 8.02, 12, 84, 2361312
0.03, 0.65, 12.25, 7.97, 12, 84, 2373132
0.03, 0.65, 12.30, 8.01, 12, 84, 2384964
0.03, 0.65, 12.41, 8.08, 12, 85, 2396784
0.03, 0.65, 12.33, 8.02, 12, 84, 2408620
0.03, 0.65, 12.30, 8.01, 12, 84, 2420436
0.03, 0.33, 12.25, 3.99, 13, 84, 2432272
0.03, 0.33, 12.25, 3.99, 13, 84, 2444104
0.03, 0.65, 12.25, 7.97, 13, 84, 2455920
0.03, 0.65, 12.35, 8.04, 13, 84, 2467748
0.03, 0.65, 12.25, 7.97, 13, 84, 2479576
0.03, 0.65, 12.35, 8.04, 13, 84, 2491408
0.03, 0.65, 12.35, 8.04, 13, 84, 2503232
0.03, 0.65, 12.35, 8.04, 13, 84, 2515064
0.03, 0.65, 12.30, 8.01, 13, 84, 2526884
0.03, 0.65, 12.27, 7.99, 13, 84, 2538716
0.03, 0.33, 12.25, 3.99, 13, 84, 2550536
0.03, 0.65, 12.33, 8.02, 13, 84, 2562368
0.03, 0.65, 12.35, 8.04, 13, 84, 2574188
0.03, 0.65, 12.27, 7.99, 13, 84, 2586012
0.03, 0.33, 12.27, 3.99, 13, 84, 2597848
0.03, 0.65, 12.35, 8.04, 13, 84, 2609668
0.03, 0.65, 12.33, 8.02, 13, 84, 2621500
0.03, 0.33, 12.30, 4.00, 14, 84, 2633324
0.03, 0.65, 12.25, 7.97, 14, 84, 2645156
0.03, 0.65, 12.33, 8.02, 14, 84, 2656980
0.03, 0.65, 12.30, 8.01, 14, 84, 2668812
0.03, 0.65, 12.27, 7.99, 14, 84, 2680636
0.03, 0.33, 12.41, 4.04, 14, 84, 2692464
0.03, 0.33, 12.25, 3.99, 14, 84, 2704312
0.03, 0.65, 12.33, 8.02, 14, 85, 2716120
0.03, 0.65, 12.25, 7.97, 14, 84, 2727956
0.03, 0.65, 12.35, 8.04, 14, 84, 2739776
0.03, 0.65, 12.25, 7.97, 14, 84, 2751608
0.03, 0.65, 12.22, 7.95, 14, 84, 2763432
0.03, 0.65, 12.25, 7.97, 14, 84, 2775268
0.03, 0.65, 12.25, 7.97, 14, 84, 2787084
0.03, 0.65, 12.38, 8.06, 14, 84, 2798920
0.03, 0.65, 12.38, 8.06, 14, 84, 2810740
0.03, 0.65, 12.35, 8.04, 14, 84, 2822568
0.03, 0.65, 12.35, 8.04, 15, 84, 2834404
0.03, 0.65, 12.27, 7.99, 15, 84, 2846224
0.03, 0.65, 12.27, 7.99, 15, 84, 2858060
0.03, 0.65, 12.27, 7.99, 15, 84, 2869884
0.03, 0.65, 12.30, 8.01, 15, 84, 2881716
0.03, 0.65, 12.30, 8.01, 15, 84, 2893540
0.03, 0.65, 12.35, 8.04, 15, 84, 2905392
0.03, 0.65, 12.30, 8.01, 15, 85, 2917192
0.03, 0.98, 12.25, 11.96, 15, 84, 2929020
0.03, 0.65, 12.27, 7.99, 15, 84, 2940844
0.03, 0.65, 12.33, 8.02, 15, 84, 2952672
0.03, 0.65, 12.35, 8.04, 15, 84, 2964520
0.03, 0.65, 12.22, 7.95, 15, 84, 2976328
0.04, 0.65, 12.38, 8.06, 15, 84, 2988164
0.04, 0.33, 12.35, 4.02, 15, 84, 2999980
0.04, 0.65, 12.38, 8.06, 15, 84, 3011812
0.04, 0.65, 12.16, 7.92, 15, 84, 3023636
0.04, 0.33, 12.41, 4.04, 16, 84, 3035468
0.04, 0.65, 12.33, 8.02, 16, 84, 3047292
0.04, 0.65, 12.25, 7.97, 16, 84, 3059116
0.04, 0.65, 12.30, 8.01, 16, 84, 3070952
0.04, 0.98, 12.35, 12.06, 16, 84, 3082772
0.04, 0.98, 12.30, 12.01, 16, 84, 3094604
0.04, 0.65, 12.30, 8.01, 16, 84, 3106424
0.04, 0.98, 12.30, 12.01, 16, 84, 3118256
0.04, 0.65, 12.27, 7.99, 16, 84, 3130076
0.04, 0.65, 12.33, 8.02, 16, 84, 3141908
0.04, 0.98, 12.22, 11.93, 16, 84, 3153728
0.04, 0.65, 12.30, 8.01, 16, 84, 3165576
0.04, 0.98, 12.35, 12.06, 16, 84, 3177388
0.04, 0.65, 12.22, 7.95, 16, 84, 3189212
0.04, 0.65, 12.25, 7.97, 16, 84, 3201048
0.04, 0.65, 12.35, 8.04, 16, 84, 3212868
0.04, 0.65, 12.38, 8.06, 16, 84, 3224704
0.04, 0.65, 12.46, 8.11, 17, 84, 3236524
0.04, 0.65, 12.19, 7.94, 17, 84, 3248356
0.04, 0.98, 12.33, 12.04, 17, 84, 3260176
0.04, 0.98, 12.08, 11.80, 17, 84, 3272008
0.04, 0.65, 12.41, 8.08, 17, 84, 3283832
0.04, 0.98, 12.35, 12.06, 17, 84, 3295660
0.04, 0.98, 12.33, 12.04, 17, 84, 3307496
0.04, 0.98, 12.35, 12.06, 17, 84, 3319312
0.04, 0.65, 12.27, 7.99, 17, 84, 3331148
0.04, 0.98, 12.46, 12.17, 17, 84, 3342968
0.04, 0.98, 12.27, 11.98, 17, 84, 3354800
0.04, 0.98, 12.30, 12.01, 17, 84, 3366620
0.04, 0.98, 12.33, 12.04, 17, 84, 3378452
0.04, 0.65, 12.30, 8.01, 17, 84, 3390276
0.04, 0.65, 12.33, 8.02, 17, 84, 3402104
0.04, 0.98, 12.33, 12.04, 17, 84, 3413932
0.04, 0.65, 12.22, 7.95, 17, 84, 3425776
0.04, 0.98, 12.33, 12.04, 18, 84, 3437592
0.04, 0.65, 12.16, 7.92, 18, 84, 3449412
0.04, 0.65, 12.22, 7.95, 18, 84, 3461248
0.04, 0.65, 12.33, 8.02, 18, 84, 3473064
0.04, 0.65, 12.35, 8.04, 18, 84, 3484904
0.04, 0.98, 12.19, 11.91, 18, 85, 3496724
0.04, 0.98, 12.27, 11.98, 18, 84, 3508552
0.04, 0.98, 12.38, 12.09, 18, 84, 3520380
0.04, 0.98, 12.22, 11.93, 18, 84, 3532204
0.04, 0.98, 12.41, 12.12, 18, 84, 3544036
0.04, 0.98, 12.22, 11.93, 18, 85, 3555856
0.04, 0.65, 12.27, 7.99, 18, 84, 3567688
0.04, 0.65, 12.30, 8.01, 18, 84, 3579508
0.04, 0.98, 12.38, 12.09, 18, 84, 3591344
0.04, 0.98, 12.25, 11.96, 18, 84, 3603164
0.04, 0.65, 12.27, 7.99, 18, 84, 3615000
0.04, 0.98, 12.25, 11.96, 18, 84, 3626816
0.04, 0.65, 12.46, 8.11, 19, 84, 3638644
0.04, 0.98, 12.30, 12.01, 19, 84, 3650472
0.04, 0.98, 12.30, 12.01, 19, 84, 3662296
0.04, 0.98, 12.30, 12.01, 19, 84, 3674128
0.04, 0.98, 12.30, 12.01, 19, 84, 3685948
0.05, 0.98, 12.30, 12.01, 19, 84, 3697780
0.05, 1.30, 12.11, 15.77, 19, 84, 3709604
0.05, 0.98, 12.25, 11.96, 19, 84, 3721432
0.05, 0.98, 12.27, 11.98, 19, 84, 3733252
0.05, 0.65, 12.27, 7.99, 19, 84, 3745088
0.05, 0.98, 12.27, 11.98, 19, 85, 3756904
0.05, 0.98, 12.33, 12.04, 19, 84, 3768736
0.05, 0.98, 12.22, 11.93, 19, 84, 3780568
0.05, 0.98, 12.19, 11.91, 19, 84, 3792392
0.05, 0.65, 12.22, 7.95, 19, 84, 3804224
0.05, 0.98, 12.19, 11.91, 19, 84, 3816044
0.05, 0.98, 12.35, 12.06, 19, 84, 3827876
0.05, 0.98, 12.25, 11.96, 20, 84, 3839700
0.05, 0.98, 12.19, 11.91, 20, 84, 3851532
0.05, 0.98, 12.27, 11.98, 20, 84, 3863356
0.05, 1.30, 12.00, 15.63, 20, 84, 3875184
0.05, 1.30, 12.35, 16.08, 20, 84, 3887008
0.05, 1.30, 12.35, 16.08, 20, 84, 3898836
0.05, 1.30, 12.35, 16.08, 20, 84, 3910668
0.05, 0.98, 12.25, 11.96, 20, 84, 3922492
0.05, 0.98, 12.25, 11.96, 20, 84, 3934324
0.05, 0.98, 12.54, 12.25, 20, 84, 3946140
0.05, 0.98, 12.22, 11.93, 20, 84, 3957972
0.05, 0.98, 12.22, 11.93, 20, 84, 3969792
0.05, 0.98, 11.98, 11.69, 20, 84, 3981624
0.05, 1.30, 12.35, 16.08, 20, 84, 3993444
0.05, 1.30, 12.19, 15.87, 20, 84, 4005272
0.05, 0.98, 12.19, 11.91, 20, 84, 4017100
0.05, 0.98, 12.25, 11.96, 20, 84, 4028920
0.05, 0.98, 12.16, 11.88, 21, 84, 4040752
0.05, 0.98, 12.35, 12.06, 21, 84, 4052572
0.05, 1.30, 12.33, 16.05, 21, 84, 4064420
0.05, 1.30, 12.57, 16.37, 21, 84, 4076228
0.05, 0.98, 12.16, 11.88, 21, 84, 4088060
0.05, 0.98, 12.22, 11.93, 21, 84, 4099880
0.05, 1.30, 11.95, 15.56, 21, 84, 4111704
0.05, 1.30, 12.35, 16.08, 21, 84, 4123532
0.05, 1.30, 12.38, 16.12, 21, 84, 4135360
0.05, 1.30, 12.33, 16.05, 21, 84, 4147196
0.05, 1.30, 12.25, 15.94, 21, 84, 4159020
0.05, 0.98, 12.25, 11.96, 21, 84, 4170848
0.05, 1.30, 12.52, 16.30, 21, 84, 4182672
0.05, 0.98, 12.22, 11.93, 21, 84, 4194504
0.05, 1.30, 12.30, 16.01, 21, 84, 4206324
0.05, 1.30, 12.38, 16.12, 21, 84, 4218156
0.05, 0.98, 12.27, 11.98, 21, 84, 4229980
0.05, 1.30, 12.43, 16.19, 22, 84, 4241804
0.05, 0.98, 12.25, 11.96, 22, 84, 4253636
0.05, 1.30, 12.35, 16.08, 22, 84, 4265456
0.05, 1.30, 12.30, 16.01, 22, 84, 4277288
0.05, 0.98, 12.33, 12.04, 22, 84, 4289104
0.06, 1.30, 12.27, 15.98, 22, 84, 4300940
0.06, 1.30, 12.41, 16.16, 22, 84, 4312760
0.06, 1.30, 12.35, 16.08, 22, 84, 4324604
0.06, 1.30, 12.19, 15.87, 22, 85, 4336412
0.06, 1.30, 12.19, 15.87, 22, 84, 4348236
0.06, 1.30, 12.25, 15.94, 22, 84, 4360060
0.06, 1.30, 12.30, 16.01, 22, 84, 4371888
0.06, 1.30, 12.35, 16.08, 22, 84, 4383720
0.06, 1.30, 12.19, 15.87, 22, 84, 4395536
0.06, 1.30, 12.16, 15.84, 22, 84, 4407372
0.06, 1.30, 12.62, 16.44, 22, 84, 4419188
0.06, 1.30, 12.16, 15.84, 22, 84, 4431024
0.06, 1.30, 12.25, 15.94, 23, 84, 4442840
0.06, 1.30, 12.33, 16.05, 23, 84, 4454676
0.06, 1.30, 12.19, 15.87, 23, 84, 4466500
0.06, 1.30, 12.30, 16.01, 23, 84, 4478328
0.06, 1.30, 12.38, 16.12, 23, 84, 4490152
0.06, 1.30, 12.16, 15.84, 23, 84, 4501980
0.06, 1.30, 12.19, 15.87, 23, 84, 4513812
0.06, 1.30, 12.16, 15.84, 23, 84, 4525632
0.06, 1.30, 12.16, 15.84, 23, 84, 4537460
0.06, 1.30, 12.22, 15.91, 23, 84, 4549284
0.06, 1.63, 12.33, 20.06, 23, 84, 4561116
0.06, 1.63, 12.38, 20.15, 23, 84, 4572932
0.06, 1.30, 12.38, 16.12, 23, 84, 4584780
0.06, 1.30, 12.19, 15.87, 23, 85, 4596588
0.06, 1.30, 12.35, 16.08, 23, 84, 4608408
0.06, 1.30, 12.35, 16.08, 23, 84, 4620244
0.06, 1.30, 12.22, 15.91, 23, 84, 4632064
0.06, 1.30, 12.08, 15.73, 24, 84, 4643896
0.06, 1.30, 12.19, 15.87, 24, 84, 4655712
0.06, 1.30, 12.19, 15.87, 24, 84, 4667548
0.06, 1.30, 12.62, 16.44, 24, 84, 4679364
0.06, 1.30, 12.19, 15.87, 24, 84, 4691200
0.06, 1.30, 12.19, 15.87, 24, 84, 4703016
0.06, 1.30, 12.25, 15.94, 24, 84, 4714840
0.06, 1.63, 12.27, 19.97, 24, 84, 4726668
0.06, 1.30, 12.22, 15.91, 24, 84, 4738496
0.06, 1.30, 12.30, 16.01, 24, 84, 4750324
0.06, 1.63, 12.27, 19.97, 24, 84, 4762144
0.06, 1.63, 12.22, 19.89, 24, 84, 4773976
0.07, 1.30, 12.27, 15.98, 24, 84, 4785816
0.07, 1.30, 11.92, 15.52, 24, 84, 4797632
0.07, 1.63, 12.33, 20.06, 24, 84, 4809452
0.06, 1.63, 12.33, 20.06, 24, 84, 4821284
0.06, 1.63, 12.38, 20.15, 24, 84, 4833100
0.06, 1.95, 12.22, 23.86, 25, 84, 4844940
0.06, 1.63, 12.16, 19.80, 25, 84, 4856756
0.06, 1.63, 12.33, 20.06, 25, 84, 4868580
0.06, 1.63, 12.27, 19.97, 25, 84, 4880412
0.07, 1.63, 12.22, 19.89, 25, 84, 4892232
0.07, 1.63, 12.43, 20.24, 25, 84, 4904064
0.07, 1.63, 12.54, 20.41, 25, 84, 4915884
0.07, 1.63, 12.22, 19.89, 25, 84, 4927716
0.07, 1.63, 12.19, 19.84, 25, 84, 4939536
0.07, 1.63, 12.00, 19.54, 25, 84, 4951368
0.07, 1.63, 12.19, 19.84, 25, 84, 4963184
0.07, 1.63, 12.25, 19.93, 25, 84, 4975012
0.07, 1.63, 12.30, 20.02, 25, 84, 4986844
0.07, 1.63, 12.25, 19.93, 25, 84, 4998664
0.07, 1.63, 12.33, 20.06, 25, 84, 5010496
0.07, 1.63, 12.65, 20.59, 25, 84, 5022316
0.07, 1.63, 12.16, 19.80, 25, 84, 5034148
0.07, 1.63, 12.35, 20.11, 26, 84, 5045988
0.07, 1.63, 12.38, 20.15, 26, 84, 5057804
0.07, 1.63, 12.35, 20.11, 26, 84, 5069624
0.07, 1.63, 12.33, 20.06, 26, 84, 5081452
0.07, 1.63, 12.14, 19.76, 26, 84, 5093276
0.07, 1.95, 12.33, 24.07, 26, 84, 5105104
0.07, 1.63, 12.35, 20.11, 26, 84, 5116936
0.07, 1.63, 12.16, 19.80, 26, 84, 5128760
0.07, 1.63, 12.19, 19.84, 26, 84, 5140592
0.07, 1.63, 12.22, 19.89, 26, 84, 5152412
0.07, 1.95, 12.27, 23.97, 26, 84, 5164240
0.07, 1.95, 12.30, 24.02, 26, 84, 5176064
0.07, 1.63, 12.43, 20.24, 26, 84, 5187892
0.07, 1.63, 12.27, 19.97, 26, 84, 5199716
0.07, 1.63, 12.27, 19.97, 26, 84, 5211540
0.07, 1.95, 12.25, 23.92, 26, 84, 5223372
0.07, 1.95, 12.30, 24.02, 26, 84, 5235192
0.07, 1.63, 12.22, 19.89, 27, 84, 5247024
0.07, 1.63, 12.33, 20.06, 27, 84, 5258840
0.07, 1.63, 12.30, 20.02, 27, 84, 5270676
0.07, 1.95, 12.25, 23.92, 27, 84, 5282496
0.07, 1.95, 12.30, 24.02, 27, 84, 5294324
0.07, 1.63, 12.19, 19.84, 27, 84, 5306164
0.07, 1.63, 12.35, 20.11, 27, 84, 5317972
0.07, 1.95, 12.19, 23.81, 27, 84, 5329800
0.07, 1.95, 12.30, 24.02, 27, 84, 5341624
0.07, 1.95, 12.27, 23.97, 27, 84, 5353456
0.07, 1.95, 12.52, 24.44, 27, 84, 5365272
0.07, 1.95, 12.30, 24.02, 27, 84, 5377108
0.07, 1.63, 12.22, 19.89, 27, 84, 5388932
0.07, 1.63, 12.22, 19.89, 27, 84, 5400760
0.07, 1.95, 12.35, 24.13, 27, 84, 5412584
0.07, 1.95, 12.62, 24.65, 27, 84, 5424416
0.07, 1.95, 12.33, 24.07, 27, 84, 5436240
0.07, 2.28, 12.30, 28.03, 28, 84, 5448068
0.07, 1.95, 12.30, 24.02, 28, 84, 5459904
0.08, 1.63, 12.19, 19.84, 28, 84, 5471724
0.08, 1.63, 12.25, 19.93, 28, 84, 5483556
0.08, 1.95, 12.33, 24.07, 28, 84, 5495380
0.08, 1.95, 12.25, 23.92, 28, 84, 5507216
0.08, 2.28, 11.89, 27.10, 28, 84, 5519036
0.08, 1.95, 12.33, 24.07, 28, 84, 5530872
0.08, 1.95, 12.19, 23.81, 28, 84, 5542692
0.08, 1.63, 12.41, 20.19, 28, 84, 5554520
0.08, 1.95, 12.14, 23.71, 28, 84, 5566360
0.08, 1.95, 12.38, 24.18, 28, 84, 5578176
0.08, 1.95, 12.35, 24.13, 28, 84, 5590012
0.08, 1.95, 12.30, 24.02, 28, 84, 5601832
0.08, 1.95, 12.33, 24.07, 28, 84, 5613664
0.08, 1.95, 12.46, 24.34, 28, 84, 5625484
0.08, 1.95, 12.25, 23.92, 28, 84, 5637320
0.08, 1.95, 12.27, 23.97, 29, 84, 5649144
0.08, 2.28, 12.27, 27.96, 29, 84, 5660976
0.08, 1.95, 12.30, 24.02, 29, 84, 5672800
0.08, 1.95, 12.33, 24.07, 29, 84, 5684628
0.08, 2.28, 12.30, 28.03, 29, 84, 5696460
0.08, 1.30, 12.30, 16.01, 29, 84, 5708284
0.08, 1.95, 12.27, 23.97, 29, 84, 5720116
0.08, 1.95, 12.19, 23.81, 29, 84, 5731936
0.08, 2.28, 12.25, 27.90, 29, 84, 5743776
0.08, 2.60, 12.00, 31.26, 29, 84, 5755596
0.08, 2.28, 12.35, 28.15, 29, 84, 5767428
0.08, 1.95, 12.27, 23.97, 29, 84, 5779248
0.08, 1.63, 12.33, 20.06, 29, 84, 5791080
0.08, 1.95, 12.14, 23.71, 29, 84, 5802904
0.08, 1.95, 12.14, 23.71, 29, 84, 5814732
0.08, 1.95, 12.14, 23.71, 29, 84, 5826568
0.08, 2.28, 12.30, 28.03, 29, 84, 5838384
0.08, 2.28, 12.30, 28.03, 30, 84, 5850224
0.08, 2.28, 12.62, 28.76, 30, 84, 5862040
0.08, 2.28, 12.16, 27.72, 30, 84, 5873876
0.08, 1.30, 12.46, 16.23, 30, 84, 5885696
0.08, 1.95, 12.08, 23.60, 30, 84, 5897528
0.08, 2.28, 12.27, 27.96, 30, 84, 5909348
0.08, 2.28, 12.22, 27.84, 30, 84, 5921176
0.09, 2.28, 12.27, 27.96, 30, 84, 5933008
0.09, 2.28, 12.16, 27.72, 30, 84, 5944844
0.09, 2.28, 12.11, 27.60, 30, 84, 5956660
0.09, 2.28, 12.35, 28.15, 30, 84, 5968484
0.09, 2.28, 12.25, 27.90, 30, 84, 5980316
0.09, 1.63, 12.30, 20.02, 30, 84, 5992140
0.09, 1.95, 12.22, 23.86, 30, 84, 6003972
0.08, 2.28, 12.27, 27.96, 30, 84, 6015792
0.08, 2.93, 12.16, 35.64, 30, 84, 6027624
0.08, 2.28, 12.25, 27.90, 30, 84, 6039452
0.09, 2.28, 12.16, 27.72, 31, 84, 6051280
0.09, 2.28, 12.14, 27.66, 31, 84, 6063112
0.09, 2.28, 12.27, 27.96, 31, 84, 6074936
0.09, 2.28, 12.19, 27.78, 31, 84, 6086768
0.09, 2.93, 11.81, 34.61, 31, 84, 6098592
0.09, 2.28, 12.11, 27.60, 31, 84, 6110424
0.09, 2.60, 12.27, 31.96, 31, 84, 6122244
0.09, 2.28, 11.92, 27.17, 31, 84, 6134080
0.09, 2.28, 12.25, 27.90, 31, 84, 6145904
0.09, 2.28, 12.22, 27.84, 31, 84, 6157732
0.09, 2.28, 12.30, 28.03, 31, 84, 6169564
0.09, 2.60, 12.30, 32.03, 31, 84, 6181384
0.09, 2.28, 12.11, 27.60, 31, 84, 6193220
0.09, 2.28, 12.03, 27.41, 31, 84, 6205060
0.09, 2.60, 12.27, 31.96, 31, 85, 6216876
0.09, 2.28, 12.27, 27.96, 31, 84, 6228700
0.09, 2.28, 12.33, 28.09, 31, 84, 6240532
0.09, 2.28, 12.16, 27.72, 32, 84, 6252356
0.09, 2.28, 12.38, 28.21, 32, 84, 6264184
0.09, 2.60, 12.30, 32.03, 32, 84, 6276008
0.09, 2.28, 12.11, 27.60, 32, 84, 6287840
0.09, 2.28, 12.22, 27.84, 32, 84, 6299672
0.09, 2.60, 12.27, 31.96, 32, 84, 6311492
0.09, 2.60, 12.19, 31.75, 32, 84, 6323324
0.09, 2.60, 11.98, 31.19, 32, 84, 6335144
0.09, 2.60, 12.14, 31.61, 32, 84, 6346976
0.09, 2.60, 12.30, 32.03, 32, 84, 6358796
0.09, 2.28, 12.16, 27.72, 32, 84, 6370632
0.09, 2.28, 12.14, 27.66, 32, 84, 6382452
0.09, 2.60, 12.14, 31.61, 32, 84, 6394280
0.09, 2.28, 12.22, 27.84, 32, 84, 6406112
0.09, 2.60, 12.25, 31.89, 32, 84, 6417940
0.09, 2.60, 12.16, 31.68, 32, 84, 6429772
0.09, 2.60, 12.68, 33.01, 32, 84, 6441592
0.09, 2.60, 12.11, 31.54, 33, 84, 6453424
0.09, 2.60, 12.22, 31.82, 33, 84, 6465244
0.09, 2.60, 12.27, 31.96, 33, 84, 6477076
0.09, 2.93, 12.14, 35.56, 33, 84, 6488896
0.09, 2.93, 11.79, 34.53, 33, 84, 6500720
0.09, 2.60, 12.08, 31.47, 33, 84, 6512548
0.10, 2.60, 12.25, 31.89, 33, 84, 6524372
0.10, 2.60, 12.30, 32.03, 33, 84, 6536208
0.09, 2.28, 12.14, 27.66, 33, 84, 6548028
0.10, 2.60, 12.11, 31.54, 33, 84, 6559864
0.09, 2.60, 12.14, 31.61, 33, 84, 6571688
0.10, 2.60, 12.25, 31.89, 33, 84, 6583524
0.09, 2.60, 12.19, 31.75, 33, 84, 6595344
0.10, 3.26, 12.14, 39.51, 33, 84, 6607176
0.10, 2.60, 12.27, 31.96, 33, 84, 6618996
0.10, 2.60, 12.22, 31.82, 33, 84, 6630824
0.10, 2.60, 12.19, 31.75, 33, 84, 6642656
0.09, 2.93, 12.14, 35.56, 34, 84, 6654480
0.09, 2.60, 12.30, 32.03, 34, 84, 6666332
0.09, 1.95, 12.25, 23.92, 34, 84, 6678132
0.10, 2.60, 12.08, 31.47, 34, 84, 6689968
0.10, 2.60, 12.14, 31.61, 34, 84, 6701788
0.10, 2.60, 12.06, 31.40, 34, 84, 6713624
0.10, 2.93, 12.27, 35.95, 34, 84, 6725448
0.10, 2.60, 12.08, 31.47, 34, 84, 6737276
0.10, 2.93, 12.30, 36.03, 34, 84, 6749108
0.10, 2.60, 12.00, 31.26, 34, 84, 6760932
0.10, 2.60, 12.14, 31.61, 34, 84, 6772764
0.10, 3.58, 12.00, 42.98, 34, 84, 6784584
0.10, 2.60, 12.16, 31.68, 34, 84, 6796416
0.10, 2.93, 12.52, 36.67, 34, 84, 6808236
0.10, 2.93, 12.30, 36.03, 34, 84, 6820068
0.10, 2.60, 12.08, 31.47, 34, 84, 6831892
0.10, 2.60, 11.89, 30.98, 34, 84, 6843724
0.10, 2.60, 12.11, 31.54, 35, 84, 6855544
0.10, 2.60, 12.27, 31.96, 35, 84, 6867368
0.10, 2.93, 12.43, 36.43, 35, 84, 6879204
0.10, 2.60, 12.19, 31.75, 35, 84, 6891024
0.10, 2.93, 12.14, 35.56, 35, 84, 6902860
0.10, 2.93, 12.70, 37.22, 35, 84, 6914680
0.10, 2.93, 12.25, 35.88, 35, 84, 6926536
0.10, 2.60, 12.08, 31.47, 35, 84, 6938336
0.10, 2.93, 12.16, 35.64, 35, 84, 6950168
0.10, 2.93, 12.14, 35.56, 35, 84, 6961992
0.10, 3.58, 12.11, 43.36, 35, 84, 6973816
0.10, 3.58, 11.87, 42.50, 35, 84, 6985652
0.10, 3.26, 12.25, 39.86, 35, 85, 6997472
0.10, 2.93, 12.25, 35.88, 35, 84, 7009312
0.10, 2.93, 12.22, 35.80, 35, 84, 7021132
0.10, 2.93, 12.16, 35.64, 35, 84, 7032964
0.10, 2.28, 12.19, 27.78, 35, 84, 7044784
0.10, 2.93, 12.11, 35.48, 36, 84, 7056624
0.10, 2.93, 12.25, 35.88, 36, 84, 7068444
0.10, 2.28, 12.73, 29.01, 36, 84, 7080268
0.10, 2.93, 12.08, 35.40, 36, 84, 7092100
0.10, 2.93, 12.33, 36.11, 36, 84, 7103928
0.10, 3.26, 12.25, 39.86, 36, 84, 7115760
0.10, 2.93, 12.06, 35.32, 36, 84, 7127584
0.10, 2.93, 12.22, 35.80, 36, 84, 7139416
0.11, 3.26, 12.70, 41.35, 36, 84, 7151236
0.11, 3.26, 11.65, 37.93, 36, 84, 7163068
0.11, 3.26, 12.27, 39.95, 36, 84, 7174892
0.11, 3.26, 12.35, 40.21, 36, 84, 7186740
0.11, 3.26, 12.30, 40.04, 36, 85, 7198540
0.11, 3.26, 11.60, 37.75, 36, 84, 7210364
0.11, 2.93, 12.08, 35.40, 36, 84, 7222200
0.11, 3.26, 12.14, 39.51, 36, 84, 7234016
0.11, 3.26, 12.30, 40.04, 36, 84, 7245852
0.11, 3.26, 12.30, 40.04, 37, 84, 7257672
0.11, 3.26, 12.19, 39.69, 37, 84, 7269504
0.11, 3.26, 12.33, 40.12, 37, 84, 7281324
0.11, 3.26, 12.25, 39.86, 37, 84, 7293156
0.11, 2.93, 12.35, 36.19, 37, 84, 7304992
0.11, 3.91, 12.08, 47.20, 37, 84, 7316808
0.11, 3.26, 12.06, 39.25, 37, 84, 7328632
0.11, 3.26, 12.30, 40.04, 37, 84, 7340456
0.11, 3.26, 12.14, 39.51, 37, 84, 7352288
0.11, 3.26, 12.16, 39.60, 37, 84, 7364112
0.11, 3.26, 12.14, 39.51, 37, 84, 7375948
0.11, 2.60, 12.11, 31.54, 37, 84, 7387768
0.11, 3.26, 12.38, 40.30, 37, 84, 7399600
0.11, 3.26, 12.30, 40.04, 37, 84, 7411424
0.11, 3.26, 12.22, 39.77, 37, 84, 7423256
0.11, 3.26, 12.06, 39.25, 37, 84, 7435080
0.11, 2.93, 12.87, 37.69, 37, 84, 7446904
0.11, 3.26, 12.30, 40.04, 38, 84, 7458732
0.11, 3.26, 12.30, 40.04, 38, 84, 7470560
0.11, 3.26, 12.30, 40.04, 38, 84, 7482392
0.11, 3.26, 12.03, 39.16, 38, 84, 7494216
0.11, 3.26, 12.00, 39.07, 38, 84, 7506048
0.11, 3.58, 12.62, 45.20, 38, 84, 7517872
0.11, 3.26, 12.16, 39.60, 38, 84, 7529708
0.11, 3.26, 12.16, 39.60, 38, 84, 7541528
0.11, 3.26, 11.81, 38.46, 38, 84, 7553352
0.11, 3.26, 12.19, 39.69, 38, 84, 7565200
0.11, 3.58, 12.14, 43.46, 38, 84, 7577012
0.11, 3.26, 12.08, 39.33, 38, 84, 7588844
0.11, 3.26, 12.11, 39.42, 38, 84, 7600660
0.11, 3.26, 12.06, 39.25, 38, 84, 7612496
0.11, 2.93, 12.14, 35.56, 38, 84, 7624312
0.11, 3.58, 12.25, 43.85, 38, 84, 7636148
0.11, 3.58, 12.35, 44.23, 38, 84, 7647968
0.11, 3.26, 12.30, 40.04, 39, 84, 7659800
0.11, 3.26, 12.27, 39.95, 39, 84, 7671620
0.11, 4.23, 12.11, 51.25, 39, 84, 7683444
0.11, 3.26, 12.30, 40.04, 39, 84, 7695272
0.11, 3.58, 12.30, 44.04, 39, 84, 7707100
0.11, 3.58, 12.19, 43.65, 39, 84, 7718932
0.12, 3.58, 12.30, 44.04, 39, 84, 7730752
0.11, 3.58, 12.16, 43.56, 39, 84, 7742584
0.11, 2.93, 12.06, 35.32, 39, 84, 7754404
0.11, 3.58, 12.30, 44.04, 39, 84, 7766236
0.11, 3.58, 12.11, 43.36, 39, 84, 7778056
0.11, 2.93, 12.38, 36.27, 39, 84, 7789888
0.12, 3.58, 12.27, 43.94, 39, 85, 7801704
0.12, 3.58, 12.16, 43.56, 39, 84, 7813536
0.12, 3.26, 12.03, 39.16, 39, 84, 7825380
0.12, 3.58, 12.33, 44.14, 39, 85, 7837188
0.12, 3.58, 12.27, 43.94, 39, 84, 7849020
0.12, 3.58, 12.27, 43.94, 40, 84, 7860840
0.12, 3.58, 12.25, 43.85, 40, 84, 7872672
0.12, 4.88, 12.14, 59.27, 40, 84, 7884492
0.12, 3.58, 12.25, 43.85, 40, 84, 7896320
0.12, 3.58, 12.27, 43.94, 40, 84, 7908140
0.12, 3.26, 11.73, 38.19, 40, 84, 7919968
0.12, 3.58, 12.16, 43.56, 40, 84, 7931796
0.12, 3.91, 12.25, 47.83, 40, 84, 7943620
0.12, 3.58, 12.16, 43.56, 40, 84, 7955456
0.12, 3.58, 12.19, 43.65, 40, 84, 7967276
0.12, 3.91, 12.41, 48.47, 40, 84, 7979112
0.12, 3.58, 12.65, 45.30, 40, 84, 7990932
0.12, 3.58, 12.08, 43.27, 40, 84, 8002768
0.12, 3.58, 12.33, 44.14, 40, 84, 8014588
0.12, 4.23, 12.16, 51.48, 40, 84, 8026424
0.12, 3.58, 12.25, 43.85, 40, 84, 8038244
0.12, 3.58, 12.08, 43.27, 40, 84, 8050068
0.12, 3.58, 11.87, 42.50, 41, 84, 8061904
0.12, 3.58, 12.14, 43.46, 41, 84, 8073720
0.12, 3.91, 12.19, 47.62, 41, 84, 8085556
0.12, 3.91, 12.19, 47.62, 41, 85, 8097376
0.12, 3.58, 12.14, 43.46, 41, 84, 8109208
0.12, 3.58, 11.98, 42.88, 41, 84, 8121028
0.12, 3.91, 12.27, 47.94, 41, 84, 8132860
0.12, 3.91, 12.30, 48.04, 41, 84, 8144676
0.12, 3.26, 12.68, 41.27, 41, 84, 8156504
0.12, 3.91, 12.16, 47.52, 41, 84, 8168336
0.12, 3.91, 12.14, 47.41, 41, 84, 8180160
0.12, 3.58, 12.11, 43.36, 41, 84, 8191992
0.12, 3.91, 12.27, 47.94, 41, 84, 8203812
0.12, 3.91, 12.22, 47.73, 41, 84, 8215648
0.12, 4.56, 11.89, 54.21, 41, 84, 8227468
0.12, 3.91, 12.30, 48.04, 41, 84, 8239300
0.12, 3.91, 12.16, 47.52, 41, 84, 8251124
0.12, 3.58, 11.57, 41.43, 42, 84, 8262960
0.12, 3.91, 12.33, 48.15, 42, 84, 8274780
0.12, 3.91, 12.14, 47.41, 42, 84, 8286628
0.12, 3.58, 12.16, 43.56, 42, 84, 8298440
0.12, 3.91, 12.16, 47.52, 42, 84, 8310264
0.12, 3.91, 12.25, 47.83, 42, 84, 8322100
0.12, 3.91, 12.19, 47.62, 42, 84, 8333920
0.12, 3.91, 12.27, 47.94, 42, 84, 8345752
0.12, 2.93, 12.19, 35.72, 42, 84, 8357572
0.12, 3.58, 12.22, 43.75, 42, 84, 8369404
0.13, 3.91, 12.11, 47.31, 42, 84, 8381224
0.13, 4.56, 12.46, 56.79, 42, 84, 8393048
0.13, 4.56, 11.68, 53.22, 42, 84, 8404876
0.13, 3.91, 12.08, 47.20, 42, 84, 8416704
0.13, 3.91, 12.11, 47.31, 42, 84, 8428536
0.13, 3.58, 12.08, 43.27, 42, 84, 8440356
0.13, 3.91, 12.16, 47.52, 42, 84, 8452192
0.13, 4.23, 11.76, 49.77, 43, 84, 8464016
0.13, 3.91, 12.14, 47.41, 43, 84, 8475848
0.13, 3.91, 12.25, 47.83, 43, 84, 8487672
0.13, 3.58, 11.65, 41.72, 43, 84, 8499504
0.13, 3.91, 11.95, 46.67, 43, 84, 8511328
0.13, 3.91, 11.89, 46.46, 43, 84, 8523156
0.13, 3.58, 12.19, 43.65, 43, 84, 8534988
0.13, 3.91, 12.03, 46.99, 43, 84, 8546828
0.13, 3.91, 12.03, 46.99, 43, 84, 8558644
0.13, 3.91, 12.03, 46.99, 43, 84, 8570464
0.13, 3.91, 12.00, 46.89, 43, 84, 8582296
0.13, 3.58, 12.08, 43.27, 43, 84, 8594116
0.13, 4.23, 12.25, 51.82, 43, 84, 8605948
0.13, 4.23, 12.27, 51.93, 43, 84, 8617768
0.13, 4.88, 12.33, 60.19, 43, 84, 8629596
0.13, 3.91, 12.22, 47.73, 43, 84, 8641420
0.13, 4.23, 12.30, 52.05, 43, 84, 8653244
0.13, 4.23, 12.00, 50.79, 44, 84, 8665076
0.13, 4.23, 12.22, 51.71, 44, 84, 8676896
0.13, 4.23, 12.27, 51.93, 44, 84, 8688728
0.13, 3.58, 12.08, 43.27, 44, 84, 8700548
0.13, 4.23, 12.41, 52.50, 44, 84, 8712380
0.13, 4.23, 12.25, 51.82, 44, 84, 8724200
0.13, 4.23, 12.27, 51.93, 44, 84, 8736036
0.13, 4.23, 12.22, 51.71, 44, 84, 8747852
0.13, 5.21, 12.22, 63.64, 44, 84, 8759680
0.13, 4.23, 11.98, 50.68, 44, 84, 8771512
0.13, 4.23, 12.14, 51.36, 44, 84, 8783332
0.13, 3.91, 11.98, 46.78, 44, 84, 8795160
0.13, 4.23, 12.14, 51.36, 44, 84, 8807004
0.13, 4.56, 12.19, 55.56, 44, 84, 8818816
0.13, 3.58, 12.11, 43.36, 44, 84, 8830636
0.13, 4.23, 12.27, 51.93, 44, 84, 8842468
0.13, 4.23, 12.14, 51.36, 44, 84, 8854296
0.13, 3.26, 12.06, 39.25, 45, 84, 8866120
0.13, 4.23, 12.22, 51.71, 45, 85, 8877948
0.13, 4.23, 11.95, 50.56, 45, 84, 8889776
0.13, 4.56, 12.30, 56.05, 45, 84, 8901612
0.13, 4.56, 12.22, 55.68, 45, 84, 8913432
0.14, 4.23, 11.92, 50.45, 45, 84, 8925280
0.14, 4.88, 12.03, 58.74, 45, 84, 8937088
0.14, 4.56, 11.46, 52.24, 45, 84, 8948924
0.14, 4.23, 12.06, 51.02, 45, 84, 8960744
0.14, 4.23, 11.95, 50.56, 45, 84, 8972576
0.14, 4.56, 12.33, 56.17, 45, 84, 8984396
0.14, 4.23, 11.60, 49.08, 45, 84, 8996224
0.14, 4.56, 12.38, 56.42, 45, 84, 9008056
0.14, 4.23, 12.08, 51.13, 45, 84, 9019884
0.14, 4.56, 12.22, 55.68, 45, 84, 9031716
0.14, 4.56, 12.16, 55.44, 45, 84, 9043536
0.14, 4.23, 12.06, 51.02, 45, 84, 9055372
0.14, 3.58, 12.27, 43.94, 46, 84, 9067192
0.14, 4.56, 12.06, 54.95, 46, 84, 9079020
0.14, 4.56, 12.16, 55.44, 46, 84, 9090844
0.14, 5.53, 12.11, 67.02, 46, 84, 9102672
0.14, 4.56, 12.08, 55.07, 46, 84, 9114496
0.14, 3.58, 11.81, 42.30, 46, 84, 9126328
0.14, 4.56, 11.98, 54.58, 46, 84, 9138160
0.14, 4.56, 12.25, 55.81, 46, 84, 9149980
0.14, 4.88, 12.35, 60.32, 46, 84, 9161816
0.14, 5.53, 11.81, 65.38, 46, 84, 9173636
0.14, 4.56, 12.19, 55.56, 46, 84, 9185480
0.14, 4.56, 12.16, 55.44, 46, 85, 9197288
0.14, 4.56, 11.98, 54.58, 46, 84, 9209124
0.14, 4.23, 11.98, 50.68, 46, 84, 9220944
0.14, 4.56, 11.57, 52.73, 46, 84, 9232776
0.14, 4.56, 12.06, 54.95, 46, 84, 9244608
0.14, 4.88, 12.35, 60.32, 46, 84, 9256424
0.14, 4.88, 12.06, 58.87, 47, 84, 9268256
0.14, 4.88, 12.33, 60.19, 47, 84, 9280076
0.14, 4.56, 12.08, 55.07, 47, 84, 9291912
0.14, 4.56, 12.08, 55.07, 47, 84, 9303732
0.14, 4.56, 12.25, 55.81, 47, 84, 9315564
0.14, 4.88, 12.25, 59.79, 47, 84, 9327384
0.15, 4.88, 11.54, 56.37, 47, 84, 9339208
0.15, 4.88, 12.16, 59.40, 47, 84, 9351040
0.15, 4.56, 12.00, 54.70, 47, 84, 9362868
0.15, 4.88, 12.25, 59.79, 47, 84, 9374696
0.15, 3.58, 12.43, 44.52, 47, 84, 9386520
0.14, 4.56, 12.06, 54.95, 47, 84, 9398352
0.15, 4.56, 12.14, 55.31, 47, 84, 9410176
0.15, 4.88, 12.30, 60.06, 47, 84, 9422008
0.15, 4.88, 12.22, 59.66, 47, 84, 9433832
0.14, 4.88, 11.79, 57.55, 47, 84, 9445676
0.15, 4.56, 12.14, 55.31, 47, 85, 9457480
0.15, 4.88, 12.38, 60.45, 48, 84, 9469312
0.15, 5.21, 12.22, 63.64, 48, 84, 9481144
0.15, 4.88, 11.98, 58.47, 48, 84, 9492968
0.15, 4.88, 12.52, 61.11, 48, 84, 9504800
0.15, 5.21, 12.19, 63.50, 48, 85, 9516616
0.15, 4.88, 12.27, 59.92, 48, 84, 9528452
0.15, 5.21, 11.65, 60.69, 48, 84, 9540272
0.15, 4.88, 12.27, 59.92, 48, 84, 9552104
0.15, 5.21, 12.16, 63.36, 48, 84, 9563924
0.15, 4.56, 12.65, 57.65, 48, 84, 9575752
0.15, 4.88, 11.89, 58.08, 48, 84, 9587584
0.15, 5.53, 12.35, 68.36, 48, 84, 9599408
0.15, 4.88, 12.08, 59.00, 48, 84, 9611240
0.15, 4.88, 12.03, 58.74, 48, 84, 9623064
0.15, 5.21, 12.14, 63.22, 48, 84, 9634900
0.15, 4.88, 12.06, 58.87, 48, 84, 9646724
0.15, 4.88, 12.06, 58.87, 48, 84, 9658556
0.15, 4.88, 11.95, 58.34, 49, 84, 9670380
0.15, 5.21, 12.00, 62.51, 49, 84, 9682212
0.15, 5.21, 12.30, 64.06, 49, 84, 9694032
0.15, 5.53, 12.16, 67.32, 49, 84, 9705864
0.15, 4.88, 12.14, 59.27, 49, 84, 9717696
0.15, 5.21, 12.08, 62.94, 49, 84, 9729516
0.15, 5.21, 12.38, 64.48, 49, 84, 9741356
0.15, 5.21, 11.87, 61.81, 49, 84, 9753176
0.15, 5.21, 12.16, 63.36, 49, 84, 9765008
0.15, 6.18, 11.60, 71.73, 49, 84, 9776832
0.15, 4.88, 11.92, 58.21, 49, 84, 9788664
0.15, 5.53, 12.38, 68.51, 49, 84, 9800488
0.15, 5.21, 11.63, 60.55, 49, 84, 9812312
0.15, 5.21, 12.16, 63.36, 49, 84, 9824140
0.15, 5.21, 12.06, 62.79, 49, 84, 9835968
0.15, 5.21, 12.06, 62.79, 49, 84, 9847800
0.15, 5.53, 12.27, 67.91, 49, 84, 9859620
0.15, 5.21, 12.19, 63.50, 50, 84, 9871448
0.15, 5.53, 12.65, 70.00, 50, 84, 9883272
0.15, 5.21, 11.98, 62.37, 50, 84, 9895104
0.15, 5.21, 11.95, 62.23, 50, 84, 9906928
0.16, 6.18, 12.30, 76.07, 50, 84, 9918764
0.16, 5.21, 12.25, 63.78, 50, 84, 9930584
0.16, 6.18, 12.22, 75.57, 50, 84, 9942412
0.16, 5.21, 11.89, 61.95, 50, 84, 9954244
0.16, 5.53, 12.27, 67.91, 50, 84, 9966068
0.16, 5.86, 12.35, 72.38, 50, 84, 9977900
0.16, 5.53, 12.16, 67.32, 50, 84, 9989720
0.16, 5.21, 12.22, 63.64, 50, 84, 10001552
0.16, 4.88, 11.92, 58.21, 50, 84, 10013372
0.16, 4.56, 12.25, 55.81, 50, 84, 10025208
0.16, 5.53, 11.92, 65.97, 50, 84, 10037024
0.16, 5.86, 12.25, 71.75, 50, 84, 10048852
0.16, 5.53, 12.16, 67.32, 50, 84, 10060676
0.16, 5.53, 12.11, 67.02, 51, 84, 10072504
0.16, 5.53, 12.16, 67.32, 51, 84, 10084336
0.16, 5.86, 12.06, 70.64, 51, 84, 10096156
0.16, 5.53, 11.81, 65.38, 51, 84, 10107988
0.16, 5.53, 11.54, 63.88, 51, 84, 10119812
0.16, 5.86, 12.54, 73.49, 51, 84, 10131648
0.16, 5.53, 11.84, 65.53, 51, 84, 10143468
0.16, 5.53, 12.03, 66.57, 51, 84, 10155300
0.16, 5.86, 12.06, 70.64, 51, 84, 10167144
0.16, 5.21, 12.16, 63.36, 51, 84, 10178952
0.16, 5.53, 12.11, 67.02, 51, 84, 10190784
0.16, 5.86, 12.00, 70.33, 51, 84, 10202608
0.16, 5.86, 12.19, 71.43, 51, 84, 10214440
0.16, 5.86, 12.03, 70.49, 51, 84, 10226260
0.16, 5.53, 11.84, 65.53, 51, 84, 10238100
0.16, 5.21, 12.08, 62.94, 51, 84, 10249924
0.16, 5.86, 12.14, 71.12, 51, 84, 10261756
0.16, 5.86, 12.11, 70.96, 52, 84, 10273576
0.16, 6.18, 12.08, 74.74, 52, 84, 10285404
0.16, 5.53, 11.92, 65.97, 52, 84, 10297232
0.16, 5.86, 11.98, 70.17, 52, 84, 10309060
0.16, 5.53, 12.00, 66.42, 52, 84, 10320892
0.17, 6.18, 12.27, 75.90, 52, 84, 10332712
0.17, 6.18, 12.11, 74.90, 52, 84, 10344548
0.17, 5.21, 11.92, 62.09, 52, 84, 10356368
0.17, 5.86, 12.16, 71.28, 52, 84, 10368208
0.17, 6.18, 12.19, 75.40, 52, 84, 10380028
0.17, 5.53, 12.70, 70.30, 52, 84, 10391860
0.17, 5.53, 11.98, 66.27, 52, 84, 10403680
0.17, 6.18, 12.19, 75.40, 52, 84, 10415508
0.17, 5.86, 11.89, 69.70, 52, 84, 10427360
0.17, 6.18, 12.22, 75.57, 52, 85, 10439160
0.17, 5.86, 12.00, 70.33, 52, 84, 10450996
0.17, 5.86, 12.03, 70.49, 52, 84, 10462816
0.17, 6.18, 12.06, 74.57, 53, 84, 10474648
0.17, 6.51, 12.81, 83.41, 53, 84, 10486472
0.17, 6.18, 12.16, 75.24, 53, 85, 10498308
0.17, 6.18, 11.92, 73.73, 53, 84, 10510132
0.17, 5.53, 11.89, 65.82, 53, 84, 10521956
0.17, 6.18, 11.98, 74.07, 53, 84, 10533784
0.17, 6.18, 12.00, 74.23, 53, 84, 10545628
0.17, 6.18, 12.16, 75.24, 53, 84, 10557452
0.17, 6.18, 12.22, 75.57, 53, 84, 10569268
0.17, 5.86, 12.03, 70.49, 53, 84, 10581108
0.17, 6.18, 12.78, 79.07, 53, 84, 10592928
0.17, 6.51, 12.33, 80.25, 53, 84, 10604764
0.17, 6.18, 11.87, 73.40, 53, 84, 10616588
0.17, 7.16, 12.16, 87.12, 53, 84, 10628420
0.17, 6.18, 11.92, 73.73, 53, 84, 10640240
0.17, 6.51, 11.98, 77.97, 53, 84, 10652068
0.17, 6.18, 12.03, 74.40, 53, 84, 10663900
0.17, 6.51, 12.19, 79.37, 54, 84, 10675724
0.17, 6.18, 12.25, 75.74, 54, 84, 10687552
0.17, 5.53, 12.00, 66.42, 54, 84, 10699380
0.17, 6.51, 11.84, 77.09, 54, 84, 10711212
0.17, 6.18, 12.22, 75.57, 54, 84, 10723032
0.17, 6.18, 12.35, 76.40, 54, 84, 10734868
0.17, 6.84, 11.65, 79.65, 54, 84, 10746688
0.18, 6.84, 12.30, 84.08, 54, 84, 10758520
0.18, 6.51, 11.87, 77.26, 54, 84, 10770348
0.18, 6.84, 12.22, 83.52, 54, 84, 10782176
0.18, 6.51, 12.11, 78.84, 54, 84, 10794012
0.18, 6.84, 12.11, 82.79, 54, 84, 10805848
0.18, 6.51, 12.14, 79.02, 54, 84, 10817668
0.18, 7.49, 11.92, 89.26, 54, 84, 10829488
0.17, 6.18, 12.11, 74.90, 54, 84, 10841320
0.17, 6.18, 11.84, 73.23, 54, 84, 10853144
0.18, 5.86, 11.25, 65.90, 54, 84, 10864968
0.18, 6.84, 12.19, 83.34, 55, 85, 10876796
0.18, 6.51, 11.92, 77.62, 55, 84, 10888624
0.18, 6.51, 11.95, 77.79, 55, 84, 10900456
0.18, 6.51, 12.25, 79.72, 55, 84, 10912276
0.18, 6.84, 12.16, 83.16, 55, 84, 10924108
0.18, 7.49, 11.79, 88.25, 55, 84, 10935928
0.18, 6.18, 11.87, 73.40, 55, 84, 10947760
0.18, 6.84, 11.71, 80.02, 55, 84, 10959580
0.18, 6.51, 11.89, 77.44, 55, 84, 10971412
0.18, 6.84, 12.14, 82.97, 55, 84, 10983236
0.18, 5.86, 12.43, 72.86, 55, 84, 10995064
0.18, 5.53, 12.16, 67.32, 55, 84, 11006888
0.18, 6.84, 12.19, 83.34, 55, 85, 11018716
0.18, 6.84, 12.41, 84.81, 55, 84, 11030548
0.18, 6.84, 12.19, 83.34, 55, 84, 11042368
0.18, 6.84, 12.30, 84.08, 55, 84, 11054200
0.18, 6.51, 12.65, 82.36, 55, 84, 11066036
0.18, 6.84, 11.84, 80.94, 56, 84, 11077852
0.18, 6.84, 12.19, 83.34, 56, 84, 11089676
0.18, 6.18, 12.52, 77.40, 56, 84, 11101504
0.18, 7.16, 12.16, 87.12, 56, 84, 11113324
0.18, 6.84, 12.19, 83.34, 56, 84, 11125152
0.18, 6.84, 11.98, 81.86, 56, 84, 11136984
0.18, 6.84, 12.14, 82.97, 56, 84, 11148804
0.18, 7.16, 12.25, 87.69, 56, 84, 11160640
0.18, 8.14, 11.63, 94.60, 56, 84, 11172460
0.18, 6.84, 11.76, 80.39, 56, 84, 11184292
0.19, 7.81, 11.79, 92.08, 56, 84, 11196112
0.19, 6.84, 12.19, 83.34, 56, 84, 11207948
0.19, 7.16, 12.11, 86.73, 56, 84, 11219768
0.19, 6.51, 11.65, 75.86, 56, 84, 11231596
0.19, 7.16, 12.22, 87.50, 56, 84, 11243424
0.19, 6.84, 11.79, 80.57, 56, 84, 11255252
0.19, 6.84, 11.87, 81.13, 56, 84, 11267088
0.19, 7.16, 12.33, 88.27, 57, 84, 11278908
0.19, 6.84, 12.22, 83.52, 57, 84, 11290740
0.18, 7.16, 12.70, 90.98, 57, 84, 11302560
0.19, 6.84, 12.27, 83.89, 57, 84, 11314392
0.19, 7.16, 11.95, 85.57, 57, 84, 11326212
0.19, 7.49, 11.33, 84.81, 57, 84, 11338048
0.19, 7.16, 12.16, 87.12, 57, 84, 11349872
0.19, 7.49, 11.98, 89.66, 57, 84, 11361696
0.19, 7.16, 12.19, 87.31, 57, 84, 11373532
0.19, 7.16, 12.00, 85.96, 57, 84, 11385352
0.19, 7.16, 12.00, 85.96, 57, 84, 11397188
0.19, 7.49, 12.65, 94.71, 57, 84, 11409004
0.19, 7.49, 12.14, 90.87, 57, 84, 11420840
0.19, 7.16, 12.11, 86.73, 57, 84, 11432660
0.19, 7.49, 12.03, 90.07, 57, 84, 11444496
0.19, 6.51, 12.08, 78.67, 57, 84, 11456316
0.19, 7.81, 11.36, 88.71, 57, 84, 11468144
0.19, 7.16, 12.03, 86.15, 58, 84, 11479972
0.19, 7.49, 12.16, 91.08, 58, 84, 11491800
0.19, 7.16, 12.00, 85.96, 58, 84, 11503632
0.19, 7.49, 11.87, 88.85, 58, 84, 11515452
0.19, 7.16, 11.84, 84.80, 58, 84, 11527284
0.19, 7.16, 12.68, 90.79, 58, 84, 11539104
0.19, 7.81, 12.22, 95.46, 58, 84, 11550936
0.19, 7.49, 12.35, 92.49, 58, 84, 11562760
0.19, 7.81, 12.14, 94.82, 58, 84, 11574592
0.19, 7.49, 12.16, 91.08, 58, 84, 11586408
0.19, 7.49, 12.19, 91.28, 58, 84, 11598236
0.19, 7.81, 12.14, 94.82, 58, 84, 11610072
0.19, 8.14, 12.06, 98.12, 58, 84, 11621888
0.19, 7.16, 11.92, 85.38, 58, 84, 11633720
0.19, 7.81, 12.68, 99.04, 58, 84, 11645540
0.20, 7.81, 12.14, 94.82, 58, 84, 11657376
0.19, 7.81, 12.57, 98.20, 58, 84, 11669192
0.19, 7.49, 11.73, 87.84, 59, 84, 11681028
0.19, 7.49, 11.65, 87.24, 59, 84, 11692848
0.19, 7.16, 11.60, 83.06, 59, 84, 11704672
0.20, 7.81, 12.11, 94.61, 59, 84, 11716500
0.20, 7.81, 11.84, 92.51, 59, 84, 11728328
0.20, 7.81, 12.14, 94.82, 59, 84, 11740160
0.20, 7.49, 11.98, 89.66, 59, 84, 11751984
0.20, 7.81, 11.87, 92.72, 59, 84, 11763816
0.20, 7.16, 12.03, 86.15, 59, 84, 11775640
0.20, 8.14, 12.19, 99.21, 59, 84, 11787496
0.20, 7.81, 12.06, 94.19, 59, 84, 11799300
0.20, 8.79, 12.27, 107.86, 59, 84, 11811132
0.20, 7.81, 12.06, 94.19, 59, 84, 11822948
0.20, 7.81, 12.08, 94.40, 59, 84, 11834780
0.20, 8.14, 12.08, 98.34, 59, 84, 11846608
0.20, 8.46, 12.35, 104.55, 59, 84, 11858428
0.20, 7.81, 12.14, 94.82, 59, 84, 11870264
0.20, 8.14, 11.92, 97.02, 60, 84, 11882084
0.20, 7.81, 11.76, 91.87, 60, 84, 11893912
0.20, 7.81, 12.76, 99.67, 60, 84, 11905736
0.20, 8.14, 12.16, 98.99, 60, 84, 11917568
0.20, 7.81, 12.08, 94.40, 60, 84, 11929388
0.20, 8.14, 11.36, 92.41, 60, 84, 11941216
0.20, 7.81, 12.11, 94.61, 60, 84, 11953048
0.20, 8.14, 11.98, 97.46, 60, 84, 11964872
0.20, 8.14, 11.92, 97.02, 60, 84, 11976704
0.20, 8.14, 12.16, 98.99, 60, 84, 11988528
0.20, 8.14, 12.03, 97.90, 60, 84, 12000360
0.20, 8.14, 12.65, 102.95, 60, 84, 12012184
0.20, 7.81, 11.73, 91.66, 60, 84, 12024012
0.20, 8.14, 12.14, 98.78, 60, 84, 12035836
0.20, 7.81, 12.54, 97.98, 60, 84, 12047688
0.20, 8.46, 12.00, 101.58, 60, 85, 12059492
0.20, 7.81, 11.98, 93.56, 60, 84, 12071316
0.20, 7.81, 11.89, 92.93, 61, 84, 12083152
0.20, 9.11, 12.70, 115.79, 61, 84, 12094972
0.20, 8.14, 12.06, 98.12, 61, 84, 12106804
0.20, 8.46, 12.08, 102.27, 61, 84, 12118624
0.21, 8.14, 11.54, 93.95, 61, 84, 12130456
0.21, 8.46, 12.81, 108.43, 61, 84, 12142276
0.21, 8.46, 11.60, 98.16, 61, 84, 12154108
0.21, 8.46, 11.89, 100.67, 61, 84, 12165944
0.21, 8.46, 11.38, 96.33, 61, 84, 12177756
0.21, 8.46, 11.81, 99.99, 61, 84, 12189580
0.21, 8.46, 12.11, 102.50, 61, 84, 12201404
0.21, 8.46, 12.25, 103.64, 61, 84, 12213236
0.21, 8.46, 11.89, 100.67, 61, 84, 12225060
0.21, 8.46, 11.98, 101.36, 61, 84, 12236892
0.21, 9.77, 11.89, 116.16, 61, 84, 12248716
0.21, 8.46, 11.92, 100.90, 61, 84, 12260548
0.21, 8.46, 11.73, 99.30, 61, 84, 12272368
0.21, 8.14, 11.36, 92.41, 62, 84, 12284204
0.21, 8.46, 11.81, 99.99, 62, 84, 12296024
0.21, 8.79, 12.03, 105.73, 62, 84, 12307872
0.21, 8.46, 12.06, 102.04, 62, 84, 12319688
0.21, 8.79, 12.00, 105.49, 62, 84, 12331512
0.21, 8.79, 12.03, 105.73, 62, 84, 12343344
0.21, 8.46, 11.71, 99.07, 62, 84, 12355168
0.21, 8.79, 12.06, 105.97, 62, 84, 12367004
0.21, 9.44, 12.16, 114.83, 62, 84, 12378824
0.21, 8.79, 11.89, 104.54, 62, 84, 12390660
0.21, 9.11, 12.08, 110.14, 62, 84, 12402480
0.21, 8.79, 11.30, 99.33, 62, 84, 12414304
0.21, 8.79, 12.03, 105.73, 62, 84, 12426148
0.21, 8.79, 11.98, 105.25, 62, 85, 12437960
0.21, 8.79, 12.06, 105.97, 62, 84, 12449792
0.21, 9.11, 11.92, 108.66, 62, 84, 12461612
0.21, 9.11, 12.16, 110.87, 62, 84, 12473444
0.21, 9.77, 11.11, 108.52, 63, 84, 12485264
0.21, 8.46, 11.92, 100.90, 63, 84, 12497096
0.21, 9.11, 12.14, 110.63, 63, 84, 12508920
0.21, 8.14, 12.38, 100.75, 63, 84, 12520748
0.21, 9.11, 11.76, 107.19, 63, 84, 12532572
0.22, 8.79, 11.84, 104.07, 63, 84, 12544404
0.21, 8.79, 11.84, 104.07, 63, 84, 12556236
0.22, 8.46, 11.65, 98.62, 63, 84, 12568060
0.21, 9.11, 12.06, 109.89, 63, 84, 12579892
0.22, 9.44, 11.92, 112.54, 63, 84, 12591716
0.22, 9.11, 11.95, 108.91, 63, 84, 12603548
0.22, 9.11, 11.57, 105.47, 63, 84, 12615368
0.22, 8.79, 11.76, 103.36, 63, 84, 12627204
0.22, 9.11, 11.92, 108.66, 63, 84, 12639024
0.22, 8.14, 11.84, 96.36, 63, 84, 12650856
0.22, 9.11, 12.08, 110.14, 63, 84, 12662684
0.22, 8.79, 11.65, 102.41, 63, 84, 12674508
0.22, 8.79, 11.76, 103.36, 64, 84, 12686360
0.22, 8.79, 12.16, 106.91, 64, 85, 12698168
0.22, 9.44, 11.87, 112.03, 64, 84, 12710000
0.22, 9.44, 11.60, 109.49, 64, 84, 12721824
0.22, 9.11, 11.71, 106.69, 64, 84, 12733656
0.22, 9.44, 12.00, 113.31, 64, 84, 12745476
0.22, 9.11, 12.41, 113.09, 64, 84, 12757312
0.22, 9.11, 11.87, 108.17, 64, 84, 12769132
0.22, 10.09, 11.95, 120.58, 64, 84, 12780960
0.22, 9.44, 11.81, 111.52, 64, 84, 12792788
0.22, 9.77, 12.27, 119.85, 64, 84, 12804612
0.22, 9.44, 11.89, 112.29, 64, 84, 12816440
0.22, 9.44, 11.89, 112.29, 64, 84, 12828264
0.22, 9.11, 11.65, 106.20, 64, 84, 12840096
0.22, 8.79, 11.81, 103.83, 64, 84, 12851916
0.22, 9.44, 12.08, 114.07, 64, 84, 12863744
0.22, 9.11, 11.81, 107.68, 64, 84, 12875568
0.22, 9.44, 13.05, 123.24, 65, 84, 12887396
0.22, 9.44, 12.03, 113.56, 65, 85, 12899224
0.22, 9.44, 11.98, 113.05, 65, 84, 12911052
0.22, 9.44, 11.79, 111.27, 65, 84, 12922884
0.22, 9.77, 11.73, 114.58, 65, 84, 12934704
0.23, 9.77, 11.73, 114.58, 65, 84, 12946536
0.23, 10.74, 12.03, 129.22, 65, 84, 12958352
0.23, 9.77, 12.06, 117.74, 65, 84, 12970188
0.23, 9.77, 11.63, 113.53, 65, 84, 12982008
0.23, 8.79, 12.16, 106.91, 65, 84, 12993840
0.23, 9.77, 11.92, 116.42, 65, 84, 13005660
0.23, 9.44, 12.27, 115.85, 65, 84, 13017484
0.23, 10.09, 12.08, 121.94, 65, 84, 13029320
0.23, 10.09, 11.81, 119.21, 65, 84, 13041140
0.23, 9.77, 11.73, 114.58, 65, 84, 13052976
0.23, 9.77, 12.11, 118.27, 65, 84, 13064796
0.23, 9.77, 11.95, 116.69, 65, 84, 13076632
0.23, 10.42, 11.49, 119.69, 66, 84, 13088452
0.23, 10.09, 12.08, 121.94, 66, 84, 13100284
0.23, 10.09, 11.81, 119.21, 66, 84, 13112108
0.23, 10.09, 12.35, 124.66, 66, 84, 13123936
0.23, 10.09, 11.71, 118.13, 66, 84, 13135764
0.23, 9.44, 11.65, 110.00, 66, 84, 13147592
0.23, 10.09, 11.89, 120.03, 66, 84, 13159424
0.23, 10.09, 11.81, 119.21, 66, 84, 13171240
0.23, 10.09, 11.87, 119.76, 66, 84, 13183076
0.23, 9.77, 11.44, 111.68, 66, 84, 13194896
0.23, 10.09, 11.63, 117.31, 66, 84, 13206732
0.23, 10.42, 11.60, 120.81, 66, 85, 13218552
0.23, 11.07, 12.49, 138.21, 66, 84, 13230384
0.23, 10.09, 11.60, 117.04, 66, 84, 13242200
0.23, 10.74, 12.14, 130.38, 66, 84, 13254028
0.23, 10.09, 12.03, 121.39, 66, 84, 13265860
0.23, 10.09, 11.84, 119.49, 66, 84, 13277680
0.23, 10.09, 11.87, 119.76, 67, 84, 13289512
0.23, 10.74, 11.87, 127.49, 67, 84, 13301332
0.23, 10.09, 12.00, 121.12, 67, 84, 13313168
0.23, 10.09, 12.62, 127.38, 67, 84, 13324988
0.23, 10.74, 11.89, 127.78, 67, 84, 13336820
0.23, 10.74, 12.06, 129.51, 67, 84, 13348640
0.23, 10.42, 11.38, 118.57, 67, 84, 13360468
0.23, 10.74, 11.79, 126.62, 67, 84, 13372292
0.23, 10.42, 11.84, 123.34, 67, 84, 13384116
0.23, 10.74, 11.73, 126.04, 67, 84, 13395952
0.23, 10.74, 12.06, 129.51, 67, 84, 13407792
0.23, 10.74, 12.06, 129.51, 67, 84, 13419608
0.23, 11.07, 11.49, 127.17, 67, 84, 13431432
0.23, 11.07, 12.30, 136.13, 67, 84, 13443260
0.23, 10.42, 11.73, 122.22, 67, 84, 13455084
0.23, 10.74, 11.84, 127.20, 67, 84, 13466920
0.23, 10.74, 11.65, 125.17, 67, 84, 13478744
0.23, 9.44, 12.00, 113.31, 68, 84, 13490572
0.23, 10.74, 11.73, 126.04, 68, 84, 13502404
0.23, 11.07, 12.14, 134.33, 68, 84, 13514224
0.23, 11.07, 11.81, 130.75, 68, 84, 13526060
0.23, 11.07, 11.81, 130.75, 68, 84, 13537880
0.24, 11.39, 11.92, 135.83, 68, 84, 13549716
0.24, 10.42, 11.46, 119.41, 68, 84, 13561536
0.24, 11.07, 12.08, 133.74, 68, 84, 13573372
0.24, 10.74, 12.11, 130.09, 68, 84, 13585192
0.24, 11.39, 12.19, 138.90, 68, 84, 13597020
0.24, 11.07, 12.27, 135.83, 68, 84, 13608844
0.24, 11.39, 11.84, 134.90, 68, 84, 13620668
0.24, 11.07, 11.95, 132.24, 68, 84, 13632504
0.24, 11.39, 11.65, 132.75, 68, 84, 13644324
0.24, 11.07, 11.71, 129.56, 68, 84, 13656156
0.24, 11.07, 11.49, 127.17, 68, 84, 13667992
0.24, 11.07, 11.63, 128.66, 68, 84, 13679808
0.24, 11.07, 11.81, 130.75, 69, 84, 13691636
0.24, 11.39, 11.81, 134.60, 69, 84, 13703464
0.24, 11.39, 11.95, 136.13, 69, 84, 13715288
0.24, 11.72, 10.90, 127.70, 69, 84, 13727116
0.24, 11.72, 12.41, 145.40, 69, 84, 13738952
0.24, 11.39, 11.54, 131.52, 69, 84, 13750772
0.24, 11.72, 11.52, 134.97, 69, 84, 13762608
0.24, 11.39, 11.79, 134.29, 69, 84, 13774428
0.24, 11.07, 11.92, 131.95, 69, 84, 13786280
0.24, 12.04, 12.38, 149.11, 69, 84, 13798084
0.24, 11.39, 11.73, 133.68, 69, 84, 13809916
0.24, 11.72, 11.95, 140.02, 69, 84, 13821740
0.24, 11.39, 11.25, 128.14, 69, 84, 13833568
0.24, 11.72, 12.35, 144.76, 69, 84, 13845396
0.24, 11.39, 11.71, 133.37, 69, 85, 13857220
0.24, 11.39, 11.73, 133.68, 69, 84, 13869056
0.24, 11.72, 12.08, 141.60, 69, 84, 13880876
0.24, 11.39, 12.08, 137.67, 70, 84, 13892708
0.24, 11.07, 11.44, 126.57, 70, 84, 13904528
0.24, 12.04, 11.81, 142.29, 70, 84, 13916360
0.24, 11.72, 11.65, 136.55, 70, 84, 13928196
0.24, 12.37, 12.19, 150.81, 70, 84, 13940012
0.24, 12.04, 12.19, 146.84, 70, 84, 13951832
0.24, 12.37, 12.60, 155.81, 70, 84, 13963660
0.24, 11.72, 12.03, 140.97, 70, 84, 13975492
0.24, 11.39, 12.92, 147.20, 70, 84, 13987316
0.25, 12.37, 11.98, 148.14, 70, 84, 13999152
0.25, 12.04, 11.63, 140.01, 70, 84, 14010972
0.25, 12.04, 11.84, 142.61, 70, 84, 14022808
0.25, 11.07, 12.14, 134.33, 70, 84, 14034628
0.25, 11.72, 11.65, 136.55, 70, 84, 14046476
0.25, 12.37, 11.87, 146.80, 70, 85, 14058280
0.25, 10.74, 12.08, 129.80, 70, 84, 14070104
0.25, 12.37, 11.95, 147.80, 70, 84, 14081932
0.25, 11.72, 11.68, 136.86, 71, 84, 14093760
0.25, 12.37, 12.14, 150.14, 71, 84, 14105592
0.25, 12.04, 11.73, 141.31, 71, 85, 14117412
0.25, 12.70, 11.63, 147.58, 71, 84, 14129244
0.25, 12.04, 11.49, 138.39, 71, 84, 14141068
0.25, 12.04, 11.76, 141.64, 71, 84, 14152900
0.25, 12.37, 11.60, 143.47, 71, 84, 14164720
0.25, 12.37, 11.79, 145.80, 71, 84, 14176552
0.25, 12.04, 11.65, 140.34, 71, 84, 14188372
0.25, 13.67, 12.41, 169.63, 71, 84, 14200200
0.25, 12.37, 11.81, 146.13, 71, 84, 14212032
0.25, 12.70, 11.92, 151.35, 71, 84, 14223848
0.25, 12.70, 12.16, 154.43, 71, 84, 14235680
0.25, 12.04, 11.79, 141.96, 71, 84, 14247500
0.25, 12.37, 11.92, 147.47, 71, 84, 14259336
0.25, 12.37, 12.62, 156.14, 71, 84, 14271156
0.25, 12.04, 11.60, 139.69, 71, 84, 14282992
0.26, 12.70, 12.00, 152.38, 72, 84, 14294816
0.26, 13.02, 11.36, 147.86, 72, 84, 14306656
0.26, 12.70, 11.71, 148.61, 72, 84, 14318468
0.26, 12.70, 11.76, 149.30, 72, 84, 14330296
0.26, 12.70, 11.89, 151.01, 72, 84, 14342132
0.26, 13.02, 12.06, 156.99, 72, 84, 14353952
0.26, 12.70, 11.71, 148.61, 72, 84, 14365784
0.26, 13.67, 11.44, 156.35, 72, 84, 14377608
0.26, 12.04, 11.68, 140.66, 72, 84, 14389444
0.26, 13.02, 11.65, 151.72, 72, 84, 14401264
0.26, 12.04, 11.57, 139.37, 72, 84, 14413096
0.26, 13.02, 11.41, 148.56, 72, 84, 14424920
0.26, 11.72, 12.00, 140.66, 72, 84, 14436748
0.26, 13.02, 11.87, 154.53, 72, 84, 14448580
0.26, 12.70, 11.52, 146.21, 72, 84, 14460400
0.26, 13.02, 11.65, 151.72, 72, 84, 14472232
0.26, 12.70, 11.87, 150.66, 72, 84, 14484052
0.26, 13.02, 11.95, 155.58, 73, 84, 14495884
0.26, 14.00, 10.92, 152.90, 73, 84, 14507704
0.26, 13.67, 12.00, 164.10, 73, 84, 14519540
0.26, 13.02, 12.06, 156.99, 73, 84, 14531360
0.26, 14.00, 11.54, 161.59, 73, 84, 14543188
0.27, 13.35, 11.95, 159.47, 73, 84, 14555016
0.27, 14.00, 12.00, 168.01, 73, 84, 14566840
0.27, 13.02, 11.71, 152.42, 73, 84, 14578672
0.27, 13.67, 11.81, 161.52, 73, 84, 14590492
0.27, 13.67, 12.14, 165.94, 73, 84, 14602328
0.27, 14.97, 11.49, 172.05, 73, 84, 14614144
0.27, 13.02, 10.98, 142.94, 73, 84, 14625980
0.27, 13.35, 11.25, 150.11, 73, 84, 14637804
0.27, 13.67, 11.57, 158.20, 73, 84, 14649636
0.27, 13.35, 11.63, 155.15, 73, 84, 14661460
0.27, 13.35, 11.87, 158.39, 73, 84, 14673288
0.27, 13.67, 11.60, 158.57, 73, 84, 14685120
0.27, 13.35, 11.27, 150.47, 74, 84, 14696948
0.27, 13.35, 11.79, 157.31, 74, 84, 14708776
0.27, 13.67, 11.54, 157.83, 74, 84, 14720600
0.27, 13.67, 11.38, 155.62, 74, 84, 14732436
0.27, 14.00, 11.36, 158.94, 74, 84, 14744260
0.27, 13.67, 11.52, 157.46, 74, 84, 14756092
0.27, 13.67, 11.52, 157.46, 74, 84, 14767916
0.27, 14.65, 12.81, 187.67, 74, 84, 14779740
0.27, 13.67, 12.14, 165.94, 74, 84, 14791572
0.27, 14.00, 11.73, 164.23, 74, 84, 14803396
0.27, 14.32, 11.87, 169.98, 74, 84, 14815232
0.27, 14.32, 11.89, 170.37, 74, 84, 14827052
0.28, 14.32, 12.08, 173.07, 74, 84, 14838884
0.28, 13.67, 12.97, 177.37, 74, 84, 14850704
0.28, 14.00, 12.38, 173.29, 74, 84, 14862540
0.28, 13.67, 11.71, 160.04, 74, 84, 14874360
0.28, 14.65, 10.98, 160.81, 74, 84, 14886200
0.28, 14.00, 11.36, 158.94, 75, 84, 14898016
0.27, 13.35, 11.44, 152.63, 75, 84, 14909844
0.28, 13.67, 11.95, 163.36, 75, 84, 14921676
0.28, 14.32, 12.00, 171.91, 75, 84, 14933492
0.28, 14.32, 12.11, 173.46, 75, 84, 14945328
0.28, 14.65, 11.95, 175.03, 75, 85, 14957148
0.28, 14.65, 11.98, 175.42, 75, 84, 14968980
0.28, 13.67, 12.22, 167.05, 75, 84, 14980796
0.28, 14.65, 11.41, 167.13, 75, 84, 14992624
0.28, 14.00, 11.92, 166.87, 75, 84, 15004448
0.28, 14.00, 10.98, 153.66, 75, 84, 15016276
0.28, 15.30, 12.00, 183.63, 75, 84, 15028096
0.28, 14.65, 11.54, 169.10, 75, 84, 15039924
0.28, 14.32, 11.89, 170.37, 75, 84, 15051760
0.28, 14.65, 11.27, 165.15, 75, 84, 15063576
0.28, 14.00, 11.33, 158.57, 75, 84, 15075408
0.28, 13.67, 11.25, 153.77, 75, 84, 15087228
0.29, 14.65, 11.73, 171.87, 76, 84, 15099060
0.29, 14.65, 12.54, 183.72, 76, 84, 15110880
0.28, 14.97, 12.00, 179.73, 76, 84, 15122712
0.29, 14.97, 11.52, 172.46, 76, 84, 15134532
0.29, 13.35, 11.52, 153.71, 76, 84, 15146360
0.29, 15.30, 11.76, 179.92, 76, 84, 15158184
0.29, 14.97, 11.44, 171.25, 76, 84, 15170012
0.29, 14.97, 11.41, 170.84, 76, 84, 15181844
0.29, 15.30, 11.87, 181.57, 76, 84, 15193664
0.29, 14.97, 11.63, 174.07, 76, 84, 15205496
0.29, 14.32, 11.11, 159.16, 76, 84, 15217316
0.29, 14.65, 11.84, 173.45, 76, 84, 15229148
0.29, 15.30, 11.49, 175.79, 76, 84, 15240968
0.29, 15.30, 12.00, 183.63, 76, 84, 15252804
0.29, 15.30, 11.98, 183.22, 76, 84, 15264624
0.29, 15.63, 11.92, 186.28, 76, 84, 15276456
0.29, 14.65, 11.57, 169.50, 76, 84, 15288308
0.29, 15.30, 12.06, 184.46, 77, 85, 15300108
0.29, 14.97, 11.65, 174.48, 77, 84, 15311944
0.29, 15.63, 11.54, 180.38, 77, 84, 15323764
0.29, 15.30, 11.76, 179.92, 77, 84, 15335592
0.29, 14.97, 12.03, 180.13, 77, 84, 15347416
0.29, 14.97, 11.65, 174.48, 77, 84, 15359252
0.29, 15.63, 11.81, 184.59, 77, 84, 15371076
0.30, 15.95, 12.49, 199.19, 77, 84, 15382900
0.30, 15.63, 11.68, 182.48, 77, 84, 15394728
0.30, 15.95, 11.89, 189.73, 77, 84, 15406576
0.30, 15.63, 11.57, 180.80, 77, 84, 15418392
0.30, 15.63, 11.98, 187.12, 77, 84, 15430212
0.30, 14.97, 11.57, 173.26, 77, 84, 15442048
0.30, 15.63, 12.03, 187.96, 77, 84, 15453868
0.30, 14.97, 11.60, 173.67, 77, 84, 15465704
0.30, 15.30, 11.65, 178.27, 77, 84, 15477524
0.30, 14.00, 11.54, 161.59, 77, 84, 15489356
0.30, 15.30, 11.54, 176.62, 78, 84, 15501180
0.30, 15.30, 11.65, 178.27, 78, 84, 15513004
0.30, 16.28, 11.92, 194.04, 78, 84, 15524844
0.30, 15.95, 11.41, 181.98, 78, 84, 15536660
0.30, 16.28, 11.54, 187.89, 78, 84, 15548516
0.30, 15.63, 11.60, 181.22, 78, 84, 15560320
0.30, 16.28, 12.65, 205.89, 78, 84, 15572152
0.30, 15.95, 12.00, 191.45, 78, 84, 15583976
0.30, 16.28, 12.16, 197.99, 78, 84, 15595812
0.30, 14.65, 11.54, 169.10, 78, 84, 15607632
0.30, 16.93, 10.98, 185.82, 78, 84, 15619460
0.30, 16.28, 11.89, 193.60, 78, 84, 15631296
0.30, 16.60, 11.76, 195.23, 78, 84, 15643116
0.31, 16.28, 11.92, 194.04, 78, 84, 15654952
0.31, 16.28, 11.79, 191.84, 78, 84, 15666792
0.31, 15.95, 11.68, 186.29, 78, 84, 15678608
0.31, 15.95, 11.46, 182.84, 78, 84, 15690428
0.31, 15.63, 11.79, 184.17, 79, 84, 15702260
0.31, 15.95, 12.33, 196.61, 79, 84, 15714088
0.31, 15.95, 12.84, 204.78, 79, 84, 15725912
0.31, 16.93, 11.73, 198.60, 79, 84, 15737744
0.31, 16.28, 11.36, 184.82, 79, 84, 15749572
0.31, 16.60, 11.33, 188.07, 79, 84, 15761404
0.31, 16.28, 11.09, 180.43, 79, 84, 15773228
0.31, 16.93, 11.89, 201.34, 79, 84, 15785060
0.31, 15.95, 12.68, 202.20, 79, 84, 15796880
0.31, 16.28, 11.38, 185.26, 79, 84, 15808728
0.32, 17.25, 11.60, 200.10, 79, 84, 15820540
0.32, 16.93, 11.25, 190.39, 79, 84, 15832372
0.31, 17.25, 11.57, 199.63, 79, 84, 15844192
0.32, 16.93, 11.65, 197.23, 79, 84, 15856020
0.31, 17.58, 11.65, 204.82, 79, 84, 15867852
0.31, 16.60, 11.44, 189.86, 79, 84, 15879672
0.32, 16.93, 11.41, 193.13, 79, 84, 15891504
0.32, 16.60, 11.11, 184.49, 80, 84, 15903324
0.32, 17.25, 11.36, 195.91, 80, 84, 15915156
0.32, 17.90, 12.06, 215.86, 80, 84, 15926976
0.31, 16.60, 11.25, 186.72, 80, 84, 15938808
0.32, 17.25, 11.36, 195.91, 80, 84, 15950628
0.32, 16.93, 11.54, 195.41, 80, 84, 15962456
0.32, 17.25, 11.87, 204.75, 80, 84, 15974280
0.32, 17.90, 11.95, 213.92, 80, 84, 15986104
0.32, 17.58, 11.33, 199.13, 80, 84, 15997940
0.32, 16.93, 11.89, 201.34, 80, 84, 16009760
0.32, 16.93, 11.89, 201.34, 80, 84, 16021592
0.32, 17.90, 11.44, 204.75, 80, 84, 16033408
0.32, 17.58, 12.19, 214.30, 80, 84, 16045240
0.32, 17.90, 11.73, 210.06, 80, 84, 16057064
0.32, 16.93, 11.87, 200.89, 80, 84, 16068892
0.32, 17.25, 11.19, 193.12, 80, 84, 16080712
0.32, 17.90, 12.22, 218.75, 80, 84, 16092540
0.32, 17.58, 12.14, 213.35, 81, 84, 16104372
0.32, 17.58, 11.46, 201.50, 81, 84, 16116192
0.32, 17.90, 11.89, 212.96, 81, 84, 16128024
0.32, 18.23, 11.49, 209.46, 81, 84, 16139848
0.32, 17.58, 12.11, 212.88, 81, 84, 16151676
0.33, 18.55, 11.38, 211.19, 81, 84, 16163500
0.33, 17.58, 11.54, 202.92, 81, 84, 16175328
0.33, 17.90, 11.46, 205.23, 81, 84, 16187148
0.33, 17.90, 13.00, 232.76, 81, 84, 16198984
0.33, 18.23, 11.89, 216.83, 81, 84, 16210804
0.33, 17.58, 11.84, 208.14, 81, 84, 16222632
0.33, 17.90, 11.09, 198.47, 81, 84, 16234468
0.33, 19.86, 11.54, 229.23, 81, 84, 16246288
0.33, 18.23, 11.49, 209.46, 81, 84, 16258124
0.33, 19.21, 10.95, 210.32, 81, 84, 16269944
0.33, 18.55, 11.57, 214.70, 81, 84, 16281780
0.33, 18.55, 11.38, 211.19, 81, 84, 16293604
0.33, 18.55, 11.92, 221.20, 82, 84, 16305436
0.33, 18.55, 10.84, 201.19, 82, 84, 16317256
0.33, 18.55, 12.84, 238.22, 82, 84, 16329088
0.33, 18.23, 11.68, 212.90, 82, 84, 16340920
0.33, 18.55, 11.44, 212.20, 82, 84, 16352740
0.33, 18.23, 11.00, 200.61, 82, 84, 16364572
0.34, 18.55, 11.09, 205.69, 82, 84, 16376396
0.34, 19.21, 11.54, 221.71, 82, 84, 16388228
0.34, 18.23, 11.09, 202.08, 82, 84, 16400048
0.34, 18.23, 11.65, 212.41, 82, 84, 16411880
0.34, 18.23, 11.19, 204.05, 82, 84, 16423700
0.34, 19.21, 12.41, 238.29, 82, 84, 16435532
0.34, 18.55, 11.36, 210.69, 82, 84, 16447352
0.34, 19.21, 11.60, 222.75, 82, 84, 16459180
0.34, 18.23, 12.11, 220.76, 82, 84, 16471012
0.34, 18.88, 11.06, 208.79, 82, 84, 16482832
0.34, 19.21, 11.87, 227.93, 82, 84, 16494664
0.34, 18.88, 11.19, 211.33, 83, 84, 16506488
0.34, 18.88, 10.98, 207.26, 83, 84, 16518324
0.34, 18.88, 11.76, 222.03, 83, 84, 16530144
0.34, 19.21, 11.14, 213.94, 83, 84, 16541976
0.34, 18.88, 11.03, 208.28, 83, 84, 16553800
0.35, 18.23, 11.49, 209.46, 83, 84, 16565624
0.34, 19.53, 11.09, 216.51, 83, 85, 16577448
0.35, 19.53, 11.73, 229.16, 83, 84, 16589276
0.35, 19.53, 12.03, 234.95, 83, 84, 16601108
0.35, 19.53, 11.06, 215.99, 83, 84, 16612928
0.35, 19.53, 11.14, 217.57, 83, 84, 16624760
0.35, 18.55, 12.16, 225.71, 83, 84, 16636584
0.35, 19.21, 11.60, 222.75, 83, 84, 16648416
0.35, 19.21, 11.79, 226.37, 83, 84, 16660240
0.35, 20.51, 11.03, 226.23, 83, 84, 16672072
0.35, 19.53, 11.89, 232.32, 83, 84, 16683900
0.35, 19.86, 11.81, 234.58, 83, 84, 16695724
0.35, 19.21, 11.65, 223.78, 84, 84, 16707556
0.35, 19.86, 11.27, 223.87, 84, 85, 16719376
0.35, 19.53, 11.71, 228.63, 84, 84, 16731208
0.35, 19.86, 12.25, 243.15, 84, 84, 16743028
0.35, 19.53, 10.98, 214.41, 84, 84, 16754864
0.35, 20.18, 11.79, 237.89, 84, 84, 16766680
0.35, 20.51, 11.81, 242.28, 84, 84, 16778516
0.35, 20.83, 11.44, 238.25, 84, 84, 16790336
0.36, 20.51, 12.06, 247.25, 84, 84, 16802160
0.35, 20.51, 11.73, 240.62, 84, 84, 16813992
0.35, 20.51, 11.36, 232.87, 84, 84, 16825816
0.35, 19.53, 11.36, 221.78, 84, 84, 16837648
0.35, 19.53, 11.11, 217.04, 84, 84, 16849472
0.35, 19.53, 11.11, 217.04, 84, 84, 16861304
0.36, 20.18, 11.44, 230.81, 84, 84, 16873128
0.36, 19.86, 11.27, 223.87, 84, 84, 16884964
0.36, 20.51, 11.73, 240.62, 84, 84, 16896780
0.35, 19.53, 11.57, 226.00, 85, 84, 16908636
0.35, 20.18, 11.49, 231.90, 85, 85, 16920436
0.36, 19.86, 11.57, 229.76, 85, 84, 16932268
0.36, 20.83, 11.63, 242.19, 85, 84, 16944100
0.36, 20.51, 11.09, 227.34, 85, 84, 16955920
0.36, 20.51, 11.76, 241.17, 85, 84, 16967752
0.36, 19.86, 10.79, 214.23, 85, 84, 16979572
0.36, 20.83, 10.87, 226.45, 85, 84, 16991400
0.36, 20.18, 11.30, 228.09, 85, 84, 17003224
0.36, 19.86, 11.11, 220.66, 85, 84, 17015056
0.36, 21.16, 11.22, 237.41, 85, 84, 17026896
0.36, 20.18, 11.76, 237.34, 85, 84, 17038708
0.36, 20.51, 12.08, 247.81, 85, 84, 17050532
0.36, 21.16, 12.19, 257.96, 85, 84, 17062360
0.36, 21.48, 11.57, 248.60, 85, 84, 17074192
0.36, 20.83, 11.06, 230.39, 85, 84, 17086016
0.36, 19.86, 11.92, 236.73, 85, 84, 17097848
0.36, 21.48, 11.95, 256.71, 86, 84, 17109672
0.36, 21.48, 11.27, 242.22, 86, 84, 17121504
0.36, 20.18, 11.27, 227.54, 86, 84, 17133324
0.36, 21.48, 11.81, 253.81, 86, 84, 17145156
0.37, 21.16, 11.89, 251.68, 86, 84, 17156976
0.37, 21.48, 10.82, 232.37, 86, 84, 17168820
0.37, 21.16, 11.44, 241.98, 86, 84, 17180640
0.37, 21.48, 10.92, 234.69, 86, 84, 17192456
0.37, 21.81, 11.03, 240.60, 86, 84, 17204292
0.37, 21.16, 10.60, 224.29, 86, 84, 17216116
0.37, 21.16, 12.35, 261.38, 86, 84, 17227948
0.37, 21.16, 11.60, 245.40, 86, 84, 17239768
0.37, 21.81, 11.25, 245.30, 86, 84, 17251604
0.37, 22.14, 10.92, 241.80, 86, 84, 17263424
0.37, 22.46, 11.19, 251.42, 86, 84, 17275248
0.37, 22.14, 11.65, 257.92, 86, 84, 17287100
0.37, 20.83, 11.54, 240.50, 86, 84, 17298908
0.37, 21.16, 11.54, 244.26, 87, 84, 17310736
0.37, 21.81, 10.84, 236.48, 87, 84, 17322556
0.37, 21.48, 11.65, 250.34, 87, 84, 17334388
0.37, 22.46, 10.76, 241.72, 87, 84, 17346208
0.38, 22.14, 11.09, 245.38, 87, 84, 17358044
0.38, 22.14, 11.63, 257.32, 87, 84, 17369864
0.38, 22.46, 12.00, 269.59, 87, 84, 17381696
0.38, 22.46, 11.14, 250.20, 87, 84, 17393516
0.38, 21.81, 11.30, 246.48, 87, 84, 17405340
0.38, 21.81, 11.79, 257.07, 87, 84, 17417176
0.38, 22.46, 11.68, 262.32, 87, 84, 17429012
0.38, 22.46, 11.27, 253.23, 87, 84, 17440828
0.38, 22.14, 12.19, 269.86, 87, 84, 17452652
0.38, 21.81, 11.81, 257.66, 87, 84, 17464484
0.38, 22.46, 11.44, 256.87, 87, 84, 17476300
0.38, 21.48, 11.57, 248.60, 87, 84, 17488136
0.38, 22.14, 11.36, 251.35, 87, 85, 17499956
0.38, 22.46, 11.41, 256.26, 88, 84, 17511788
0.38, 23.11, 11.22, 259.33, 88, 84, 17523612
0.38, 22.14, 11.63, 257.32, 88, 84, 17535440
0.38, 22.79, 11.38, 259.36, 88, 84, 17547272
0.38, 22.46, 11.95, 268.38, 88, 84, 17559092
0.38, 22.14, 11.22, 248.37, 88, 84, 17570928
0.38, 22.14, 11.54, 255.53, 88, 84, 17582744
0.38, 22.79, 11.65, 265.51, 88, 84, 17594580
0.38, 22.79, 11.87, 270.42, 88, 84, 17606404
0.38, 21.81, 12.03, 262.36, 88, 84, 17618236
0.38, 23.44, 11.73, 274.99, 88, 84, 17630060
0.38, 22.46, 11.60, 260.50, 88, 84, 17641884
0.38, 23.11, 10.92, 252.47, 88, 84, 17653716
0.39, 22.79, 11.00, 250.76, 88, 84, 17665540
0.39, 22.79, 11.73, 267.35, 88, 84, 17677372
0.38, 22.14, 11.22, 248.37, 88, 84, 17689196
0.38, 22.46, 11.44, 256.87, 88, 84, 17701028
0.39, 22.79, 11.33, 258.13, 89, 84, 17712848
0.39, 22.79, 10.63, 242.15, 89, 84, 17724684
0.39, 23.11, 11.60, 268.05, 89, 84, 17736504
0.39, 22.79, 10.73, 244.61, 89, 84, 17748332
0.39, 24.74, 11.60, 286.93, 89, 85, 17760160
0.39, 22.14, 10.98, 243.00, 89, 84, 17771988
0.39, 23.44, 11.38, 266.77, 89, 84, 17783820
0.39, 23.44, 12.08, 283.21, 89, 84, 17795640
0.39, 23.76, 11.41, 271.12, 89, 84, 17807480
0.39, 23.11, 10.82, 249.98, 89, 84, 17819296
0.39, 23.11, 11.14, 257.46, 89, 84, 17831132
0.39, 23.11, 11.14, 257.46, 89, 84, 17842952
0.39, 23.76, 12.00, 285.22, 89, 84, 17854784
0.39, 21.81, 11.14, 242.95, 89, 84, 17866608
0.39, 23.44, 11.09, 259.82, 89, 84, 17878432
0.39, 23.44, 11.17, 261.71, 89, 84, 17890260
0.39, 24.74, 11.71, 289.60, 89, 84, 17902080
0.40, 23.44, 11.27, 264.24, 90, 84, 17913912
0.39, 24.09, 11.76, 283.28, 90, 84, 17925736
0.40, 23.76, 11.36, 269.84, 90, 84, 17937564
0.40, 24.09, 10.87, 261.84, 90, 84, 17949384
0.40, 23.76, 11.57, 274.96, 90, 84, 17961220
0.40, 24.09, 11.60, 279.38, 90, 84, 17973036
0.40, 23.44, 10.79, 252.86, 90, 84, 17984860
0.40, 24.09, 11.06, 266.39, 90, 84, 17996688
0.40, 22.79, 11.41, 259.98, 90, 84, 18008516
0.40, 23.76, 11.09, 263.43, 90, 84, 18020348
0.40, 24.09, 11.73, 282.63, 90, 84, 18032172
0.40, 23.76, 10.95, 260.22, 90, 84, 18044004
0.40, 24.09, 10.41, 250.79, 90, 84, 18055824
0.40, 24.74, 11.54, 285.60, 90, 84, 18067656
0.40, 24.09, 11.36, 273.53, 90, 84, 18079480
0.40, 23.76, 11.19, 265.99, 90, 84, 18091308
0.40, 23.76, 10.98, 260.86, 90, 84, 18103132
0.40, 24.74, 11.11, 274.92, 91, 84, 18114960
0.40, 24.09, 11.06, 266.39, 91, 84, 18126788
0.40, 24.09, 11.06, 266.39, 91, 84, 18138612
0.40, 24.09, 11.46, 276.13, 91, 84, 18150448
0.40, 25.39, 10.63, 269.83, 91, 84, 18162272
0.40, 25.39, 11.30, 286.95, 91, 84, 18174100
0.40, 24.41, 11.11, 271.30, 91, 84, 18185920
0.40, 25.72, 11.44, 294.10, 91, 84, 18197756
0.40, 24.74, 11.19, 276.92, 91, 84, 18209572
0.41, 24.41, 11.09, 270.64, 91, 84, 18221400
0.41, 25.07, 11.00, 275.83, 91, 84, 18233228
0.41, 25.72, 11.71, 301.03, 91, 84, 18245060
0.41, 24.41, 11.11, 271.30, 91, 84, 18256892
0.41, 24.74, 10.82, 267.58, 91, 84, 18268708
0.41, 25.07, 11.19, 280.57, 91, 84, 18280540
0.41, 25.72, 11.14, 286.47, 91, 84, 18292360
0.40, 25.07, 12.03, 301.52, 91, 84, 18304196
0.40, 25.07, 11.33, 283.95, 92, 84, 18316016
0.40, 23.76, 11.17, 265.35, 92, 84, 18327848
0.41, 25.07, 11.03, 276.51, 92, 85, 18339672
0.41, 24.74, 11.54, 285.60, 92, 84, 18351500
0.40, 25.39, 12.00, 304.75, 92, 84, 18363332
0.40, 25.07, 11.36, 284.62, 92, 84, 18375156
0.41, 24.74, 10.98, 271.58, 92, 84, 18387004
0.41, 25.39, 11.14, 282.84, 92, 85, 18398808
0.41, 24.74, 10.84, 268.25, 92, 84, 18410644
0.41, 25.07, 11.57, 290.03, 92, 84, 18422464
0.41, 25.39, 10.65, 270.51, 92, 84, 18434300
0.41, 25.07, 11.79, 295.44, 92, 84, 18446120
0.41, 25.72, 11.65, 299.64, 92, 84, 18457948
0.41, 24.74, 11.22, 277.59, 92, 84, 18469776
0.41, 24.74, 11.33, 280.26, 92, 84, 18481600
0.41, 25.39, 11.06, 280.78, 92, 84, 18493432
0.41, 25.39, 11.30, 286.95, 92, 84, 18505252
0.41, 25.72, 11.11, 285.77, 93, 84, 18517084
0.41, 25.07, 10.87, 272.45, 93, 84, 18528908
0.41, 25.07, 11.27, 282.59, 93, 84, 18540736
0.41, 25.39, 11.17, 283.52, 93, 84, 18552556
0.41, 25.39, 11.09, 281.47, 93, 84, 18564392
0.41, 25.39, 11.46, 291.06, 93, 84, 18576208
0.41, 24.74, 10.82, 267.58, 93, 84, 18588036
0.41, 26.04, 10.87, 283.07, 93, 84, 18599868
0.41, 25.72, 11.89, 305.89, 93, 84, 18611692
0.41, 25.39, 11.06, 280.78, 93, 84, 18623524
0.41, 26.37, 10.65, 280.92, 93, 84, 18635348
0.41, 25.39, 11.52, 292.43, 93, 84, 18647200
0.41, 27.02, 10.79, 291.50, 93, 84, 18659004
0.41, 25.72, 11.63, 298.95, 93, 84, 18670836
0.41, 25.72, 10.82, 278.14, 93, 84, 18682660
0.42, 26.04, 11.76, 306.25, 93, 84, 18694488
0.42, 26.04, 11.33, 295.01, 93, 84, 18706316
0.42, 25.07, 11.25, 281.92, 94, 84, 18718144
0.42, 26.04, 11.22, 292.20, 94, 84, 18729980
0.42, 26.37, 11.95, 315.05, 94, 84, 18741800
0.42, 26.04, 10.90, 283.77, 94, 84, 18753632
0.42, 26.04, 11.11, 289.39, 94, 84, 18765456
0.42, 26.69, 11.60, 309.58, 94, 84, 18777288
0.42, 26.37, 11.22, 295.85, 94, 84, 18789128
0.42, 26.69, 10.92, 291.58, 94, 84, 18800944
0.42, 26.37, 11.57, 305.10, 94, 84, 18812768
0.42, 26.37, 11.57, 305.10, 94, 84, 18824596
0.42, 26.04, 11.14, 290.09, 94, 84, 18836432
0.42, 26.04, 11.36, 295.71, 94, 84, 18848248
0.42, 26.04, 11.03, 287.28, 94, 84, 18860084
0.42, 26.69, 11.06, 295.18, 94, 84, 18871904
0.42, 26.37, 10.90, 287.32, 94, 84, 18883740
0.42, 27.02, 11.19, 302.43, 94, 84, 18895564
0.42, 26.69, 12.00, 320.38, 94, 84, 18907412
0.42, 26.69, 11.36, 303.10, 95, 84, 18919220
0.42, 25.72, 11.27, 289.93, 95, 84, 18931048
0.42, 26.37, 11.38, 300.12, 95, 84, 18942876
0.42, 27.67, 11.81, 326.88, 95, 84, 18954700
0.42, 26.37, 10.84, 285.89, 95, 84, 18966540
0.42, 27.34, 11.79, 322.30, 95, 85, 18978360
0.42, 27.02, 11.36, 306.80, 95, 84, 18990192
0.42, 27.34, 10.76, 294.27, 95, 84, 19002012
0.42, 26.37, 10.90, 287.32, 95, 84, 19013844
0.42, 26.69, 11.52, 307.42, 95, 84, 19025668
0.42, 27.02, 11.19, 302.43, 95, 84, 19037496
0.42, 26.69, 11.22, 299.50, 95, 84, 19049336
0.42, 26.69, 11.33, 302.38, 95, 84, 19061144
0.42, 27.34, 11.06, 302.38, 95, 84, 19072976
0.42, 26.37, 11.06, 291.58, 95, 84, 19084792
0.42, 26.69, 11.27, 300.94, 95, 84, 19096624
0.42, 27.02, 11.19, 302.43, 95, 84, 19108448
0.42, 26.37, 10.65, 280.92, 96, 84, 19120280
0.42, 27.34, 11.22, 306.81, 96, 84, 19132100
0.42, 27.02, 10.73, 290.04, 96, 84, 19143932
0.43, 27.34, 11.36, 310.50, 96, 84, 19155752
0.43, 27.34, 11.79, 322.30, 96, 84, 19167576
0.43, 26.37, 11.84, 312.21, 96, 84, 19179404
0.43, 27.02, 10.95, 295.87, 96, 84, 19191232
0.43, 27.99, 11.36, 317.89, 96, 84, 19203064
0.43, 27.99, 11.79, 329.97, 96, 84, 19214888
0.43, 27.67, 11.06, 305.98, 96, 84, 19226720
0.43, 27.02, 11.68, 315.54, 96, 84, 19238544
0.43, 28.32, 11.52, 326.17, 96, 84, 19250380
0.43, 27.99, 11.68, 326.95, 96, 84, 19262196
0.43, 27.34, 11.25, 307.55, 96, 84, 19274032
0.43, 28.32, 11.09, 313.95, 96, 84, 19285856
0.43, 28.65, 11.57, 331.46, 96, 84, 19297680
0.43, 27.34, 11.19, 306.07, 96, 84, 19309540
0.43, 27.67, 11.36, 314.19, 97, 84, 19321340
0.43, 27.34, 11.11, 303.86, 97, 84, 19333172
0.43, 27.02, 11.25, 303.88, 97, 84, 19344992
0.43, 27.67, 10.68, 295.54, 97, 84, 19356824
0.43, 27.67, 10.84, 300.01, 97, 84, 19368644
0.43, 29.30, 11.52, 337.42, 97, 84, 19380476
0.43, 27.02, 11.38, 307.53, 97, 84, 19392296
0.43, 27.34, 11.11, 303.86, 97, 84, 19404120
0.43, 27.67, 11.19, 309.71, 97, 84, 19415948
0.43, 27.67, 11.30, 312.70, 97, 84, 19427772
0.43, 27.99, 11.25, 314.87, 97, 84, 19439608
0.43, 29.62, 11.36, 336.37, 97, 84, 19451428
0.43, 27.99, 11.44, 320.15, 97, 84, 19463256
0.43, 28.65, 11.00, 315.24, 97, 84, 19475076
0.43, 27.99, 10.84, 303.54, 97, 84, 19486912
0.43, 28.65, 11.46, 328.37, 97, 85, 19498728
0.43, 28.65, 11.38, 326.05, 97, 84, 19510564
0.43, 28.32, 11.27, 319.29, 98, 84, 19522380
0.43, 28.65, 11.22, 321.42, 98, 84, 19534208
0.43, 28.32, 11.44, 323.88, 98, 84, 19546040
0.43, 28.32, 10.98, 310.89, 98, 84, 19557860
0.43, 29.30, 11.63, 340.58, 98, 84, 19569692
0.43, 28.32, 11.63, 329.22, 98, 84, 19581516
0.43, 28.32, 10.57, 299.43, 98, 84, 19593352
0.43, 28.65, 10.73, 307.51, 98, 84, 19605172
0.43, 28.65, 11.14, 319.10, 98, 84, 19617004
0.43, 28.65, 10.60, 303.65, 98, 84, 19628824
0.43, 28.97, 10.57, 306.32, 98, 84, 19640648
0.44, 28.32, 11.03, 312.42, 98, 84, 19652476
0.43, 27.99, 10.82, 302.79, 98, 84, 19664304
0.43, 28.65, 11.44, 327.60, 98, 84, 19676136
0.43, 28.65, 11.11, 318.33, 98, 84, 19687956
0.43, 28.32, 11.30, 320.06, 98, 84, 19699792
0.43, 28.65, 10.92, 312.92, 98, 84, 19711612
0.43, 28.97, 11.17, 323.51, 99, 84, 19723444
0.43, 28.97, 11.09, 321.16, 99, 84, 19735268
0.43, 28.32, 11.22, 317.77, 99, 84, 19747100
0.43, 28.97, 11.30, 327.42, 99, 84, 19758920
0.43, 28.97, 11.14, 322.73, 99, 84, 19770748
0.44, 29.95, 10.79, 323.10, 99, 84, 19782584
0.44, 29.62, 10.63, 314.80, 99, 84, 19794404
0.44, 29.30, 11.98, 350.85, 99, 84, 19806236
0.43, 29.62, 10.79, 319.59, 99, 85, 19818052
0.44, 28.97, 10.76, 311.79, 99, 84, 19829888
0.44, 29.30, 11.27, 330.30, 99, 84, 19841708
0.44, 28.97, 10.79, 312.57, 99, 84, 19853540
0.44, 28.32, 11.79, 333.81, 99, 84, 19865364
0.44, 28.65, 11.46, 328.37, 99, 84, 19877196
0.44, 29.62, 10.92, 323.59, 99, 84, 19889020
0.44, 29.62, 11.27, 333.97, 99, 85, 19900844
0.44, 29.30, 10.38, 304.23, 99, 84, 19912680
0.43, 29.95, 11.49, 344.11, 100, 84, 19924500
0.44, 28.65, 10.82, 309.83, 100, 84, 19936336
0.44, 29.30, 11.30, 331.09, 100, 84, 19948156
0.44, 29.95, 10.98, 328.76, 100, 84, 19959988
0.44, 29.62, 11.46, 339.57, 100, 84, 19971808
0.44, 29.95, 11.38, 340.87, 100, 84, 19983644
0.44, 30.27, 11.25, 340.50, 100, 84, 19995460
0.44, 30.60, 10.98, 335.91, 100, 84, 20007300
0.44, 30.60, 10.68, 326.83, 100, 84, 20019108
0.45, 30.60, 11.09, 339.21, 100, 84, 20030940
0.45, 30.27, 10.84, 328.25, 100, 84, 20042768
0.45, 30.27, 10.92, 330.70, 100, 84, 20054588
0.45, 30.27, 11.17, 338.05, 100, 84, 20066420
0.45, 30.60, 10.90, 333.43, 100, 84, 20078240
0.45, 30.27, 11.44, 346.21, 100, 84, 20090072
0.45, 30.27, 10.95, 331.52, 100, 84, 20101892
0.45, 29.62, 11.06, 327.58, 100, 84, 20113724
0.45, 30.60, 11.00, 336.73, 100, 84, 20125544
0.45, 30.60, 11.44, 349.94, 100, 84, 20137372
0.45, 29.95, 11.41, 341.68, 100, 84, 20149200
0.45, 30.60, 11.65, 356.54, 100, 84, 20161020
0.45, 30.27, 11.44, 346.21, 100, 84, 20172856
0.45, 29.95, 10.60, 317.45, 100, 84, 20184676
0.45, 29.95, 11.25, 336.84, 100, 84, 20196508
0.45, 29.30, 11.36, 332.67, 100, 84, 20208328
0.45, 30.27, 10.33, 312.74, 100, 84, 20220156
0.45, 31.58, 11.25, 355.14, 100, 84, 20231980
0.45, 30.92, 10.79, 333.64, 100, 84, 20243804
0.45, 30.60, 10.73, 328.48, 100, 84, 20255632
0.45, 31.25, 11.11, 347.27, 100, 84, 20267472
0.45, 30.27, 11.44, 346.21, 100, 84, 20279288
0.45, 29.30, 11.52, 337.42, 100, 84, 20291108
0.45, 29.95, 11.81, 353.80, 100, 84, 20302940
0.45, 30.27, 10.98, 332.33, 100, 84, 20314764
0.44, 31.25, 10.98, 343.05, 100, 84, 20326596
0.45, 30.27, 11.03, 333.97, 100, 84, 20338416
0.45, 31.25, 10.90, 340.52, 100, 84, 20350252
0.45, 29.62, 10.79, 319.59, 100, 84, 20362072
0.45, 29.62, 10.95, 324.39, 100, 84, 20373900
0.44, 30.92, 10.95, 338.64, 100, 84, 20385732
0.45, 29.95, 11.33, 339.26, 100, 84, 20397556
0.45, 30.27, 10.87, 329.07, 100, 84, 20409408
0.45, 29.62, 11.60, 343.56, 100, 85, 20421208
0.45, 30.27, 11.60, 351.11, 100, 84, 20433044
0.45, 31.58, 11.17, 352.59, 100, 84, 20444868
0.45, 30.92, 10.98, 339.48, 100, 84, 20456700
0.45, 31.25, 10.52, 328.72, 100, 84, 20468524
0.45, 29.95, 11.36, 340.07, 100, 84, 20480348
0.45, 30.27, 11.09, 335.60, 100, 84, 20492180
0.45, 30.60, 10.84, 331.78, 100, 84, 20504004
0.45, 31.58, 11.11, 350.88, 100, 84, 20515840
0.45, 30.92, 11.46, 354.49, 100, 84, 20527676
0.45, 30.27, 10.82, 327.43, 100, 84, 20539492
0.45, 30.92, 11.06, 341.98, 100, 84, 20551308
0.45, 30.92, 10.95, 338.64, 100, 84, 20563144
0.45, 29.95, 10.87, 325.53, 100, 84, 20574964
0.45, 30.92, 11.81, 365.34, 100, 84, 20586796
0.44, 31.58, 11.00, 347.48, 100, 85, 20598616
0.45, 29.95, 10.98, 328.76, 100, 84, 20610444
0.45, 30.27, 11.76, 356.01, 100, 84, 20622276
0.45, 29.62, 10.55, 312.40, 100, 84, 20634096
0.44, 30.60, 10.92, 334.25, 100, 84, 20645928
0.44, 30.27, 10.55, 319.27, 100, 84, 20657752
0.45, 31.90, 11.03, 351.92, 100, 84, 20669604
0.45, 29.95, 10.79, 323.10, 100, 84, 20681408
0.45, 30.27, 10.95, 331.52, 100, 84, 20693240
0.45, 30.60, 11.17, 341.68, 100, 84, 20705064
0.45, 30.60, 10.79, 330.13, 100, 84, 20716888
0.45, 29.95, 10.41, 311.80, 100, 84, 20728716
0.45, 30.27, 11.03, 333.97, 100, 84, 20740544
0.45, 29.95, 10.76, 322.30, 100, 84, 20752380
0.44, 30.60, 11.44, 349.94, 100, 84, 20764200
0.45, 29.95, 11.49, 344.11, 100, 84, 20776036
0.45, 30.60, 10.92, 334.25, 100, 84, 20787856
0.44, 30.92, 10.98, 339.48, 100, 84, 20799692
0.44, 29.62, 11.14, 329.98, 100, 84, 20811516
0.44, 29.30, 11.25, 329.51, 100, 84, 20823344
0.44, 29.95, 10.87, 325.53, 100, 84, 20835168
0.44, 29.95, 11.84, 354.61, 100, 84, 20846996
0.44, 30.27, 10.90, 329.88, 100, 84, 20858828
0.45, 29.62, 11.65, 345.16, 100, 84, 20870648
0.45, 30.60, 10.84, 331.78, 100, 84, 20882484
0.45, 31.58, 10.57, 333.85, 100, 84, 20894304
0.45, 29.30, 11.00, 322.40, 100, 84, 20906140
0.44, 29.95, 10.79, 323.10, 100, 84, 20917960
STOP
0.44, 30.92, 12.25, 378.68, 0, 84, 20929796
0.44, 25.39, 10.95, 278.05, 0, 84, 20941616
0.40, 24.41, 11.79, 287.76, 0, 84, 20953448
0.28, 21.81, 12.76, 278.25, 0, 84, 20965272
0.18, 19.53, 12.35, 241.27, 0, 84, 20977100
0.10, 17.25, 12.14, 209.40, 0, 84, 20988932
0.06, 15.63, 12.19, 190.49, 0, 84, 21000752
0.03, 14.32, 12.22, 175.00, 0, 84, 21012588
0.02, 12.70, 12.22, 155.12, 0, 84, 21024408
0.00, 11.39, 12.16, 138.59, 0, 84, 21036244
0.00, 10.42, 12.11, 126.15, 0, 84, 21048068
-0.00, 9.44, 12.14, 114.58, 0, 84, 21059904
0.00, 8.46, 12.14, 102.73, 0, 84, 21071724
-0.00, 7.81, 12.14, 94.82, 0, 84, 21083552
-0.00, 6.84, 12.14, 82.97, 0, 84, 21095384
0.00, 6.18, 12.14, 75.07, 0, 84, 21107204
-0.00, 5.86, 12.14, 71.12, 0, 84, 21119044
-0.00, 5.21, 12.14, 63.22, 0, 84, 21130864
-0.00, 4.56, 12.14, 55.31, 0, 84, 21142696
-0.00, 4.23, 12.14, 51.36, 0, 84, 21154520
-0.01, 3.91, 12.14, 47.41, 0, 84, 21166352
-0.01, 3.58, 12.14, 43.46, 0, 84, 21178176
-0.01, 3.26, 12.14, 39.51, 0, 84, 21190004
-0.01, 2.93, 12.14, 35.56, 0, 84, 21201832
-0.01, 2.60, 12.16, 31.68, 0, 84, 21213656
-0.00, 2.28, 12.16, 27.72, 0, 84, 21225492
-0.00, 2.28, 12.14, 27.66, 0, 84, 21237316
-0.00, 1.95, 12.16, 23.76, 0, 84, 21249152
-0.00, 1.63, 12.16, 19.80, 0, 84, 21260968
-0.00, 1.63, 12.16, 19.80, 0, 84, 21272800
-0.01, 1.63, 12.16, 19.80, 0, 84, 21284624
-0.01, 1.30, 12.16, 15.84, 0, 84, 21296456
-0.01, 1.30, 12.16, 15.84, 0, 84, 21308276
-0.01, 1.30, 12.16, 15.84, 0, 84, 21320100
-0.01, 0.98, 12.16, 11.88, 0, 84, 21331932
-0.01, 0.98, 12.16, 11.88, 0, 84, 21343752
-0.00, 0.65, 12.16, 7.92, 0, 84, 21355584
-0.00, 0.65, 12.16, 7.92, 0, 84, 21367404
-0.00, 0.65, 12.16, 7.92, 0, 84, 21379240
-0.00, 0.65, 12.16, 7.92, 0, 84, 21391060
-0.00, 0.65, 12.16, 7.92, 0, 84, 21402888
-0.01, 0.65, 12.16, 7.92, 0, 84, 21414712
-0.01, 0.33, 12.16, 3.96, 0, 84, 21426532
-0.01, 0.33, 12.16, 3.96, 0, 84, 21438364
-0.01, 0.33, 12.16, 3.96, 0, 84, 21450188
-0.01, 0.33, 12.16, 3.96, 0, 84, 21462020
-0.01, 0.33, 12.16, 3.96, 0, 84, 21473840
-0.01, 0.33, 12.16, 3.96, 0, 84, 21485676
-0.00, 0.33, 12.16, 3.96, 0, 84, 21497492
-0.00, 0.33, 12.16, 3.96, 0, 84, 21509324
-0.00, 0.33, 12.16, 3.96, 0, 84, 21521144
-0.01, 0.33, 12.16, 3.96, 0, 84, 21532976
-0.01, -0.00, 12.16, -0.00, 0, 85, 21544796
-0.01, -0.00, 12.16, -0.00, 0, 84, 21556620
-0.01, -0.00, 12.16, -0.00, 0, 84, 21568456
-0.01, -0.00, 12.16, -0.00, 0, 84, 21580276
